"","X0","X1","X2","X3","X4","X5","X6","X7","X8","X9","X10","X11","X12","X13","X14","X15","X16","X17","X18","X19","X20","X21","X22","X23","X24","X25","X26","X27"
"1",0.0117325671124474,0.0108213106801659,0.0155515655259492,0.0210168983113646,0.0281934716919329,0.0363571647896416,0.0450772810967877,0.053693537174374,0.0615092528025601,0.0678435586709183,0.0721336411995226,0.074015396323354,0.0733713930069958,0.0703371106788478,0.0652670858532757,0.0586707895435465,0.051133169458461,0.0432357673419177,0.0354916368625569,0.0283024536644326,0.02194021536789,0.0165502480753905,0.0121715417880873,0.00876028768102609,0.00623511883913544,0.00446912491457323,0.00311754808331624,0.0030008634615209
"2",0.00735101168641351,0.00713263550127617,0.0107029308869949,0.015166437170274,0.0212160348204941,0.0284854356548901,0.0367120023330429,0.0454036298994269,0.0539476621140978,0.0616574739665608,0.0678681520254326,0.0720324897448118,0.0738003011249141,0.0730646637054587,0.0699672898438797,0.0648645633440216,0.0582640071191854,0.0507459308821409,0.0428859793450974,0.0351919793259108,0.0280630337554085,0.0217718855917521,0.0164707990714447,0.0122034263601821,0.008957277590781,0.00663021653428874,0.00475335864540822,0.00468939195640199
"3",0.00418874268362682,0.0043313105925963,0.00684669455761364,0.0102497440846806,0.0150436046024407,0.0211416404041923,0.0284574237218961,0.036696295018814,0.0453932196959705,0.0539373136206946,0.0616448835004012,0.0678527959065038,0.0720149569881236,0.0737816995524794,0.0730462134608883,0.0699500971705719,0.0648495787685755,0.0582522068973252,0.0507388891402509,0.0428876981681038,0.0352124017776248,0.0281215334064634,0.0219046431438466,0.0167239187266007,0.0126731999612831,0.00969551939017669,0.00714387201343799,0.00721990304480932
"4",0.00225273816165677,0.00249585800244424,0.00416787374019751,0.00660125285976592,0.0101820188273659,0.0150018598214256,0.0211245165111848,0.028447794650644,0.036691262553865,0.045390503530448,0.0539357285443171,0.0616438093278827,0.0678519577234821,0.0720142625239039,0.0737811645871712,0.0730459738587721,0.0699505466705458,0.0648517457527924,0.0582586929529342,0.0507567860535815,0.0429341207645547,0.0353197894246437,0.0283485491592654,0.0223236828096864,0.0174829885165436,0.0138332380157046,0.0104738678460662,0.0108374168091464
"5",0.00114726374325398,0.00136663491462116,0.00241478414645801,0.00404886311221067,0.00657115257813101,0.0101642330534318,0.0149953360620796,0.0211209999256487,0.0284460931945418,0.036690462335415,0.0453901483701116,0.0539355778403541,0.061643754279675,0.0678519711989945,0.0720144050757968,0.073781678959525,0.0730475614070414,0.0699550345793678,0.0648636728594884,0.0582899983168352,0.0508354618860208,0.0431121635196053,0.0356888429803426,0.0290182247039061,0.0235139947359978,0.0192555140825936,0.0149785777541654,0.0158575943843787
"6",0.00055283952987938,0.000710006973021202,0.00132917503495567,0.00236063033577225,0.00403637082099018,0.00656408738886707,0.0101619718932408,0.0149941561093221,0.0211204521257094,0.0284458440528214,0.0366903571922014,0.045390110041382,0.0539355808053444,0.0616438251337823,0.067852247039976,0.0720153217121674,0.0737844568161709,0.073055337670785,0.0699754665386143,0.064916272814041,0.0584192857007704,0.05112248991056,0.0436961173312513,0.0367307681093095,0.030835161695576,0.0261508038101985,0.0208936813197399,0.022617182093542
"7",0.000251776816111723,0.000349402071617286,0.000693791940946206,0.00130597751107652,0.00235573102106796,0.00403371550256681,0.00656336308060375,0.0101616065754697,0.0149939937968148,0.0211203804042267,0.0284458156782275,0.0366903528131745,0.0453901384365169,0.0539357101277643,0.0616442973017812,0.0678538015491732,0.0720200074358593,0.0737974881153446,0.0730892424854556,0.0700612450069818,0.0651228153484315,0.0588695018250692,0.0520219088328669,0.0452743045490376,0.039430378421256,0.0346537186070853,0.0284276336411737,0.0314419011042911
"8",0.00010824245536488,0.00016260934447098,0.000342829095557956,0.00068444584175823,0.00130416019034392,0.00235478501109244,0.00403350139604773,0.00656325921499919,0.0101615629124404,0.0149939754248294,0.021120375295091,0.0284458250265955,0.0366904060744784,0.045390354265844,0.053936488181225,0.061646846886044,0.0678614504556192,0.0720411498595179,0.0738520015968246,0.0732249944093843,0.0703819373724398,0.0658097389272851,0.0602177153599019,0.054348793203832,0.0491783414849966,0.0448133697336641,0.0377279232536759,0.0426029177266673
"9",4.38743831607372e-05,7.14585053596091e-05,0.000160116556398777,0.000339292104593925,0.000683808361779303,0.0013038403067404,0.00235472658037379,0.00403347429895416,0.00656324867253601,0.0101615592079382,0.0149939776985591,0.021120394401201,0.0284459119642895,0.036690751642848,0.0453915939362304,0.0539405345585484,0.061658932014848,0.0678946636459367,0.0721260748635312,0.0740604568964487,0.0737088094313015,0.0714011875442467,0.0677762087876183,0.0635568301554634,0.0598436155153245,0.0565647504152562,0.0488447667119198,0.0562651408385856
"10",1.67451360936794e-05,2.96071184513298e-05,7.05750742596464e-05,0.000158861119876371,0.000339080844348848,0.000683705684307864,0.00130382555449222,0.00235472009221151,0.00403347213208907,0.00656324886467344,0.0101615651099831,0.0149940083616638,0.0211205297142874,0.0284464467105521,0.0366926628371248,0.0453978090121011,0.0539590174039777,0.0617094536249534,0.0680228519588249,0.0724366094643186,0.0747695070158687,0.0751792230612767,0.0741916249504122,0.0724393775659861,0.0710835728792996,0.0697093354978989,0.061698203693304,0.0724343595173549
"11",6.00915450670593e-06,1.15482268811479e-05,2.93149771584663e-05,7.01578715509163e-05,0.000158795100430532,0.000339049600381518,0.000683702230414381,0.00130382414608211,0.00235471989852344,0.00403347366744926,0.00656325827339134,0.0101616115398104,0.014994211740961,0.0211213303114567,0.0284492980812267,0.0367019019641025,0.0454251726150059,0.0540334338415901,0.0618969248101799,0.0684715751746231,0.0734458408502214,0.0768315546298092,0.0790309009619234,0.0805287266903635,0.0824735090338533,0.0839109712326719,0.0760559250995075,0.0909132582759154
"12",2.02441215449632e-06,4.23383108893334e-06,1.14582447880082e-05,2.91854410086314e-05,7.01384700104581e-05,0.000158786113540304,0.000339048852349681,0.000683701988620265,0.00130382446652953,0.00235472239173864,0.0040334875440853,0.00656332606698836,0.0101619072146948,0.0149953715214059,0.0211254471000918,0.0284625914286005,0.0367411198883813,0.045531318371544,0.05429907430844,0.0625258184399416,0.0698665013890288,0.0762564006091836,0.0820025806285918,0.0874109894023566,0.0935485647150328,0.0987114411127703,0.0915291074664295,0.111277828580596
"13",6.39096848756876e-07,1.45656326569745e-06,4.20807635838263e-06,1.14207600379531e-05,2.91800982210843e-05,7.01360372080887e-05,0.000158785969745653,0.000339048876708855,0.000683702554229312,0.00130382805673037,0.0023547420763265,0.0040335832467675,0.00656374190645152,0.0101635329009635,0.0150011237428785,0.0211439604493172,0.0285170087712192,0.0368877461554416,0.0458960287892193,0.055153928387672,0.0643978787811007,0.0735894518084947,0.0830085146920132,0.0927864990504304,0.103856909136438,0.113566831813706,0.107591544586527,0.132884567615671
"14",1.88675608882092e-07,4.69363874174564e-07,1.4497333167248e-06,4.19799659244181e-06,1.14193873138241e-05,2.91794824178805e-05,7.01360220390419e-05,0.00015878607324663,0.000339049675653481,0.000683707501040353,0.00130385503432666,0.00235487273282725,0.00403414905031071,0.00656594702709446,0.0101713120900626,0.0150260836261866,0.0212170737523303,0.0287131914328064,0.037372979499252,0.0470230928361622,0.0575934307531622,0.069190696351176,0.0821651681363558,0.0965150222286939,0.113015091762325,0.12790148975444,0.123623423480948,0.154914536540428
"15",5.19623809726167e-08,1.41375724903738e-07,4.67691878799102e-07,1.44722356732293e-06,4.19766927536542e-06,1.1419243588041e-05,2.91794962567308e-05,7.01361728270447e-05,0.000158787141792969,0.000339056253672639,0.00068374324402609,0.00130402757558702,0.00235561766662021,0.00403704410383294,0.00657613195567461,0.0102038970315395,0.0151212262702261,0.0214713827855595,0.0293389490456969,0.0388145236356499,0.0501102512204951,0.0635909597388551,0.0797871498198701,0.0986346514275236,0.120754771663015,0.14117192697179,0.138975760027593,0.176453101585473
"16",1.33118377858272e-08,3.97080688473188e-08,1.40999588471284e-07,4.6711571752224e-07,1.44715169426193e-06,4.197640107087e-06,1.14192673622649e-05,2.91796929195781e-05,7.01375498896487e-05,0.000158795595140429,0.000339102056746052,0.000683963733904167,0.00130497699646097,0.00235929801045452,0.00404995891884226,0.00661734095269878,0.0103238631152705,0.0154407464450809,0.0222538941505273,0.0311282628087176,0.042609727566255,0.0574078514718186,0.076334291950432,0.0993486928935393,0.126951037292687,0.152929758563187,0.153046009816488,0.196595385224556
"17",3.16148728169871e-09,1.03702068394211e-08,3.9630730087097e-08,1.40878255065322e-07,4.67101462308486e-07,1.44714863633451e-06,4.1976706387078e-06,1.14195127329439e-05,2.91814078099263e-05,7.01480585589624e-05,0.000158852408940168,0.000339374910588534,0.00068513589301954,0.00130951032836548,0.00237516923721694,0.00410047748031046,0.00676400622657079,0.0107132203835873,0.0163902048790521,0.0244105457573813,0.0356632326819571,0.051248776176401,0.072332878359433,0.0989825713203409,0.131626321642256,0.162871809746092,0.165351346678714,0.214559510949247
"18",6.93315413557351e-10,2.50981386047845e-09,1.03557650887521e-08,3.96074423832439e-08,1.40875947162549e-07,4.67104276525223e-07,1.4471854728555e-06,4.1979664175682e-06,1.14215801179258e-05,2.91940623139684e-05,7.02163532487322e-05,0.000159179743036045,0.000340778200583642,0.000690551822896632,0.00132843128486067,0.00243525961107292,0.00427449298369168,0.00722459549487043,0.0118320348014585,0.0189165410036669,0.0296822474586519,0.045622149015044,0.0682885901804166,0.0979205587302915,0.134929639593301,0.170867523222947,0.175585030089354,0.229785258469716
"19",1.39756942848376e-10,5.60695617933707e-10,2.50738365195585e-09,1.03517380691006e-08,3.96074217301022e-08,1.40880359676803e-07,4.67147215484026e-07,1.44753124035543e-06,4.20038456951139e-06,1.14363691504121e-05,2.9273754787586e-05,7.05976250425971e-05,0.000160811158748113,0.000347062440433468,0.000712463071103384,0.00139787357389666,0.00263589300418971,0.00480409812963648,0.00850659654083915,0.014711819517617,0.02488548280132,0.0408755802506359,0.064610948420683,0.0965374474280354,0.137096880965476,0.176958509420543,0.183644017645721,0.241996898771753
"20",2.57607708892004e-11,1.15094872992558e-10,5.60331569198983e-10,2.50678378481525e-09,1.03521434119088e-08,3.96125797524026e-08,1.4092906753105e-07,4.67540528994927e-07,1.45028283851484e-06,4.21719718680626e-06,1.15268275743252e-05,2.97057719639614e-05,7.24428025107877e-05,0.000167905798849482,0.000371753481370706,0.000790563678255674,0.00162304457220941,0.00322881607928322,0.00623495950799924,0.0117062900758994,0.0213055289502462,0.0371720501044366,0.0615654116711415,0.0951411418186028,0.138402277847331,0.181331432645159,0.189622321821803,0.251216497423041
"21",4.31653854490951e-12,2.15949700934901e-11,1.15048385822203e-10,5.60281393459363e-10,2.50728921278967e-09,1.03578605080194e-08,3.96665865533537e-08,1.41365850466136e-07,4.70595113413481e-07,1.46892243389953e-06,4.31731526320338e-06,1.20041098756575e-05,3.17405894831911e-05,8.02527309838669e-05,0.000195038429341713,0.000457422432905609,0.00103707756898954,0.00227075052790425,0.00478768838381623,0.00970756360092733,0.0188276363396222,0.0345046079059612,0.0592610572851683,0.0939382504042727,0.139112515943318,0.184271468601215,0.19377270001835,0.257725773696221
"22",6.53189643087608e-13,3.68169747976704e-12,2.15917492739524e-11,1.15078577143773e-10,5.60834603468161e-10,2.51349775739425e-09,1.04166067574992e-08,4.01416165997201e-08,1.4468347883999e-07,4.90803097883732e-07,1.57725344173259e-06,4.8327627359873e-06,1.41976469312152e-05,4.01452207702045e-05,0.000109402932500736,0.000286924839185832,0.000721367990023672,0.00172925779961668,0.00393285258834635,0.00847853339316186,0.0172465218688174,0.0327403855782294,0.0576717437722647,0.0930274783086331,0.139452908609523,0.186107444785441,0.196446621110221,0.261987114280012
"23",8.86065043879967e-14,5.66637921775961e-13,3.68374425371407e-12,2.16343688003322e-11,1.15671326726431e-10,5.67485078661589e-10,2.57636249230896e-09,1.09239523753667e-08,4.36768438163625e-08,1.66167398797307e-07,6.05725183915491e-07,2.12298239277682e-06,7.15101083534541e-06,2.30655736327176e-05,7.08550850457529e-05,0.000206061151177254,0.000564155930695402,0.00144720674358914,0.00346889914814238,0.00778615385646797,0.0163250229472242,0.0316783657452456,0.0566797748283236,0.0924172040319163,0.139590418162362,0.187160715617019,0.198027371358407,0.264544626048648
"24",1.06886023086513e-14,7.82300034881222e-14,5.69380013831814e-13,3.73020593957161e-12,2.22633130741781e-11,1.22705593504211e-10,6.33760642725486e-10,3.10955749932667e-09,1.4628702711773e-08,6.61342845015694e-08,2.8603389334505e-07,1.17385231532789e-06,4.53237500929897e-06,1.63540117179681e-05,5.48929286108395e-05,0.000170902829712156,0.000492651723538112,0.00131351397684964,0.0032405704642003,0.0074336574252777,0.0158412329775734,0.0311044123165026,0.0561265875996054,0.0920573060085533,0.139632912867625,0.187707418032984,0.198871610049202,0.265929899871163
"25",1.13965856815824e-15,9.70895509237012e-15,8.11939404326482e-14,6.18507136307995e-13,4.38983388031134e-12,2.96043692338718e-11,1.91588301616866e-10,1.18604354144121e-09,6.93609603516483e-09,3.77700492531698e-08,1.89410226517292e-07,8.69364678067476e-07,3.64427989817593e-06,1.39570990161873e-05,4.89129256319205e-05,0.00015713767386906,0.000463502913509077,0.00125697158131525,0.00314072914599336,0.00727481307457601,0.0156171971434514,0.0308317353946476,0.0558565501350871,0.091873560579735,0.139639891809029,0.187958538442101,0.199269864555007,0.266591888353743
"26",1.1074547791485e-16,1.1863221309346e-15,1.28334699066456e-14,1.32431535186228e-13,1.30164858387982e-12,1.19539315730132e-11,1.00303953055942e-10,7.56720222777186e-10,5.0922348764405e-09,3.05140062608879e-08,1.63177812557886e-07,7.82079314192121e-07,3.37670051207526e-06,1.32012325785354e-05,4.69468227295886e-05,0.00015243639063113,0.000453196669469664,0.0012363410528571,0.00310324758100131,0.00721362597915643,0.0155288547113037,0.0307218246764602,0.055745172419428,0.0917949998369891,0.139638126634631,0.188056995339478,0.199429816273122,0.266860855945856
"27",1.47448565128302e-17,2.61985899818465e-16,4.44177824932414e-15,6.56805533811768e-14,8.32367512894191e-13,9.01613447771037e-12,8.38205743915596e-11,6.73356763086413e-10,4.7103191888936e-09,2.89222507915799e-08,1.57121101212398e-07,7.60982029464561e-07,3.30930618200205e-06,1.30036393451362e-05,4.64152444694773e-05,0.000151125867414969,0.000450243043892263,0.00123027834299028,0.00309197923103165,0.0071948472118362,0.0155012256190443,0.030686833912321,0.0557090536781291,0.0917688066791375,0.139636374018316,0.188087666485452,0.199480673852782,0.266947211364859
"28",7.52830145399908e-18,1.8175772627723e-16,3.62435517745546e-15,5.84889048886954e-14,7.77165987230944e-13,8.64315661746956e-12,8.15848372744268e-11,6.61384419155279e-10,4.65269022463731e-09,2.8671545797703e-08,1.56130841295342e-07,7.57417552204369e-07,3.29758331771857e-06,1.29683628375024e-05,4.63180924646185e-05,0.000150881233511345,0.000449681034728064,0.00122910453965425,0.00308976286337986,0.00719110018950925,0.0154956394383556,0.0306796703962299,0.0557015628290997,0.0917632705002835,0.139635841544256,0.188093852310314,0.19949108561486,0.266965015842115
