"","X0","X1","X2","X3","X4","X5","X6","X7","X8","X9","X10","X11","X12","X13","X14","X15","X16","X17","X18","X19","X20","X21","X22","X23","X24","X25","X26","X27"
"1",0.0348667356972953,0.0220958338842032,0.026857648481133,0.0323648078295362,0.0378783928429145,0.0433432682856582,0.0486096052598331,0.0534182121340627,0.0574531412449066,0.0604044187868897,0.0620322663644414,0.0622035119571795,0.0609044970869204,0.0582358179787858,0.0543936319660357,0.0496425689036087,0.0442845223711401,0.0386274620812219,0.0329580848197209,0.0275217119243171,0.0225118686130965,0.0180721574104649,0.0143027423639679,0.0112736042392834,0.00907822847383894,0.00724607178599785,0.00547116187626233,0.00394802533727315
"2",0.0260864170731882,0.0169749894877334,0.0211535424601715,0.0261706893699258,0.0314941512954243,0.0370628400196445,0.0427190329073042,0.0481983837808941,0.0531711199512514,0.0572942346093769,0.0602683785504988,0.0618773149299499,0.0620107965228734,0.060672307956186,0.0579730992382811,0.0541149903939491,0.0493648824722335,0.0440247571649949,0.0384015028906404,0.0327813224277638,0.0274129677099534,0.0225048785515192,0.0182267851782294,0.014720149890163,0.0121647689603949,0.00993610412931779,0.00763894060390743,0.0055806514742186
"3",0.0186024731975946,0.0124905035813336,0.0160166933766567,0.0204092723010907,0.0253238282928258,0.0307185704242085,0.0364583454954697,0.0423048010265616,0.0479442435229442,0.0530272966961826,0.0572165143850048,0.0602262466252686,0.0618533306173277,0.0619970584854785,0.0606669199210733,0.0579779029104038,0.054134363466798,0.0494051128066497,0.0440938592322012,0.0385106751721602,0.0329504683755372,0.0276864473483985,0.0229665259594464,0.0190200928739516,0.0161407548507746,0.0134920810285449,0.0105588967998445,0.00780672122625743
"4",0.0128752822909093,0.00894074868570656,0.0118115955311414,0.0155126223677761,0.0198510158512171,0.0248207562288378,0.0303318085253432,0.0361974317423698,0.0421485086987148,0.0478597013679757,0.0529859562700356,0.0571990937048432,0.0602222191128263,0.0618587710325947,0.0620126501998867,0.0606968320027537,0.0580292630476225,0.054216882219609,0.0495308879136564,0.0442791771894217,0.0387833078225457,0.0333710919712417,0.0283688844269329,0.0241047574316643,0.0210112587803053,0.0179699209869624,0.0143084501457363,0.0107011244513588
"5",0.00865757062692197,0.00622944696655736,0.00848551125110297,0.0114902377847179,0.0151643371098981,0.0195413847695559,0.0245854540979397,0.0301749785490127,0.0361049503819649,0.0420997750134724,0.0478374037201839,0.0529790225773987,0.0572024362862208,0.0602356648530869,0.0618862382996854,0.0620618954694723,0.0607794057334117,0.0581602015878342,0.0544142862171814,0.049817948259761,0.0446935265189075,0.0394054957098131,0.034351286150938,0.029962316118482,0.0268320612076576,0.0234719248474008,0.0190048541473999,0.0143703857440095
"6",0.00565393392658434,0.00422292809735234,0.00593501808012701,0.00828813435826406,0.0112807600052574,0.0149805212202707,0.0194032322714004,0.0244944524941218,0.0301222361065533,0.03607822651028,0.0420893142683715,0.0478377714121022,0.0529892127924694,0.0572257057004306,0.0602796689351527,0.0619635083211523,0.0621901610133881,0.0609811695243715,0.0584617955991708,0.0548478698471667,0.0504330813191538,0.0455941224662019,0.0407842398825125,0.0365352126511357,0.0336176894991069,0.0300663419651455,0.0247401454522439,0.0189035462805012
"7",0.00358475136666881,0.00278391866201195,0.00403904819577965,0.0058180890290047,0.00816660029025707,0.0111754922918426,0.0149022972628159,0.0193524083920433,0.0244657908425563,0.0301090048460719,0.0360756831530145,0.0420960198460741,0.0478561370985689,0.0530261417561332,0.0572935895955348,0.0603975370719128,0.0621576261728528,0.0624932581958678,0.0614305571771176,0.0591009141032044,0.0557400904840193,0.0517085174382954,0.0474929915637498,0.0437143202681576,0.0413285382638589,0.0377701679808152,0.031563527521049,0.0243569811307105
"8",0.00220581972180742,0.00178392959271716,0.00267303212342473,0.00397225307605466,0.00575011238236894,0.0081085089395443,0.0111328851208941,0.0148751877920974,0.0193380299519473,0.0244610014071264,0.0301124787040664,0.0360891029183399,0.0421251395308657,0.0479122217346083,0.0531278215353178,0.0574686841312701,0.0606838421714577,0.0626014929465154,0.0631462013008593,0.0623497117984072,0.0603648445709124,0.0575066757913639,0.0542683633191037,0.0513404900339321,0.0498631035593327,0.0465348183542765,0.0394648744158625,0.0307393730755145
"9",0.00131687751713699,0.00111067754480845,0.00171937412129232,0.00263625771575313,0.00393563393687278,0.00571928580812546,0.00808631760771053,0.0111193768721275,0.0148692621360033,0.0193389484383002,0.0244699783872989,0.0301340311988664,0.0361327297060479,0.042207624013286,0.0480604165512682,0.0533811890156815,0.0578801629367239,0.0613173790399848,0.0635263916313695,0.0644355955592154,0.0640978693583375,0.0627570488135083,0.0608835810129886,0.0592122747340028,0.0590557646214553,0.0562361685243025,0.0483612162382592,0.0379985669592616
"10",0.000762534335126154,0.000671598305159263,0.00107440567408291,0.00169987806961767,0.00261729433323903,0.00391998344798344,0.00570842129434042,0.00808049078099018,0.0111186612217389,0.0148746740576097,0.0193538848928409,0.0245019378382211,0.0301970361281733,0.0362506176389714,0.0424178866838049,0.048417511594064,0.0539573359430025,0.0587613166043283,0.0625943805111864,0.0652902996880653,0.0667956477297765,0.0672638656604808,0.0671152499032857,0.0670996427592865,0.0686815941504372,0.0666716049491938,0.0580892161547788,0.0460130296502037
"11",0.000428152103555481,0.00039425409071717,0.000651938201765003,0.00106447127916451,0.00169048247985727,0.00260980222822447,0.0039152603266345,0.00570700221009179,0.00808336657008081,0.0111283264001595,0.0148967079855997,0.0193992225605384,0.0245901875653855,0.0303609228387376,0.0365410262865809,0.0429079906547347,0.0492032891888406,0.0551513601114005,0.0604795967580799,0.0649471552085541,0.068399492149243,0.0708897516145045,0.0727656370861815,0.0747624776767437,0.0784688627462476,0.0775662245796392,0.0684064350841769,0.0545906040145503
"12",0.000233054950498896,0.000224612447980402,0.000383983603628105,0.000647095589874305,0.00106007758903036,0.00168725783487132,0.00260841051340542,0.0039165699344093,0.00571282833607574,0.00809764707057322,0.0111590527773054,0.0149589063314998,0.0195193320114194,0.0248118363386709,0.0307513254083455,0.0371959435137525,0.0439516923248858,0.0507794369737166,0.0574043054317066,0.063539065804871,0.0689437650845694,0.0735715941703249,0.0776827999041234,0.0819716648197236,0.0881187327129202,0.0885891883053762,0.079003255293003,0.0634765649234276
"13",0.000122955609611662,0.000124149230771304,0.000219451995118975,0.000381755763940627,0.000645240120642843,0.00105906502890264,0.00168776425463181,0.00261168399033042,0.00392526057389821,0.00573242563577721,0.00813891264892416,0.0112418568894888,0.0151178310154333,0.0198109527272367,0.0253225974515214,0.0316033007089923,0.0385459095320278,0.0459783233292308,0.0536577826968716,0.0612827422874524,0.0685512757570958,0.0753264740108475,0.0817751518437942,0.0885298764443167,0.0973303190355105,0.0993795855742031,0.0895257200656543,0.0723716357777624
"14",6.28625646254094e-05,6.65571062201978e-05,0.000121668763678306,0.000218525982752012,0.000381169544961082,0.000645409855024209,0.0010607936570244,0.00169272844480312,0.0026234349468223,0.00395101541776535,0.00578611698054419,0.00824600630501638,0.0114463237386881,0.0154910755735949,0.0204612449639927,0.026401547580528,0.0333036661542681,0.0410843244175115,0.0495617514325728,0.0584512036874176,0.0674159853787408,0.0762461668880424,0.0850178707482948,0.094288983237409,0.105828090689983,0.109579261399727,0.0996074549786276,0.0809587595613539
"15",3.11419182026765e-05,3.46040596960572e-05,6.54338165517117e-05,0.000121379254360929,0.000218586338272392,0.000382035612693738,0.000648075656329383,0.00106741221080974,0.0017078362709996,0.00265616156131109,0.00401883359483811,0.00592073784219251,0.00850182544166323,0.011911085202605,0.0162968755550581,0.0217915810225341,0.0284874731790104,0.0364013596768519,0.0454325151468728,0.0553388765369855,0.0657756595517347,0.0764809242871988,0.0874500206731684,0.0991614404172977,0.113387778533612,0.118868288686921,0.108906672303629,0.0889353856485888
"16",1.49500554415383e-05,1.74507016281068e-05,3.41473572953678e-05,6.54585808045823e-05,0.00012179549147269,0.000219933946745946,0.000385536324560381,0.000656397763045464,0.00108615059814951,0.00174817997404261,0.00273939628311214,0.0041833702002578,0.00623208363252366,0.0090650033533106,0.0128831544483492,0.017894373029353,0.0242846715651223,0.0321718311150447,0.0415458972577128,0.0522251770033197,0.0638792202348257,0.076215452815358,0.0891630719047434,0.103123977711367,0.119856798194048,0.126997609614601,0.11714257356365,0.096046337280106
"17",6.95869753265964e-06,8.54364147563927e-06,1.73145673566545e-05,3.43369079749125e-05,6.61007649825961e-05,0.000123533795697075,0.000224236183099462,0.000395608117590114,0.000678932665220111,0.00113447182933706,0.0018475113890551,0.00293503153398414,0.0045521548549052,0.00689653281367243,0.0102072158775437,0.0147524418603645,0.0207991346137996,0.0285583061015064,0.0381105322357451,0.0493428076151293,0.0619546986752329,0.0756416580400243,0.0902832222808523,0.106213277135913,0.125165837545265,0.13381325490787,0.124124827243555,0.102111518105306
"18",3.14632885723796e-06,4.07203739922324e-06,8.56133741116806e-06,1.76016351383264e-05,3.51471775842803e-05,6.81871847366769e-05,0.000128613577818085,0.000236051472516647,0.000421944999585432,0.000735229044477047,0.00124983585107087,0.00207398609905759,0.00336050562165193,0.00531604757822591,0.00820492126240212,0.012340450335507,0.0180545961512045,0.0256379620743558,0.0352533554078011,0.0468559955298299,0.0601835231666644,0.074933332622644,0.0909510971113425,0.108514749314674,0.129329653161666,0.139267685223456,0.129770567052392,0.10704318164052
"19",1.38919334498571e-06,1.90329342118491e-06,4.16581929373098e-06,8.91522365660639e-06,1.85507636087089e-05,3.75510293134753e-05,7.4002021237738e-05,0.000142091854242221,0.000266014176404929,0.000485824557237229,0.000865778705089368,0.00150539514551135,0.00255267649866596,0.00421728952008303,0.00677885105496302,0.0105820633829817,0.0160076662287993,0.0234093602719978,0.0330186556967231,0.0448517261394519,0.0586853636925694,0.0742273365332934,0.0913027114817653,0.110146692090932,0.132437040033639,0.143416097810596,0.134105567179647,0.110849320601522
"20",6.07467313168106e-07,8.88414753717047e-07,2.0375055732763e-06,4.57069634090886e-06,9.98292263549402e-06,2.12380300161794e-05,4.4030863280523e-05,8.89871433636068e-05,0.00017533273045722,0.000336726325217068,0.000630002950220516,0.00114732948387488,0.00203142593904729,0.00349169483670005,0.00581609033277944,0.00936963675482404,0.0145671868589397,0.021808921228327,0.0313793293790967,0.0433441683422203,0.0575152320639746,0.0736140650580539,0.0914549333418764,0.111242778008591,0.134632009525942,0.146398595983742,0.137249543801046,0.113622654011784
"21",2.72345378287919e-07,4.31203901765014e-07,1.04634976235906e-06,2.48288952787353e-06,5.73791133577023e-06,1.29122489756474e-05,2.82877718035244e-05,6.03054890425413e-05,0.000125024780385125,0.000251852707524743,0.000492443066945979,0.000933464640544273,0.00171308724326899,0.00303912108015317,0.00520349124645387,0.00858342206121106,0.0136159467136254,0.0207329873750836,0.0302567127040984,0.0422897352852225,0.056671730065496,0.0731376576030867,0.0914973069445782,0.111935807923424,0.136089855298768,0.148412058895087,0.139388961136983,0.115517857018324
"22",1.34345785861557e-07,2.33674315088174e-07,6.04322286077943e-07,1.52347532067997e-06,3.72992774161944e-06,8.86243011838472e-06,2.04212130120667e-05,4.55985496656163e-05,9.85824640383617e-05,0.000206176999540737,0.000416734322567439,0.000813232652031003,0.00153049513620343,0.00277458098031528,0.00483897755614844,0.00810765762356045,0.0130309902161617,0.0200608887769524,0.0295441295916295,0.0416083091260256,0.056113039960139,0.072804158537898,0.0914904154096878,0.112345022088554,0.136992547703613,0.149677522264639,0.140743277077268,0.116722153574774
"23",8.00751709337359e-08,1.52383793872354e-07,4.16916243681689e-07,1.10518992834082e-06,2.83070686082689e-06,7.00162453561059e-06,1.67167285963366e-05,3.85083955998686e-05,8.55469005778073e-05,0.000183177706955712,0.000377841036222949,0.000750289023604407,0.00143319126499173,0.00263123440738118,0.00463833689211886,0.00784188095454981,0.0126995861627026,0.0196748770174256,0.0291291659360931,0.0412053895482778,0.055775934985141,0.0725942388411334,0.0914694511671956,0.112568253004793,0.137507745806185,0.150409575680144,0.141531777477893,0.117425694165877
"24",5.99031527663375e-08,1.20881286377075e-07,3.42295187872989e-07,9.34368544107824e-07,2.45451300117102e-06,6.20505127462282e-06,1.509587417555e-05,3.53411583345804e-05,7.96082858189429e-05,0.000172503696736521,0.000359472240278416,0.00072006886942836,0.00138574796318734,0.00256032331547842,0.00453772711934038,0.00770689494513109,0.0125292118180084,0.0194740807388005,0.0289107377367584,0.0409905454389737,0.0555931544953908,0.0724766068933546,0.0914507586024508,0.112679074281044,0.13777455830316,0.150793283420395,0.141947422855935,0.117797664935366
"25",5.29449682117654e-08,1.09606233321016e-07,3.14944377407596e-07,8.70357296438141e-07,2.3105574193214e-06,5.89411675031187e-06,1.44511799118131e-05,3.40587971063579e-05,7.71631637500496e-05,0.000168038849887055,0.000351673682270742,0.000707058465190502,0.00136505357393071,0.002529010665768,0.00449278581273044,0.00764594067836695,0.012451480629462,0.0193815517110848,0.0288090712905045,0.0408894594645698,0.0555059646131983,0.0724190225788904,0.0914390291679139,0.112728053180658,0.137897133452111,0.15097142964387,0.142141350615057,0.117971666256717
"26",5.07899245169967e-08,1.06004103406756e-07,3.06030653657558e-07,8.49107453674615e-07,2.26192918532137e-06,5.78734200840614e-06,1.42263301147732e-05,3.3604954910839e-05,7.62857931153801e-05,0.000166415828430009,0.000348804032280247,0.000702215857408173,0.00135726768105014,0.00251711043656486,0.00447554345387756,0.00762234472977359,0.0124211331495324,0.0193451282123016,0.0287687192854619,0.0408489803752203,0.0554706601291574,0.0723952301146533,0.0914333745603179,0.112746645855958,0.13794528575331,0.151042043627688,0.142218541266755,0.118041077368786
"27",5.02301636049575e-08,1.05045531044637e-07,3.03621553847716e-07,8.43281403234603e-07,2.24841571296748e-06,5.75729019846196e-06,1.41622826928347e-05,3.34742111082302e-05,7.6030334062917e-05,0.000165938504704777,0.000347952090450258,0.000700765392407155,0.00135491614534688,0.00251348803161172,0.00447025610104567,0.00761505848034521,0.0124116996475128,0.019333732869469,0.0287560132099829,0.0408361459360239,0.0554593701457624,0.0723875053784053,0.0914313460287866,0.112752292144855,0.137960330833609,0.151064266494652,0.142242914917557,0.118063032935043
"28",5.01302471435269e-08,1.04871607218319e-07,3.0317985215895e-07,8.42202841342174e-07,2.24589114762987e-06,5.75162766244593e-06,1.41501166520504e-05,3.3449186055958e-05,7.59810857465686e-05,0.000165845860294442,0.000347785679664177,0.000700480367776454,0.00135445143979095,0.00251276836374565,0.00446920037332442,0.00761359670212206,0.0124097984739903,0.0193314261749886,0.0287534298063985,0.0408335240836145,0.0554570503614535,0.0723859020553294,0.0914308987759988,0.112753411141804,0.137963374035467,0.151068784300401,0.14224788148328,0.118067512228741
