"","X0","X1","X2","X3","X4","X5","X6","X7","X8","X9","X10","X11","X12","X13","X14","X15","X16","X17","X18","X19","X20","X21","X22","X23","X24","X25","X26","X27"
"1",0.146370285335755,0.0602655865797976,0.0554118418227453,0.0513216725973521,0.0528555289730893,0.0547088026981949,0.0559516609393128,0.0562261574725415,0.0554484175046466,0.0536430802568609,0.0509046509283636,0.0473822797763229,0.0432636536513978,0.038756999332152,0.034072678944479,0.0294064250292576,0.0249264331526284,0.0207634405352954,0.0170051620672658,0.0136970762863052,0.0108430849232249,0.00841124476416566,0.0063632561584874,0.00464525689873698,0.00322083209436228,0.00208502149126472,0.00125680086056902,0.000792668925413345
"2",0.121209875157678,0.0516813007831506,0.0488991501878253,0.0467482123367495,0.0492846107363291,0.0520947052047541,0.0543549827857732,0.0557036794868728,0.0560092407705212,0.0552395203974776,0.0534347718999484,0.0506986435162524,0.0471864254249014,0.0430895801547074,0.0386177477047746,0.0339803160065401,0.029370464728649,0.0249506873721174,0.0208423152515971,0.0171226423130841,0.0138212528696513,0.0109236479417733,0.00840905045933028,0.00623462558815475,0.00438002210502142,0.00286579339711465,0.0017419029272103,0.00110483249202806
"3",0.0975928337645646,0.0432692686305059,0.0422167642216068,0.0417062116430117,0.0450466996219438,0.0486643962310926,0.0518443516781798,0.0542271447987578,0.0556371449351875,0.0559837985290125,0.0552461023516995,0.0534706558331466,0.0507656852773821,0.0472898626621838,0.0432365116684649,0.0388150495177484,0.0342331485876704,0.0296781054276394,0.0253012582370866,0.0212111198163624,0.0174641876826898,0.0140655867228135,0.0110177287817105,0.00829495056925953,0.0059029584689341,0.00390241381377826,0.00239117819843057,0.00152488232912419
"4",0.0771843653882847,0.0356275837863171,0.0358366172558747,0.0365403637545353,0.0404090595714175,0.0446006275459178,0.0485059675338842,0.0517777350922684,0.0542071560734153,0.0556519110341188,0.056030493241099,0.0553271344054029,0.0535922867582977,0.0509371081134407,0.0475216619661957,0.0435381216504358,0.0391928487721627,0.0346847608287618,0.0301852029351694,0.0258274598007556,0.0216913182006663,0.0178001588772141,0.0141835426990787,0.010838937011539,0.00780970107131662,0.00521437643674198,0.00321969280938754,0.00206380738628806
"5",0.0599922760135117,0.0288528199935624,0.0299049426780777,0.0314307709678218,0.0355661243952883,0.0400932159964467,0.0445060180371131,0.0484808399483541,0.0517906118979027,0.0542535225120881,0.0557349038506912,0.0561579407481259,0.0555103950538037,0.0538453954078385,0.0512749457144809,0.0479566218959017,0.0440775438649828,0.0398313025551424,0.0353944236681384,0.0309133340451024,0.0264825096184099,0.022137976705606,0.0179378588336599,0.0139076474393785,0.010141009230783,0.00683526642180883,0.00425139671462166,0.00273838579134527
"6",0.0458255056596695,0.0229764838954671,0.0245240837297876,0.0265362611693234,0.0307090749379248,0.0353477487787555,0.0400457053539298,0.0445144389940039,0.0485252505130561,0.0518730200272089,0.0543828467006808,0.0559247209937302,0.056425382637915,0.0558751553086646,0.0543273172652965,0.0518895180384862,0.0487114631856763,0.0449621132504467,0.0408043121935537,0.0363809658790564,0.0317872813596313,0.0270613447085126,0.0222877404359168,0.017522886229542,0.0129236244650081,0.00878936370625295,0.0055045747793617,0.00356181580312901
"7",0.0344000649049649,0.0179883248636702,0.0197594897738938,0.0219872194287238,0.0260105938036149,0.0305648821105667,0.0353376511513223,0.0400853073228113,0.0445938380603551,0.0486527588931871,0.0520637061803928,0.0546568186352141,0.0563058936677535,0.0569401127998788,0.0565489164435215,0.0551785962708935,0.0529250235134934,0.0499126746550466,0.0462691961690578,0.0421130931696741,0.0375212502833625,0.0325180568046519,0.0272082708285397,0.0216793251224722,0.0161633046897632,0.0110862664012942,0.00698816609717273,0.00454119795469505
"8",0.0253783036422132,0.0138439446091492,0.0156400310871388,0.0178790166331884,0.0216133204304873,0.0259248541662642,0.0305878996444692,0.0354103984498951,0.0402070827903082,0.044779595607809,0.0489245656211696,0.0524493669632005,0.0551882984358923,0.0570173115262718,0.0578631260748657,0.0577045398498567,0.0565707785141492,0.0545234408934803,0.05163267968106,0.0479689898964318,0.0435677874222628,0.0384193372619155,0.032637902589751,0.0263386415058633,0.0198390647231478,0.0137161586506423,0.00869839128595389,0.00567517204315025
"9",0.018401465474213,0.0104732792853921,0.0121613252162377,0.0142698865586629,0.0176230705300095,0.0215762353071139,0.0259808647977587,0.0306992817977766,0.0355853907395043,0.0404680722227946,0.0451568736729476,0.0494550802840533,0.0531745502934751,0.0561511076206468,0.0582558961184841,0.0594000515824111,0.059538359588738,0.0586545176514835,0.0567402310078496,0.0537936640985743,0.0497832385463055,0.0446412551786036,0.0384768456080967,0.0314260683192752,0.0238991535593244,0.0166462102536174,0.010616053378182,0.00695197130845659
"10",0.0131159985012588,0.00778953595516472,0.00929149896557603,0.0111827740559842,0.0141067392895091,0.0176293903362958,0.0216682835388769,0.0261391733083651,0.0309412411946831,0.0359419498946572,0.0409792306770504,0.0458703276459299,0.050423170930163,0.0544499953267923,0.0577784845997082,0.0602577339192256,0.0617660287933109,0.0621990172960528,0.0614524147744455,0.0594293236802337,0.056005528256517,0.0510300635152327,0.0445893869209614,0.0368304492493483,0.0282598307509922,0.0198189756820429,0.0127051284141108,0.00834832452749925
"11",0.00919277712646269,0.00569764777271727,0.00697831368613485,0.00861017860660559,0.0110942648904852,0.0141545895746753,0.017762794590763,0.0218838597870523,0.0264640233599946,0.0314162106414891,0.0366183511722391,0.0419171316624752,0.0471343053703933,0.0520763413582893,0.0565428238852886,0.0603312215416828,0.063246903913281,0.065093057689465,0.0656569782119571,0.0647278225365269,0.0620655019350673,0.0574114550633317,0.050810647816036,0.0424086066089412,0.0328078186018576,0.0231535546734571,0.0149132088767392,0.00982960904657967
"12",0.00633932632694016,0.00410153477916625,0.00515660636301552,0.00652081694517261,0.00858361980014202,0.0111841220967765,0.0143360833294148,0.0180471602499856,0.0223086752613512,0.0270814254425903,0.0322903969214564,0.0378232471686254,0.0435306168918815,0.0492301315990943,0.0547097897873655,0.0597290134368691,0.0640286206314992,0.0673207518997959,0.0692780392429288,0.0695625371034239,0.0677998794590262,0.0636031315750903,0.056957670166334,0.0479942780084578,0.0374068676749176,0.0265499652799584,0.0171741643224208,0.0113515282362877
"13",0.00430586943751939,0.00290974572958977,0.00375518181781667,0.00486694895105452,0.00654762179120551,0.00871737887066516,0.011420968618079,0.0147009060933599,0.018588829600917,0.0230919150100734,0.0281846933809599,0.0338026647715012,0.0398363688620176,0.0461287373430378,0.0524717572217937,0.0586015965815864,0.0642062106415703,0.0689132758299469,0.0722810001638848,0.073838111765953,0.0730643362503217,0.0694294710859118,0.0628439802687031,0.0534111268772196,0.0419082182704138,0.0298966813011397,0.0194130458067337,0.0128633576570128
"14",0.00288645089972033,0.00203934067526452,0.00270256257239408,0.0035914018242032,0.00494140078381339,0.00672772041778932,0.00901644213873862,0.0118768781234726,0.0153745339305915,0.0195585231655523,0.0244514077757994,0.0300387468948451,0.0362572797504826,0.0429853346938029,0.0500317734624925,0.0571235887137111,0.0639091240521504,0.0699420846924555,0.0746724799731912,0.077496776353077,0.0777450735448426,0.0747365697475494,0.0682960335578747,0.0584885012314129,0.0461639677470674,0.0330806695079712,0.0215528289942584,0.0143125047754636
"15",0.00191653729479476,0.00141811009495027,0.00193129626533925,0.00263361655116098,0.00370956579662094,0.00517000182896617,0.00709452928535664,0.00957178422742636,0.0126940805620157,0.0165461982029157,0.0211941734533076,0.0266717799313422,0.0329636049946703,0.0399888436988078,0.047582282437932,0.0554735263968939,0.0632843805496057,0.0705073858930048,0.0764953987419636,0.080520444327116,0.0817673408316815,0.0794056477821933,0.0731693595077721,0.0630778780234247,0.0500416192950298,0.0359986499981753,0.0235221491203654,0.0156498149071555
"16",0.0012684345463748,0.000985389527189669,0.00138078156185629,0.00193435403596722,0.00279241340298729,0.00398783865873021,0.00560789715761178,0.00775421433782306,0.0105391167101558,0.0140760278919918,0.018467992558081,0.0237920900809259,0.0300784135550973,0.0372880350596722,0.0452864518650311,0.0538143820125903,0.0624785589018357,0.0707238372076146,0.0778201829089298,0.0829284549524676,0.085099737364539,0.0833628453006219,0.0773619718356937,0.0670674873654747,0.0534375854792681,0.0385678535995744,0.0252628419352814,0.0168348101866019
"17",0.000845652951872915,0.000691812802284336,0.000998767241095962,0.00143897560601396,0.00213082981829506,0.00311998327866588,0.00449732713957979,0.00637253769378025,0.00887201737968884,0.0121309508591534,0.0162821191000287,0.0214391100487365,0.0276722510613385,0.0349817916838442,0.0432647274214847,0.0522777745254028,0.0616215387045913,0.0707059149060655,0.0787337028523691,0.0847715006552359,0.0877537091424756,0.0865838494744372,0.0808228200263348,0.0703926423250317,0.0562873353163874,0.0407344217972899,0.0267359845170414,0.017839951671463
"18",0.000577078108113024,0.000498361102319805,0.000741792455259137,0.00109941678227427,0.0016698050307379,0.00250547064511544,0.003698423703648,0.00536285370567466,0.00763446771707451,0.0106640908879555,0.0146070835435075,0.0196060009604266,0.0257644304279653,0.0331165087444127,0.0415883190885869,0.0509541352176063,0.0608145169832498,0.0705553602545163,0.0793278541880107,0.0861228447550993,0.0897783790287911,0.0890925576312766,0.0835537643935762,0.0730398823870655,0.0585703035600675,0.0424778787387769,0.0279252998834438,0.0186531200754372
"19",0.000411523223478387,0.000375026960245196,0.000574873698178417,0.000875090764129859,0.0013606649512377,0.00208743095957713,0.00314718049061604,0.00465630586797992,0.00675627076735164,0.00960852137829103,0.0133846090745137,0.0182487237488495,0.0243302045415175,0.0316904321403675,0.0402800706907117,0.0498899212207248,0.0601238967960148,0.0703525584169944,0.0796895848084274,0.0870682764561127,0.0912515777679071,0.0909539788135866,0.0856046737746465,0.0750441211062443,0.0603086033951742,0.0438107983458816,0.0288372548446676,0.0192778249965621
"20",0.000312985910900231,0.000299342792274727,0.000470722291403973,0.00073299534291165,0.00116222690553223,0.00181562574954545,0.00278422322747037,0.00418526273881954,0.00616352122053133,0.00888724076151333,0.0125389103364429,0.0172978990430482,0.0233122010553303,0.0306635733815992,0.0393218081773521,0.0490915684629091,0.0595813792509298,0.070152756303055,0.0798936886237973,0.0876963177190186,0.0922685547558823,0.0922626309288627,0.0870625742828968,0.0764793820746108,0.0615598413308078,0.0447737766222158,0.0294978654147496,0.0197311252955788
"21",0.000256734170522252,0.000254944733740663,0.000408720898235271,0.00064727885853643,0.00104111398457992,0.00164785243475396,0.00255769431786422,0.00388805153597855,0.00578546017569317,0.00842224191446373,0.0119878165610257,0.0166715168930526,0.022633936190205,0.0299709755101029,0.0386661410076036,0.0485346012167123,0.0591893198622648,0.069986944611729,0.0799989719999376,0.0880899785634333,0.0929301750983648,0.0931285098562304,0.0880369461437379,0.0774450174812035,0.0624055675771171,0.0454268176749048,0.0299469320026107,0.020039738725386
"22",0.000226209789949857,0.00023027113042569,0.000373822382952382,0.000598475085183488,0.000971452319879332,0.00155040302185356,0.00242484968609911,0.00371210235541626,0.00555954871287524,0.00814179350077425,0.0116523491322782,0.0162866270016728,0.0222131041142395,0.0295367436501424,0.0382500769951743,0.0481754881871282,0.0589294641997912,0.0698663021362769,0.0800476450908893,0.0883209147165453,0.0933323624597823,0.0936630582757454,0.0886439380425309,0.0780501509388228,0.0629377469092487,0.0458389594817239,0.0302309495558159,0.0202351911267735
"23",0.00021065522312142,0.000217437484994591,0.000355471550534893,0.000572559598526591,0.000934137777938571,0.00149776460134858,0.00235250124851518,0.0036155018070237,0.00543452372245107,0.00798535191045329,0.0114637289264737,0.0160684791343902,0.0219726063288913,0.0292863840980166,0.0380077521942156,0.0479635667242227,0.0587727216983446,0.0697885220047193,0.0800671874688129,0.0884463232715604,0.093558205293828,0.0939674444922662,0.0889923696369729,0.0783993466565019,0.0632459640875612,0.0460782766806125,0.0303961809301064,0.0203490354475879
"24",0.000203335281422441,0.0002112926874667,0.00034660434811509,0.000559933547008339,0.000915824430120534,0.00147174755590502,0.00231649442434015,0.00356709669079414,0.00537145242343767,0.0079059024659816,0.0113672948941168,0.0159561923473813,0.0218479498197007,0.0291556475646393,0.0378801376028179,0.0478507498372965,0.058687805669484,0.0697442596036129,0.0800736212420514,0.0885084078707864,0.0936735254564909,0.0941248117363597,0.0891737865930269,0.0785819987947862,0.0634076948315414,0.0462041386513113,0.030483223053329,0.0204090705766683
"25",0.000200229008283748,0.000208647658236463,0.000342758602519697,0.000554420258081823,0.00090777918066794,0.00146025108079193,0.00230049240720541,0.0035454630306532,0.00534310620465806,0.00786999657277077,0.011323470149148,0.0159048754292621,0.0217906484551216,0.0290951790890144,0.037820699414033,0.0477977371745593,0.0586473413352925,0.0697223717649039,0.0800751344841868,0.0885358103886396,0.0937258689242201,0.094197018370784,0.0892575380150251,0.0786666543288795,0.063482858654623,0.0462627467137052,0.0305238120802591,0.0204370912244671
"26",0.000199084348563391,0.000207661784970027,0.000341316524367286,0.000552341596284659,0.00090473111028808,0.00145587495453125,0.00229437312801384,0.00353715245626072,0.00533216776756057,0.00785607854579374,0.011306405848476,0.0158848024116345,0.021768128762316,0.0290712952836866,0.0377970895215584,0.0477765296474683,0.0586309741198862,0.0697132679082542,0.0800752586055654,0.0885462103750978,0.0937462264183568,0.0942253601258848,0.0892905801690303,0.078700163858943,0.0635126790883929,0.0462860368060372,0.030539960834368,0.0204482479984046
"27",0.000198743752947491,0.000207365890459377,0.000340881723784873,0.000551712259887497,0.000903804849669445,0.00145454034575183,0.00229250032347392,0.00353460013931697,0.00532879675609265,0.00785177445796445,0.0113011104675313,0.0158785514207135,0.0217610903320516,0.029063801599049,0.0377896495020643,0.0477698102895815,0.0586257449822926,0.0697102994926936,0.0800751818847036,0.0885493703175289,0.0937525371882611,0.0942342107152818,0.0893009406585104,0.0787106984486856,0.0635220708795564,0.0462933813861731,0.0305450581822248,0.0204517717537442
"28",0.000198677083090331,0.000207307635992242,0.000340795860387409,0.000551587635383251,0.000903620970623932,0.00145427476470433,0.00229212676189238,0.00353408984441557,0.00532812120444672,0.00785090990656888,0.011300044302485,0.0158772898542449,0.0217596663456077,0.029062281530208,0.0377881358699995,0.047768438258024,0.0586246712806089,0.069709681833183,0.0800751502906786,0.0885499970379658,0.0937538067933413,0.0942360004108184,0.0893030415865572,0.0787128385550252,0.0635239812136391,0.0462948766450827,0.0305460966126208,0.0204524899124003
