"","X0","X1","X2","X3","X4","X5","X6","X7","X8","X9","X10","X11","X12","X13","X14","X15","X16","X17","X18","X19","X20","X21","X22","X23","X24","X25","X26","X27"
"1",0.0190351172432699,0.0173330834768621,0.0225450338308733,0.0280944736175695,0.0335819414009102,0.0391523687862617,0.0447420125032183,0.0501454659884892,0.055041963940045,0.0590555208733094,0.0618561985393956,0.0632114088453368,0.0630137155124978,0.0612859874738796,0.0581690323641311,0.053897856620947,0.0487703798056484,0.0431131257334435,0.0372482507112749,0.0314657022779605,0.0260032353037814,0.0210367480560659,0.016684996597467,0.0130313893191091,0.0101897837990572,0.00800038151001475,0.00707075822143889,0.0072240676477312
"2",0.0139936071563184,0.0129728775604045,0.0172448275759481,0.0220479272496766,0.0271237156227677,0.0325773236587586,0.0383358610177817,0.0441943682840121,0.0498349629425747,0.054873841878941,0.0589422997681401,0.0617365741734289,0.0630531522451706,0.0628074422601191,0.0610367632734386,0.0578900594276623,0.0536061762594633,0.0484841577862481,0.0428498659565554,0.0370234819253192,0.0312920152984154,0.0258915186403409,0.0210065328784866,0.0167927938388328,0.0134617947270012,0.0108400840320424,0.00984592350067807,0.0102400510614625
"3",0.00976716671635736,0.00925207115849982,0.0126169801896266,0.0166124344731342,0.021104948374921,0.0261871855047274,0.0318066329982237,0.0377910049091372,0.0438575101638423,0.0496447622546712,0.054773016145732,0.0588892540331477,0.0617066203694579,0.0630342532590857,0.0627951695668725,0.0610311484503212,0.0578940067049948,0.0536248512448018,0.0485246093257214,0.0429203444565731,0.0371323807053753,0.0314492687081577,0.0261225181008512,0.0213918260214361,0.0175950854751053,0.0145390504129433,0.0135725737357935,0.0143633265404772
"4",0.00660133765220347,0.00640137867875704,0.00896943814112188,0.0121762985526268,0.0159845255417498,0.0204936748672682,0.0256911932545963,0.0314607744755599,0.0375811546377607,0.0437427528480609,0.0495878813361315,0.054747426636639,0.0588794780677268,0.061705530457954,0.0630400444073994,0.0628097185653987,0.0610594401164287,0.057944091571935,0.0537076001701852,0.0486526752321307,0.0431063165840555,0.0373902369812275,0.0318132519540422,0.0267024492145855,0.022547225892511,0.0191226006175932,0.0183424200807908,0.0197390834635488
"5",0.00432505338570812,0.00430040687845218,0.00619876564304835,0.00868277634288926,0.0117811358379256,0.015606305072734,0.0201905963834423,0.025482368100828,0.0313358782671714,0.0375141348811964,0.0437106233794132,0.0495746984736082,0.0547444695175342,0.0588836685832564,0.0617179033398863,0.0630652566652265,0.0628562916731129,0.0611401769568247,0.0580758181485603,0.0539094769404175,0.0489430911943361,0.0435041447906913,0.0379398629046783,0.0326600170165684,0.0283264797847765,0.0246617353475574,0.0242971916096666,0.0265716728804784
"6",0.002745852202724,0.00280386998725026,0.00416227866625288,0.00601947997968014,0.00844317024383983,0.0115555167578865,0.0154276439974864,0.0200688632577775,0.0254105408322899,0.031298087048688,0.0374968615800756,0.0437049597236496,0.0495765285218254,0.0547538395081184,0.0589044329675951,0.0617582107850333,0.063138549773319,0.0629821442566012,0.0613438595266128,0.0583855427519562,0.0543513384421259,0.0495416552610755,0.0443148180002567,0.0391495581663045,0.034894669268155,0.0311884939084554,0.031545416557389,0.0350338180275647
"7",0.00168844367633111,0.00177338587598945,0.00271383150240581,0.00405426559962978,0.00587938212478953,0.00831335504801222,0.0114539097823377,0.0153591791906795,0.0200290710112851,0.0253902230252281,0.0312898078282273,0.0374962988661357,0.0437112691780954,0.049592516207686,0.0547866069408691,0.0589667896539997,0.0618704553790468,0.0633297119262403,0.0632891537245335,0.061807151949017,0.0590411051333398,0.0552299067482798,0.0507095481324718,0.0460053465052569,0.042159092572127,0.0386816970619304,0.0401407173130494,0.0452377780429945
"8",0.00100513961977985,0.00108752440889508,0.00171716426368771,0.00265114585198485,0.00397530267331131,0.0058073799091808,0.00825765987628824,0.0114168400790532,0.0153380950708959,0.020018997156991,0.0253875666906769,0.0312933181332761,0.037507734104683,0.0437363132837843,0.0496423763414661,0.054880407881264,0.0591342235129414,0.0621534132897466,0.0637807513516569,0.0639647011629941,0.0627554219109098,0.0602988844488115,0.0568727966283054,0.0530198113238427,0.0499715162467892,0.047057111959321,0.0500618950157654,0.0572065078036862
"9",0.000579048655911134,0.000646352267070338,0.00105386011390475,0.00168212685245907,0.00260826536507365,0.00393683512651522,0.00577800277576767,0.0082384301968968,0.0114063685225809,0.0153340294504706,0.0200202136907092,0.0253950631126185,0.0313112891865322,0.0375452561446323,0.0438099563312926,0.049779718493103,0.0551236815377422,0.0595422990427794,0.0627991475748493,0.0647408074000122,0.0653018059230336,0.0645113888198881,0.0625549183170507,0.0599592996933419,0.0581336975694713,0.0561629538935689,0.0611970544953193,0.0708481294473941
"10",0.00032268824143056,0.000372142328113281,0.000627010756476465,0.00103500590146979,0.00165970649735456,0.00258849599609876,0.00392197802989093,0.00576857215819707,0.0082338781829968,0.011405993256992,0.015338415656604,0.0200322754802082,0.0254216376956245,0.0313656839987014,0.037651019833902,0.0440057087430097,0.0501239372685331,0.055696952900411,0.0604430005901765,0.0641286846345309,0.0665783896346226,0.0676920466224873,0.0675349389622631,0.0665851830389772,0.0664097167597078,0.0657825833416921,0.0733354138614032,0.0859389396281142
"11",0.000173889225872366,0.000207483629582669,0.000361476677110804,0.00061724893680741,0.00102373256427281,0.00164996228183097,0.00258136259461937,0.00391778983019508,0.0057673655772325,0.00823606237662388,0.0114135138088848,0.0153561038713791,0.020070083991245,0.0254981965916449,0.0315134301058197,0.0379225675680684,0.0444799105465971,0.0509082492358783,0.0569207703884646,0.0622369167577689,0.0665897449718512,0.0697503566193369,0.0716461782736044,0.0726775827676121,0.0745442870798526,0.0756454733128007,0.086170097046111,0.102120163368922
"12",9.05807513584623e-05,0.000111976950968531,0.000201838841784579,0.000356619472578563,0.000611812335951984,0.00101916341967034,0.00164681029338133,0.00257995966617285,0.00391861669371616,0.00577168527484512,0.00824709640303367,0.0114382248126643,0.0154082090245541,0.0201747977830502,0.0256989437437212,0.0318799829862415,0.0385584777150321,0.0455247564994351,0.0525278251491576,0.0592788409094427,0.0654488046305999,0.0706932197065773,0.0747959105899184,0.0780581011816394,0.082285026919532,0.0854462991604371,0.0993140009634338,0.118912418121091
"13",4.55967748996318e-05,5.84773931843179e-05,0.000109111117587012,0.000199522638842116,0.000354122947930795,0.000609824575294592,0.00101802672741294,0.0016469413259148,0.0025822243735131,0.0039250466233778,0.00578684704202466,0.00828041805711048,0.0115079265465525,0.0155474185079315,0.020440068165181,0.0261803539028973,0.032709978631292,0.0399136874445855,0.0476121564312987,0.055547436000761,0.0633635664760774,0.0706239455580967,0.0769751873577132,0.0826077311603709,0.0894057264809913,0.0948705391931337,0.112328813487139,0.135749305058875
"14",2.21736767181476e-05,2.95405452412183e-05,5.7083913379211e-05,0.000108060495231111,0.000198454726705668,0.000353391269322822,0.000609720865066916,0.00101909877358989,0.00165043070477894,0.00259094007816039,0.00394504514873119,0.00583039832450063,0.00837098377215206,0.0116878179418703,0.015888307394513,0.0210551889072512,0.0272347181214677,0.0344213786313849,0.042533949973027,0.0513793371494524,0.0606100917278624,0.0697271452644288,0.0782565731509589,0.0862767435367562,0.0957271814630622,0.103623551636023,0.124764712276837,0.152027980531515
"15",1.04143306865685e-05,1.44310991217418e-05,2.88945942101068e-05,5.66407815258514e-05,0.000107667013780484,0.000198332947135155,0.000353856242828802,0.000611479535151585,0.00102378350688066,0.00166167778408413,0.00261645763966764,0.00400029604119419,0.00594473169543865,0.00859696591769798,0.012113863473741,0.0166530418029893,0.0223589209815933,0.0293392140559293,0.0376253966101858,0.0471137540680771,0.0574960635483082,0.0682417295561217,0.078779874847593,0.0890847668694906,0.10113236556516,0.111459043533811,0.136205699957868,0.167170635999717
"16",4.72317236595627e-06,6.81656861491037e-06,1.41494654419863e-05,2.87342387529844e-05,5.656198519323e-05,0.000107854838065102,0.000199159968363066,0.000356206614238758,0.000617397830259003,0.00103778728297454,0.00169326095401631,0.00268454194123688,0.00414058229647309,0.00622077439692992,0.00911496968918374,0.0130391711817192,0.0182226759065753,0.0248797208879816,0.0331570200790557,0.0430531260006761,0.0543211856374583,0.0664267675803771,0.0787284473996108,0.0911111983985746,0.105573592800243,0.118202483296639,0.146313589557823,0.180687500031147
"17",2.0685209862298e-06,3.11389403277855e-06,6.70596366315849e-06,1.41186069992177e-05,2.88059432086718e-05,5.69259816043766e-05,0.000108956236061242,0.000202070044151404,0.000363396709926814,0.000634300092598782,0.00107575489778952,0.00177480737049869,0.00285192733467188,0.00446862872358583,0.00683377855107935,0.0102051857594604,0.0148801788093589,0.0211655350612041,0.0293154417161651,0.0394319857452114,0.0513414080590599,0.0645265352879257,0.0783006874142607,0.0924780530297147,0.10907072946478,0.123765540964011,0.154863014398733,0.192230345419247
"18",8.7539923570302e-07,1.37726337873157e-06,3.08119469097581e-06,6.73522798885751e-06,1.42686638141692e-05,2.92881065745451e-05,5.82626842289224e-05,0.000112407184932668,0.000210532732159238,0.00038321536567181,0.00067867912681565,0.00117076829866458,0.00196917928840393,0.0032315057335283,0.00517527125386526,0.00808561467372232,0.0123105442409706,0.0182315258409927,0.0261951991672791,0.0363987709257859,0.0487431233876491,0.0627412225295447,0.0776823041998572,0.0933288517449313,0.111701145901302,0.128149060164578,0.161760897172565,0.201626292526858
"19",3.58915652671154e-07,5.92054009651421e-07,1.37951726897849e-06,3.14022435560996e-06,6.93234710544355e-06,1.48421430182029e-05,3.08360622668075e-05,6.22254605368387e-05,0.000122088773564468,0.000233144785985363,0.000433716689732746,0.000786501172829266,0.00139069392609228,0.00239731959204426,0.00402593443012572,0.00657778865520702,0.0104359756372275,0.016038092547674,0.0238044974244217,0.0340125851866747,0.0466312206846574,0.0612083571299936,0.0770245659384304,0.0938077570545126,0.113583574591934,0.131434145751177,0.167046579893785,0.208885153409707
"20",1.43719862226201e-07,2.50098198072372e-07,6.10186294071926e-07,1.45513560140104e-06,3.37002389707625e-06,7.58137802499431e-06,1.65779631819343e-05,3.52632544239873e-05,7.30161032527026e-05,0.000147237013144201,0.000289185230842939,0.000553080711521199,0.00102935255304984,0.00186219624710046,0.00326973699307704,0.00556158867061596,0.00914336647872293,0.0144919327286337,0.0220821820274865,0.0322537926673802,0.0450317310227523,0.0599973490821981,0.0764320140451492,0.0940427117665624,0.114859029115767,0.133763279242104,0.170872825506618,0.21417914103453
"21",5.75211681541334e-08,1.06880064869133e-07,2.758346395125e-07,6.96351961346435e-07,1.70964531752318e-06,4.0817586390056e-06,9.47782417988763e-06,2.14046777337524e-05,4.70069928413081e-05,0.000100337149891187,0.000208005165954204,0.00041836006487459,0.000815333342123626,0.00153737734921611,0.00279996921356935,0.00491635867914621,0.00830550923833322,0.0134697791061576,0.0209214186544492,0.0310446597392463,0.0439066387463643,0.0591164433697518,0.0759606499650551,0.0941349965875424,0.115672182085754,0.135315295863237,0.173472003211763,0.217799864981017
"22",2.44014457545679e-08,4.9354164556557e-08,1.36598532879544e-07,3.69313498036769e-07,9.69843764420584e-07,2.47159288128782e-06,6.10816331284557e-06,1.46278571664225e-05,3.39176202157271e-05,7.6075263929159e-05,0.000164891823326186,0.000345004211120524,0.000696015351657104,0.00135221387155416,0.00252652220398445,0.00453333954318419,0.00779888643856564,0.0128408080525487,0.0201949273664979,0.0302747082448046,0.0431761294201796,0.0585286950189041,0.0756250792038446,0.0941558267429698,0.116156067701628,0.136279032818284,0.175114760473194,0.220102341504833
"23",1.22474238489946e-08,2.73078138012145e-08,8.13586931244422e-08,2.35255649720055e-07,6.56933348564993e-07,1.76975908424484e-06,4.59643621142445e-06,1.15024995177975e-05,2.77198840376291e-05,6.42958785635369e-05,0.000143456624778958,0.000307705295368882,0.000634051296892819,0.00125413069678395,0.0023789630472837,0.00432303656741928,0.00751615720714343,0.0124843627651881,0.0197770633712985,0.0298251728079718,0.0427425063035749,0.0581719300884782,0.0754111813505423,0.0941488859241135,0.116421935697136,0.136830415446687,0.176069829972114,0.221448317976873
"24",8.02269920704738e-09,1.93219868110459e-08,6.06932322356961e-08,1.83565938159839e-07,5.32763927098508e-07,1.48352865455836e-06,3.96362931232158e-06,1.01614239558905e-05,2.49972685895917e-05,5.90050591362764e-05,0.000133624969584604,0.000290257023942357,0.000604524170690391,0.00120657707569641,0.0023062576297444,0.0042178421687257,0.00737272499882087,0.0123011085621588,0.0195594618158059,0.029588052346081,0.0425105490750745,0.0579775389619927,0.0752901524344088,0.0941365601746561,0.116554790332532,0.13711655823331,0.176572638925268,0.222160365824069
"25",6.65336031454168e-09,1.66341773443264e-08,5.35333996878127e-08,1.65168978601678e-07,4.87433317726908e-07,1.37649274452161e-06,3.7215499862519e-06,9.63725702141814e-06,2.3911328792e-05,5.68540954892171e-05,0.000129555580527638,0.000282912494940853,0.000591897919494902,0.00118594086216318,0.00227427009596354,0.00417096316849553,0.00730803312479842,0.0122175132567706,0.0194591103691865,0.0294775026045529,0.0424011256677599,0.0578844382900333,0.0752304539557494,0.0941273716284582,0.11661385115082,0.137248240141265,0.17680697284243,0.222493616699317
"26",6.25181135451521e-09,1.58198464675535e-08,5.13099078843086e-08,1.59324066626845e-07,4.72719812137565e-07,1.34104436074643e-06,3.63984365687629e-06,9.457156480587e-06,2.35318937444382e-05,5.60905937775384e-05,0.000128089597307774,0.000280229733017976,0.000587225685775166,0.0011782114830201,0.00226215257883834,0.00415301545197693,0.00728301858512293,0.0121848845134139,0.019419586309343,0.0294335683369238,0.042357216317898,0.0578466189099037,0.0752056415571658,0.0941225798371561,0.116636384505417,0.137300042004073,0.176900157943383,0.222626610692795
"27",6.15201406005997e-09,1.56121158133758e-08,5.07315389150122e-08,1.57776233311429e-07,4.68757645861648e-07,1.331347536365e-06,3.61716126665875e-06,9.4064621702387e-06,2.34236939024221e-05,5.58702006407782e-05,0.000127661553867542,0.00027943796047814,0.000585832827213797,0.00117588547043948,0.00225847379511109,0.00414752154321298,0.00727530189552172,0.012174744761587,0.0194072166105259,0.0294197211465277,0.0423432721387737,0.0578344948313708,0.0751975497722382,0.0941207854792266,0.116643255673031,0.137316244660211,0.176929559459544,0.222668692526052
"28",6.13473584444667e-09,1.55755024740674e-08,5.06282375600357e-08,1.57496397854887e-07,4.68033151689382e-07,1.32955552397279e-06,3.61292753539398e-06,9.39691111060169e-06,2.34031288785034e-05,5.58279650619184e-05,0.000127578887853555,0.000279283935367383,0.000585560020746104,0.00117542697809994,0.00225774429679959,0.00414642596678908,0.0072737548895604,0.0121727017478774,0.0194047121803726,0.0294169039867042,0.0423404205511362,0.0578319995111911,0.0751958652737472,0.0941203804258036,0.116644621373277,0.137319524361525,0.176935547327109,0.222677279929901
