"","X0","X1","X2","X3","X4","X5","X6","X7","X8","X9","X10","X11","X12","X13","X14","X15","X16","X17","X18","X19","X20","X21","X22","X23","X24","X25","X26","X27"
"1",0.0100250071632116,0.0146411766342027,0.0220344246805935,0.0313266549639754,0.0422935715159562,0.0541015938645393,0.0655594424933917,0.0753580483901273,0.0823368883016801,0.0856924633225024,0.0851212402677309,0.0808553499915591,0.0735783476301767,0.064256424412215,0.0539409414738015,0.0435932990483624,0.0339653705236955,0.0255467600171208,0.0185710487096155,0.0130619329258904,0.00889754482091728,0.00587492756433781,0.00376328026074532,0.00234133065714523,0.00141922925561199,0.000848029168432649,0.000521806554631651,0.000473865387826381
"2",0.00683004853116088,0.0102024627387191,0.0158651687746451,0.0234373952902181,0.0329494065492304,0.0439262620796716,0.0554920231390438,0.0664955949003594,0.0757123085434671,0.0820640312800204,0.0848284572848769,0.0837744687533464,0.0791819274821487,0.0717500161709466,0.0624315887760998,0.0522446153402369,0.0421077580232628,0.0327305136648126,0.0245672542102412,0.0178267269402719,0.0125184583004465,0.00851543134325002,0.00561620131005324,0.00359610874223392,0.00224358256387011,0.00138182868072568,0.000880106805034056,0.000830253781602953
"3",0.00398702502600334,0.00616746743113297,0.0100687997043317,0.0157083650501424,0.0233419057584371,0.032870112762272,0.0438150301228812,0.0553248232234896,0.0662754422529093,0.075451249002544,0.0817768463421467,0.0845323165105211,0.083486782957235,0.078917368034269,0.071518671680495,0.0622385005063612,0.0520903053280044,0.0419893557908676,0.0326430844478462,0.0245050089782016,0.0177839581835057,0.0124902436125904,0.00849845940447814,0.00561051191856667,0.0036088388949562,0.00229519171035916,0.00151627324769142,0.00148806211775748
"4",0.00211907972292882,0.00342368268376246,0.00592129346497162,0.00982791137700245,0.0155236637989002,0.0231949166420033,0.032743017366932,0.0437001309051241,0.055223763047716,0.0661896334185286,0.0753798465377291,0.081718360883838,0.084485340148567,0.0834499261122346,0.078889191130456,0.0714977213063253,0.0622233708310622,0.0520797011853934,0.0419821459108217,0.0326383372164854,0.0245020401567284,0.01778255118176,0.0124916286647483,0.00850838538591553,0.00564635634492203,0.00371146306439208,0.00254604631856554,0.00260049519218234
"5",0.00104196313468788,0.00176996874434981,0.00326105238041138,0.00577875760803356,0.00972604943015362,0.0154496301161775,0.0231382335000267,0.0326982504948685,0.0436661038053242,0.0551992069722795,0.066172469139632,0.0753680590663197,0.0817103856194967,0.0844800224600883,0.083446427928166,0.0788869201090683,0.0714962679116395,0.0622224557861305,0.0520791376340834,0.0419818229367115,0.0326382786223795,0.024502811234014,0.0177870378742319,0.0125105805427964,0.00857334175020365,0.00583114198211664,0.00415950976862372,0.00442411344798224
"6",0.000476282653109728,0.000855348414440941,0.00168492113806899,0.00319356952321865,0.00573447869585737,0.00969651777778813,0.0154289543756248,0.0231232130138875,0.0326877786320611,0.043659267302075,0.055194947945308,0.066169892170942,0.075366538813567,0.0817095107502882,0.0844795293998891,0.0834461544039471,0.0788867702633739,0.0714961873054878,0.0622224177191299,0.052079154661197,0.0419820814672075,0.0326398701683516,0.0245108293660091,0.0178202343595255,0.0126241239591967,0.00889659537458146,0.0066095525104631,0.00732527783539903
"7",0.000202682118388963,0.000386674593871619,0.000816388161453726,0.00165674388396976,0.00317662465652414,0.00572405681095337,0.00968976187175612,0.0154243438249292,0.0231201810192221,0.0326859253994587,0.0436581962103559,0.0551943508441684,0.0661695702205836,0.0753663714985502,0.0817094268259364,0.0844794886068046,0.0834461353627142,0.0788867633256937,0.0714961958688227,0.0622224960869629,0.0520796538153603,0.0419849022988235,0.0326536948273239,0.0245674733072034,0.0180135705556269,0.0131745163013439,0.0102123462795532,0.0118014654236408
"8",8.03185864732639e-05,0.000163478899022103,0.000370578534594793,0.000805725876400465,0.00165087017616479,0.00317328433220129,0.00572204361019839,0.00968846017037944,0.0154235253958931,0.0231197041882786,0.0326856639089445,0.0436580581121319,0.055194280446424,0.06616953585058,0.0753663554816704,0.0817094198000895,0.0844794863917321,0.0834461389474769,0.0788867900824559,0.0714963533506248,0.0622234079965379,0.0520845513605565,0.0420082320828325,0.0327480564807033,0.0248882790463011,0.0189256403151863,0.0153377825067255,0.0184939780694171
"9",2.96320007612899e-05,6.45967470579263e-05,0.000157416040034992,0.000366887418581065,0.000803865381409357,0.00164989120027148,0.0031727364086966,0.00572170772298765,0.00968825738082676,0.0154234119853381,0.0231196446277402,0.0326856337389906,0.0436580433305219,0.0551942735333191,0.0661695328428314,0.0753663545930924,0.0817094214611851,0.0844794974149019,0.0834461967731576,0.0788870971094813,0.0714979984113357,0.0622317766251715,0.0521231292341277,0.0421617653705515,0.0332668265761062,0.0263590255073954,0.0223840921847668,0.0281812883793547
"10",1.01724428758837e-05,2.38354411431073e-05,6.25048821314238e-05,0.000156242821098048,0.00036634756873566,0.000803602629519059,0.0016497551978328,0.00317265768996147,0.00572166213066175,0.00968823288730085,0.0154233996511995,0.0231196386214174,0.0326856309022656,0.0436580420810724,0.0551942731871285,0.0661695336742304,0.0753663597071965,0.081709446478032,0.0844796177765343,0.0834467867236457,0.0788900286603875,0.0715120786663382,0.0622943195686374,0.0523671918365108,0.0429793074906788,0.0355741390925557,0.031733457923625,0.0417417342672804
"11",3.2470259416749e-06,8.2046322567676e-06,2.31727989395391e-05,6.21619933047014e-05,0.000156099290761156,0.000366282999918103,0.000803571896190036,0.00164973852396226,0.00317264846345764,0.00572165738027677,0.00968823060013387,0.0154233985854759,0.0231196381499694,0.0326856307821826,0.0436580424868055,0.0551942756076859,0.0661695453068171,0.0753664132399382,0.0817096894270438,0.0844807296969528,0.0834519345089087,0.0789133441448169,0.0716115093763474,0.0626734257335886,0.0536226955079005,0.0464999236657317,0.0436891605342246,0.060075627640464
"12",9.62762429211976e-07,2.63151405832036e-06,8.01170537906785e-06,2.30805941897167e-05,6.21270498799755e-05,0.000156084771453654,0.000366276684030678,0.000803568715360686,0.001649736853245,0.00317264764256512,0.0057216570049385,0.00968823043856639,0.0154233985487631,0.0231196383266273,0.0326856318533315,0.0436580477707149,0.0551943000766159,0.066169654098543,0.0753668855384897,0.0817117318208663,0.0844896031140058,0.0834898786520289,0.0790683178093922,0.0721869118748728,0.0645520338837306,0.058845966396028,0.0584005394652408,0.083982445034649
"13",2.64844957548597e-07,7.85361250660203e-07,2.57986836055877e-06,7.98888813118113e-06,2.30728129774627e-05,6.21240646416687e-05,0.000156083591284345,0.000366276138510911,0.000803568445733732,0.00164973672765054,0.00317264758977673,0.00572165699401122,0.00968823050356625,0.015423398965367,0.0231196405070478,0.0326856424032004,0.0436580958639463,0.055194509148343,0.0661705327877446,0.0753705186070459,0.0817266776413257,0.0845501543295175,0.0837265014933095,0.0799214675900134,0.0749251153389156,0.0720844387817096,0.0757888118778157,0.113999478833842
"14",6.74906332762153e-08,2.17753109236955e-07,7.72651994163804e-07,2.57467280524458e-06,7.98730596600026e-06,2.30722526454697e-05,6.21238642125659e-05,0.000156083507286723,0.000366276099901028,0.000803568429116066,0.0016497367239104,0.00317264760922748,0.00572165713090652,0.00968823128216706,0.0154234030082021,0.023119660008739,0.0326857307043807,0.0436584747428951,0.0551960668170159,0.0661767588663808,0.0753950040248585,0.0818211577606505,0.0849036383151007,0.0849616113650961,0.0838080661045584,0.08547972541639,0.0954924531575838,0.150223232934264
"15",1.59026980736846e-08,5.59883384054399e-08,2.14880224113981e-07,7.7156392670521e-07,2.57437973590291e-06,7.98721020088898e-06,2.30722217497979e-05,6.21238526226306e-05,0.000156083502459704,0.000366276098552363,0.000803568433683496,0.0016497367609049,0.00317264784229226,0.00572165845523891,0.0096882381935292,0.0154234364736491,0.0231198115946748,0.0326863777824628,0.043661100036923,0.0552063090582211,0.0662156208435346,0.0755387137215425,0.0823369685288645,0.0866482394158457,0.0903316444828453,0.0981736341208143,0.116852543946637,0.192150574707824
"16",3.45705744805634e-09,1.33214838623861e-08,5.53926470797519e-08,2.14670842306226e-07,7.71514620259877e-07,2.57436488765912e-06,7.98720588791387e-06,2.30722203250855e-05,6.21238521849907e-05,0.000156083503266896,0.000366276106597878,0.000803568490846033,0.00164973712211437,0.00317264991635362,0.00572166939924959,0.00968829170646994,0.0154236804872455,0.0231208547221603,0.0326905840072297,0.0436772441914919,0.055265888957792,0.0664281172133891,0.0762726110017123,0.0847391360575439,0.0938674954442747,0.109318309356028,0.138953710249981,0.238587276066313
"17",6.91505072200728e-10,2.9259560593068e-09,1.32084184765231e-08,5.53556762852447e-08,2.1466333631825e-07,7.71512542482388e-07,2.57436434546742e-06,7.98720574253367e-06,2.30722204215546e-05,6.21238535653991e-05,0.000156083514545934,0.000366276187081759,0.000803569006837166,0.00164974013409259,0.00317266607834754,0.00572174964697094,0.00968866200582347,0.0154252737815484,0.0231272736320658,0.0327149653804884,0.0437653335079075,0.0555706659176642,0.0674444746629611,0.0794936776747734,0.0941779567002831,0.118230542572406,0.160724243885553,0.287670029709136
"18",1.26870733386656e-10,5.91574538230537e-10,2.90636678360519e-09,1.32024409252592e-08,5.53546471041829e-08,2.14663075794283e-07,7.71512482549415e-07,2.57436434663573e-06,7.9872059256315e-06,2.30722221875387e-05,6.21238680324e-05,0.00015608361962236,0.000366276874948336,0.000803573112703691,0.00164976265437698,0.00317278010261211,0.00572228389151499,0.00969098232902406,0.0154346408235167,0.0231626127452824,0.032840534130938,0.0441887623632627,0.0569386918384803,0.0716467454986529,0.0914909794483172,0.12452725454944,0.181081906818799,0.337029313180554
"19",2.12700702769535e-11,1.09733211517308e-10,5.88487890956132e-10,2.90548430582919e-09,1.32023144828507e-08,5.53546181372151e-08,2.14663071126433e-07,7.71512500588278e-07,2.57436456471684e-06,7.98720801595527e-06,2.30722396552805e-05,6.21239980038477e-05,0.000156084493159098,0.000366282229396303,0.000803603214053679,0.00164991826856419,0.00317352064152217,0.00572553037896875,0.00970411943842797,0.0154839323815255,0.0233353040540327,0.0334099883044702,0.0459765182082863,0.0622686071814291,0.0864678506645453,0.128199967198711,0.19909544101805,0.384086516157135
"20",3.24392171798747e-12,1.86022619431538e-11,1.09292957434511e-10,5.88369384676681e-10,2.90547046745841e-09,1.32023117197593e-08,5.53546191763377e-08,2.14663092618636e-07,7.71512746940571e-07,2.57436696920118e-06,7.98722859892033e-06,2.30723969887028e-05,6.21250850134519e-05,0.000156091331311884,0.000366321542682291,0.000803810050329183,0.00165091448622004,0.00317791543896088,0.00574331901639041,0.00977045215894021,0.015713273167843,0.0240764159299196,0.0356764030911199,0.0525447974308312,0.0800631164393966,0.129600400150831,0.214122831684142,0.42643712064576
"21",4.47652693329704e-13,2.86881587270917e-12,1.85457511529e-11,1.09278555341173e-10,5.88368047244131e-10,2.90547032965051e-09,1.32023135094428e-08,5.53546442539891e-08,2.14663380481079e-07,7.71515595305954e-07,2.57439180764845e-06,7.98742238613499e-06,2.30737627837688e-05,6.21338278663536e-05,0.000156142287458112,0.000366592169213366,0.000805120104999409,0.00165669819354274,0.0032012429953612,0.00582959391946427,0.0100647550578008,0.0166464573114739,0.0268621408807955,0.0435382419856388,0.0733131275812967,0.129337469301085,0.225890767913471,0.462234822532641
"22",5.55387708257064e-14,4.00303771136151e-13,2.86233507563308e-12,1.85441779839552e-11,1.09278448698251e-10,5.88368187722594e-10,2.90547286969884e-09,1.32023471367728e-08,5.53550228076814e-08,2.14667093944479e-07,7.71547894991043e-07,2.57464389918026e-06,7.98920102666942e-06,2.30851530369904e-05,6.22001480185904e-05,0.000156493566272024,0.00036828505539717,0.000812546668328221,0.00168639939832862,0.00330987717346583,0.00619485729447371,0.0112019427692111,0.0199660847516331,0.0360032265241763,0.067117694637964,0.128118217122079,0.234495122418495,0.490472345076852
"23",6.14729253835211e-15,5.02126421851991e-14,3.99645671751801e-13,2.8621826619383e-12,1.85441862660066e-11,1.09278744718707e-10,5.88372537036652e-10,2.90552679289158e-09,1.32029256379692e-08,5.5360489545742e-08,2.14713224960967e-07,7.71898872417163e-07,2.57706613148107e-06,8.0044131809234e-06,2.31721946907174e-05,6.26539566462719e-05,0.000158648939215906,0.000377610766021512,0.000849336715057052,0.00181905038274508,0.00374889958942512,0.0075372447731605,0.0150398170896248,0.0302991446819348,0.0620804005351021,0.126584527012476,0.240327225019814,0.511080628064219
"24",6.01384100867326e-16,5.6182001886329e-15,5.01542001746524e-14,3.99634556919416e-13,2.86222090582151e-12,1.85448028922942e-11,1.09287026694287e-10,5.88468205488639e-10,2.90649343532368e-09,1.32115941636134e-08,5.54302986975109e-08,2.15222481123289e-07,7.75283362528476e-07,2.59762142935555e-06,8.11862044515067e-06,2.37525876473817e-05,6.53497800959312e-05,0.00017008624382469,0.000421936445933014,0.00100649385064413,0.00233051100335052,0.00528544700618896,0.011846793316768,0.0264116790501693,0.0584461855049286,0.125194462523968,0.243954609276001,0.524830914394756
"25",5.14138961073779e-17,5.55486797669855e-16,5.61392419823285e-15,5.01579854802743e-14,3.99718569269667e-13,2.86345887423607e-12,1.85603309118155e-11,1.09455752543169e-10,5.90080732054099e-10,2.920227616796e-09,1.33169889282671e-08,5.61652224907665e-08,2.19906935314645e-07,8.02673510513074e-07,2.74473700107191e-06,8.84439237266318e-06,2.70380498950851e-05,7.89814413848406e-05,0.000221893034991405,0.000602400715527723,0.00158409970975859,0.00403744744774487,0.0099923092569496,0.0240550389787945,0.0561396848343319,0.124177523374794,0.245993679088285,0.533077219233867
"26",3.78895672077384e-18,4.8000844026759e-17,5.55675130917117e-16,5.62371123826734e-15,5.03218663848836e-14,4.02000049913299e-13,2.89059549791547e-12,1.8840887209281e-11,1.12014004566211e-10,6.10913375327941e-10,3.07333571151083e-09,1.43412210715114e-08,6.24415128641664e-08,2.55282345505572e-07,9.86438197486124e-07,3.62476811451952e-06,1.27260325049828e-05,4.27854041703044e-05,0.000137674695179233,0.000422870511975515,0.00123574066797617,0.00342856360679625,0.00905111178881191,0.0228158503435136,0.0548818689789474,0.123567669226615,0.247002275529824,0.537395916123842
"27",2.37733512652852e-19,3.60987882232327e-18,4.89271695289515e-17,5.73903030412201e-16,5.91185206790064e-15,5.4145765789316e-14,4.45503842694537e-13,3.32202902405606e-12,2.26227945297096e-11,1.41666863598826e-10,8.2099017177985e-10,4.42947211291159e-09,2.23711613182977e-08,1.06255911925406e-07,4.76156893176117e-07,2.01594058416078e-06,8.05859953077955e-06,3.03450650150352e-05,0.000107295029171073,0.000355190952054274,0.00109910142512561,0.00318117328766805,0.00865667972558876,0.0222820902257128,0.0543250008628478,0.12327990939058,0.247416801394427,0.539255727899149
"28",1.48520822135884e-20,3.00386142002211e-19,5.28648732073058e-18,7.93220952147989e-17,1.0290631324077e-15,1.16800835588432e-14,1.17169966533919e-13,1.04826449295316e-12,8.43291021185676e-12,6.14669389760598e-11,4.08825030188757e-10,2.49728961296195e-09,1.40887795568804e-08,7.37370105757801e-08,3.59091320879351e-07,1.62943458891768e-06,6.88886880678363e-06,2.71048416458961e-05,9.9101569509073e-05,0.000336357822510808,0.00106000838718119,0.00310864601878263,0.00853856050433126,0.0221192330385452,0.0541519430197695,0.123186881366969,0.247539312124149,0.539823883108908
