"","X0","X1","X2","X3","X4","X5","X6","X7","X8","X9","X10","X11","X12","X13","X14","X15","X16","X17","X18","X19","X20","X21","X22","X23","X24","X25","X26","X27"
"1",0.0255695201150252,0.0219665809251302,0.0297114832506145,0.039036214100305,0.0492325062434423,0.0594069216603148,0.0685185671695873,0.0755934745284396,0.0798666119705956,0.080915204548858,0.0787173556530947,0.0736326305755526,0.0663130040047086,0.0575711535459536,0.0482408346027616,0.0390596157777857,0.0305925542980686,0.0232016940918091,0.0170549727267515,0.0121616534344975,0.00841997994003966,0.00566504999676436,0.00370920310846917,0.00237063208057475,0.0014901860083991,0.000938314215641818,0.000594682363009379,0.000449399063802458
"2",0.0182504978593649,0.0162294952377741,0.022681945145527,0.0308566032857193,0.0403324087452961,0.0504544249590523,0.0603376622265056,0.0690154324255978,0.0755783047905425,0.0793331746594007,0.0799207196517585,0.0773671201772439,0.072058944782406,0.0646525211625105,0.0559455510609896,0.0467439505717603,0.0377520020007445,0.029502549858922,0.0223310149548823,0.0163865400122613,0.0116677539807006,0.00806952127482576,0.00542963000821572,0.00356680644339272,0.00230695952952435,0.00149726724045256,0.000976988242605916,0.000754209712019717
"3",0.0114596091033773,0.010722033079632,0.0156923553198127,0.0223828078393603,0.0306678729635362,0.0401841558993324,0.0502920217288221,0.0601428625568268,0.0687851683743256,0.0753205508390129,0.0790607765089655,0.0796479528475808,0.0771073557528038,0.0718228805691491,0.0644471986718833,0.0557741815287948,0.0466063863515582,0.0376456041451144,0.0294232158711427,0.0222742500722642,0.0163486272496263,0.0116471957504584,0.00806941308436501,0.00545898869886558,0.00364016210899348,0.00243996257918526,0.00164142976426353,0.00129498074094404
"4",0.00668271350628566,0.00663957240196238,0.0102374769171279,0.0153799304414069,0.0221671569260014,0.0305097132544487,0.0400557520149109,0.0501836011184239,0.060050058265408,0.0687065324043144,0.0752550607658394,0.0790072421457479,0.0796050620460984,0.0770737316367599,0.0717971307178097,0.064427965226529,0.0557601967127263,0.0465965445878301,0.0376390939405525,0.0294198677607705,0.0222754132314045,0.01635896076463,0.0116784549743711,0.00814258434684656,0.00560309152068117,0.00388231568487081,0.00269363924012092,0.00217113744611779
"5",0.00366883588985469,0.0038934036762654,0.0063427208626626,0.0100537082058634,0.0152617437042412,0.0220882882961133,0.0304531309094586,0.0400140388980076,0.050152618990159,0.0600274205366783,0.0686903790456107,0.0752437812357273,0.0789995135366966,0.0795998533660916,0.0770702737995204,0.0717948722859898,0.0644265360220266,0.0557594161485797,0.0465965666006767,0.0376409730890022,0.0294270932191186,0.0222970849866821,0.0164163577250587,0.0118085855150815,0.0083952030401734,0.00601977382292139,0.00430970215911739,0.00354812443261807
"6",0.00190407134830906,0.00216670975680134,0.00373473686154077,0.00625034703547795,0.00999908296833839,0.0152284610212967,0.0220667087408196,0.0304386861693879,0.0400042489728507,0.0501460962374971,0.0600232074967862,0.0686877406885004,0.0752421760668637,0.0789985622747395,0.0795993039564412,0.0770699720579139,0.0717947561161634,0.064426704610026,0.0557604284426762,0.0466004585074159,0.0376539267325621,0.0294649167943525,0.0223962653791191,0.0166397294737487,0.0122386941013822,0.00909303714388696,0.00672071035200753,0.0056502606930917
"7",0.000935520772127554,0.00114457637180627,0.00208888673656019,0.00369219234291485,0.0062272355801499,0.0099861651010958,0.0152208578805144,0.0220620324553586,0.0304357354497183,0.0400024036811825,0.0501449788130288,0.0600225540915364,0.068687371949551,0.075241975572368,0.0789984600562204,0.0795992710128012,0.0770700497514779,0.0717952050404058,0.0644285345807378,0.0557671318141072,0.0466224971534959,0.0377179040603861,0.0296316536746127,0.0227695370405376,0.0173526970515156,0.0133768775700824,0.0102122941756174,0.00876540022008583
"8",0.000435413212076054,0.000573756095240665,0.00110899850007717,0.00207056849863392,0.00368303845608442,0.00622251933557567,0.00998365419027327,0.0152194399959916,0.0220611960536716,0.030435238447176,0.0400021166691109,0.0501448186506202,0.0600224681244528,0.0686873286330161,0.0752419607276152,0.078998487716374,0.0795994482754751,0.0770708364154807,0.0717983009166035,0.0644397368201911,0.0558036646883264,0.0467279361605329,0.0379909184432536,0.0302389892498553,0.0239200139588308,0.0191601475884238,0.0151163583188453,0.0132426458581885
"9",0.000192017846556779,0.00027280987397398,0.000558501927806559,0.00110156818522731,0.00206714532532209,0.00368140272805373,0.00622173754756845,0.00998325235595709,0.0152192199810562,0.0220610716129679,0.0304351695900963,0.0400020797739511,0.0501447999771231,0.0600224612405872,0.0686873378997259,0.0752420266620863,0.0789987992719999,0.0796007705726834,0.0770759503153421,0.0718165847203619,0.0644988153378447,0.0559730168597185,0.0471633121304246,0.0389528847287963,0.0320456972163444,0.0267136384578803,0.0217902287988536,0.0194776990616867
"10",8.02427175846023e-05,0.000122983719010418,0.000266657860967063,0.000555652113341618,0.00110035419561989,0.00206660257503528,0.00368117170735165,0.0062216308304742,0.0099831990064031,0.0152191913944003,0.0220610565229902,0.0304351619897574,0.0400020769438044,0.0501448034012248,0.0600224859888732,0.0686874570493567,0.0752425552268836,0.0790009789237517,0.0796090450484421,0.0771051178007239,0.0719098080393108,0.0647639117561678,0.0566491247233498,0.0486462450178822,0.0417132749721992,0.0362467419523188,0.0305807328172278,0.0278817357055439
"11",3.17733348933323e-05,5.25408472125949e-05,0.000120646309387304,0.000265622286255051,0.000555242737309523,0.00110018093225036,0.00206653724149868,0.00368114493815731,0.00622161892591793,0.00998319302861068,0.015219188478385,0.0220610555068802,0.0304351634971516,0.0400020868855636,0.0501448500351815,0.060022693492268,0.0686883392811633,0.0752460863243435,0.0790141003703174,0.0796545355675858,0.0772486725608035,0.0723142226006181,0.0657862000322216,0.0588734858817629,0.0527481529580833,0.0478574878419835,0.0417734163922018,0.038831761711989
"12",1.19185716254875e-05,2.12625898590134e-05,5.1703638457082e-05,0.000120289434410765,0.000265490832319513,0.000555189325685819,0.00110016309086894,0.00206653081721603,0.00368114249449654,0.00622161782191997,0.00998319269665985,0.0152191891985564,0.0220610597749375,0.0304351827804052,0.040002170669892,0.0501452048707183,0.0600241425923842,0.0686939587460081,0.0752664764108218,0.0790834648351165,0.0798702625176539,0.0778498724842026,0.0738189431194617,0.0690317987198068,0.0647998720148824,0.0614844118538376,0.0555311654262461,0.0526043226715465
"13",4.2339325269773e-06,8.14716434083184e-06,2.0979895497122e-05,5.15869948938291e-05,0.000120249230727873,0.000265474916959104,0.000555184585991708,0.00110016159340566,0.00206653036629981,0.0036811423809213,0.0062216181485913,0.00998319453910072,0.0152191974182057,0.022061094861821,0.0304353289548401,0.0400027646785397,0.050147540311614,0.0600329138269976,0.0687249859379779,0.0753698515753085,0.0793997735124288,0.0807410376890502,0.0800054748848221,0.0784243712707592,0.0773540535195629,0.0768717214845238,0.071831373111125,0.0693000132131637
"14",1.42369810764623e-06,2.95429877234153e-06,8.05722517226031e-06,2.09437601549473e-05,5.15752949803672e-05,0.00012024465572242,0.000265473688122041,0.000555184245627761,0.00110016154233524,0.00206653049539066,0.00368114312825352,0.00622162155248276,0.00998320920899722,0.0152192584415409,0.0220613414067616,0.0304362971458825,0.0400064435312476,0.0501609371255379,0.0600790891500718,0.068875468018568,0.0758222142468276,0.0806282814968495,0.083745771713377,0.0863589926666916,0.0897799794203336,0.0935598696978773,0.0904151795487018,0.0887723535956088
"15",4.52878290244253e-07,1.01326015170622e-06,2.92736523912673e-06,8.04662824659561e-06,2.09405267234703e-05,5.15740318883549e-05,0.000120244346184595,0.000265473618677771,0.000555184287059174,0.00110016181365259,0.00206653179256643,0.00368114892687676,0.00622164627681801,0.00998331044254581,0.0152196584831474,0.0220628703818216,0.0304419390737015,0.040026412578208,0.0502280359964367,0.0602928597612796,0.0695061483508047,0.0775099046729843,0.0847026256319286,0.0922654729061302,0.101411043244355,0.110910682144605,0.110764387185314,0.110579303394359
"16",1.36177557400378e-07,3.28496562655339e-07,1.00567867451484e-06,2.92442861236115e-06,8.04578200828432e-06,2.0940193959955e-05,5.15739582006848e-05,0.000120244344150983,0.000265473704024127,0.000555184725551055,0.00110016388837447,0.00206654106854596,0.00368118834588478,0.0062218062421136,0.00998393309476626,0.0152219897257424,0.0220712665509259,0.030470913018379,0.0401214498734422,0.0505240683328948,0.0611495179229344,0.0717629306166364,0.0828829545983213,0.0958052272481416,0.111644763477467,0.128169325114109,0.13211962659065,0.133976476801364
"17",3.86714723281216e-08,1.00591477664787e-07,3.26493908401944e-07,1.00491125246819e-06,2.92421962381055e-06,8.04569923491146e-06,2.09401799249452e-05,5.15739778072303e-05,0.000120244472735239,0.000265474357738185,0.000555187842157989,0.00110017790074349,0.00206660069667894,0.00368142938384002,0.00622273539723672,0.00998735906798838,0.0152340880461179,0.0221121041710553,0.0306019077096189,0.0405206535432018,0.0516569967166935,0.064085910989662,0.078652941892346,0.0969430112707591,0.120040245674425,0.144555853624874,0.15354623669509,0.157965885802333
"18",1.03600169154622e-08,2.90690084743295e-08,1.00096004006188e-07,3.26305233944577e-07,1.00486279708176e-06,2.92420078144821e-06,8.04570063161706e-06,2.09402115014094e-05,5.15741567228909e-05,0.000120245393632924,0.000265478800169775,0.00055520798415591,0.00110026396862416,0.0020669483315689,0.00368276113864296,0.00622758934373091,0.0100042254009386,0.0152899348611574,0.0222876123217994,0.0311256781318498,0.0419786725735718,0.0553736813159952,0.0726767365899425,0.0959573225441232,0.12638792270356,0.159369590140541,0.174042880247813,0.181402293245482
"19",2.61488445900521e-09,7.91927442452232e-09,2.89544377156185e-08,1.00052482897102e-07,3.26294813210326e-07,1.00485951375485e-06,2.924206946394e-06,8.04574291254103e-06,2.09404496695542e-05,5.15754018169656e-05,0.000120251475861229,0.000265506621458098,0.000555327419474011,0.00110074642015259,0.00206878781079177,0.00368940187398572,0.0062503462789211,0.0100782967890228,0.0155183606798883,0.0229558505345689,0.0329510044315947,0.0465545662170736,0.0657903283105328,0.0933818109184675,0.130731598889527,0.172083838175323,0.192675351462997,0.203143669193605
"20",6.20881416218857e-10,2.03138099128567e-09,7.89457233844373e-09,2.89450565928366e-08,1.00050519798502e-07,3.26295240365531e-07,1.00486817451348e-06,2.92426123185263e-06,8.04605259907568e-06,2.09420906091798e-05,5.15834990642926e-05,0.000120288756647526,0.000265667116404246,0.000555975053762573,0.00110320329265875,0.00207757756631732,0.00371914110118057,0.0063456298946929,0.0103670017444617,0.0163471007212201,0.0251784825934378,0.0384315358120387,0.0588421003419753,0.0898905946019515,0.133335789716971,0.182409201446246,0.208708460190063,0.222217283440639
"21",1.38440481499303e-10,4.89911267852196e-10,2.0264294671214e-09,7.89270446979452e-09,2.89448771325941e-08,1.00052001687387e-07,3.26306369500452e-07,1.00493763479258e-06,2.92466117888394e-06,8.04818719902019e-06,2.09526717740088e-05,5.16323062466304e-05,0.000120498690966154,0.00026651115922833,0.000559156042444991,0.00111447524360816,0.00211524218680418,0.00383802661524486,0.00669990827199493,0.0113659235066831,0.0189795784624694,0.0315662487904248,0.052541997581349,0.0861584598011872,0.134608104984536,0.190311406078021,0.2217058038919,0.237963630078368
"22",2.89286812735631e-11,1.10898155775733e-10,4.88993726329097e-10,2.02611041443932e-09,7.89292760144453e-09,2.89470015816279e-08,1.00066529846871e-07,3.26396760740629e-07,1.00545730841197e-06,2.92742818613154e-06,8.06185629186623e-06,2.10154355330679e-05,5.19007028999991e-05,0.000121569960596317,0.000270512531002214,0.000573182323050775,0.00116074775385028,0.00225918612780168,0.00426024262488588,0.0078704630040072,0.014400054844083,0.0262304319785556,0.0473584571301353,0.0827357092643932,0.135000768388193,0.195981322267619,0.231571879003031,0.250120095960425
"23",5.65175048257635e-12,2.35155712095932e-11,1.10745753388994e-10,4.88984576196131e-10,2.02651222280779e-09,7.89589314709558e-09,2.89666822108554e-08,1.00187019678355e-07,3.27079680170737e-07,1.00904659224625e-06,2.94494682644901e-06,8.14138043626208e-06,2.13517278213506e-05,5.32279667916491e-05,0.000126469942806511,0.000287476216498661,0.000628397666541734,0.00133004621134129,0.0027482906508859,0.00559493209470195,0.011277123619439,0.022426393983212,0.043484481740198,0.0799704513563341,0.134920367388677,0.199768466074892,0.238527166738774,0.258822794462543
"24",1.0296262916239e-12,4.66098990435063e-12,2.35002471642818e-11,1.10816595461075e-10,4.89592818314707e-10,2.03075320602941e-09,7.92317047553299e-09,2.91292870534898e-08,1.01087102723888e-07,3.31712092502945e-07,1.03123770731674e-06,3.04400012932545e-06,8.55385690528363e-06,2.29563788232651e-05,5.90703979788557e-05,0.000146420505002312,0.000351516928014264,0.000821986937333203,0.00188133852433641,0.00423087041002665,0.00932645940722207,0.0199571176765485,0.0408693298492996,0.0779915529968356,0.134668525545049,0.202099136149115,0.243028364983858,0.264532251703809
"25",1.74524195074498e-13,8.62597865368892e-13,4.67300247672054e-12,2.36225437875937e-11,1.11714873223082e-10,4.95618945825297e-10,2.06823606009999e-09,8.13994560281783e-09,3.02969749553316e-08,1.06952350002952e-07,3.59207144279941e-07,1.15161867355218e-06,3.53666357890466e-06,1.04403886965282e-05,2.97249252152759e-05,8.18628426283216e-05,0.000218598203700205,0.000566815170933812,0.0014271363445927,0.00348788290803082,0.00822559050101918,0.0185174281988128,0.039294683048997,0.0767457535075338,0.134423136069915,0.203400351802351,0.2456580439153,0.267907356588703
"26",2.76976052441508e-14,1.50784416537642e-13,8.8609974742027e-13,4.85535946716949e-12,2.49015001808755e-11,1.20008212447866e-10,5.45592800574437e-10,2.34887416639576e-09,9.61149162628202e-09,3.75106169759516e-08,1.40037045379737e-07,5.01256663028008e-07,1.72287640473663e-06,5.68994081907939e-06,1.80557477229848e-05,5.50299338210298e-05,0.000160999661564143,0.000451857793214141,0.0012150548099428,0.00312947546961024,0.00767873290311732,0.0177829817594442,0.0384704238171977,0.0760712350504381,0.134256528845379,0.204041635298861,0.247005765238894,0.269654119392456
"27",4.52265837733473e-15,2.80794467393211e-14,1.85204481397214e-13,1.1403366476994e-12,6.58340863151588e-12,3.57844810241892e-11,1.83789501090258e-10,8.94530078762932e-10,4.13472026902196e-09,1.81736169142649e-08,7.59982334536649e-08,3.02325186025072e-07,1.14343548092048e-06,4.10868138289018e-06,1.4018373103487e-05,4.54043495315894e-05,0.000139632692527987,0.000407876024243502,0.00113160153723578,0.00298482936028279,0.00745298583313701,0.0174735723906981,0.0381163703755036,0.0757743104240022,0.134172833103523,0.204304857405614,0.247576536026012,0.270399518233919
"28",1.33312900209049e-15,9.77074030183858e-15,7.36931316538424e-14,5.13116007923952e-13,3.31518129365186e-12,1.99645633926365e-11,1.12488495168957e-10,5.94761936346889e-10,2.95742777691294e-09,1.38502477656811e-08,6.11439656194853e-08,2.5456757476459e-07,9.99794473590338e-07,3.70481844048969e-06,1.29582738602254e-05,4.28115875676676e-05,0.000133740879044616,0.000395486928540696,0.00110763690796264,0.00294257128231132,0.00738601795819341,0.0173805225498051,0.038008506855863,0.0756823963902895,0.13414489581002,0.204382650404085,0.24774893692818,0.270625829381019
