"","X0","X1","X2","X3","X4","X5","X6","X7","X8","X9","X10","X11","X12","X13","X14","X15","X16","X17","X18","X19","X20","X21","X22","X23","X24","X25","X26","X27"
"1",0.0527067999607447,0.0514318957175092,0.0518990639596135,0.0524231165684952,0.0529335353701922,0.0541064130998936,0.0556693322255199,0.0570311628069524,0.0577202710318103,0.0574790066407791,0.0562194153112118,0.0539673808373284,0.0508264551240481,0.0469550399489024,0.0425475218095029,0.0378154905793402,0.0329693369671497,0.0282020212814618,0.0236765897116076,0.0195180384323407,0.0158096918467051,0.0125923752098852,0.00987082672480202,0.00763313805822782,0.00586226766501182,0.00457970673836892,0.00386453034374408,0.00368957602884281
"2",0.0449037594918739,0.0441345494783836,0.045101778506385,0.0463168929140519,0.047664616798314,0.0496881799558388,0.0521196841687421,0.0544061856007002,0.0560854148633424,0.0568744929928223,0.056639341382626,0.0553528583908923,0.0530686679616041,0.0499047004926891,0.0460282166053641,0.041638864986492,0.0369502214802039,0.0321718060617015,0.0274935083778163,0.0230734356981183,0.0190299774368061,0.0154364335558471,0.012325226100037,0.00971047294671706,0.00759996095494361,0.00605258991364755,0.00520204966983537,0.00502611321419596
"3",0.0364168132019387,0.0361425172645068,0.0375579627675436,0.0394034409081851,0.0415318772816141,0.0443552531885019,0.0476230538733878,0.0508361125291847,0.0535530009363285,0.0554704913608202,0.0564066046808471,0.0562736515911757,0.0550631564939283,0.0528374593352367,0.0497205154698141,0.0458847267509343,0.0415341298566266,0.0368859064251031,0.0321523347652873,0.0275245072918253,0.0231593271355388,0.0191681153895018,0.0156177299881135,0.0125575757044694,0.010031603686351,0.00815551407010383,0.00714631691058807,0.00699030114253525
"4",0.0288098634527141,0.0289078343419562,0.0306005262185594,0.0328516525491637,0.035506270775428,0.0388748737367491,0.0427382668086478,0.0466617765112636,0.0502377941948832,0.0531561643279893,0.0551975454466368,0.0562188508633094,0.0561482338368533,0.0549848396668437,0.0527965026677375,0.0497121595058322,0.0459088377340324,0.0415947966508021,0.0369907862967705,0.0323107451001341,0.0277440686485935,0.0234375238346611,0.0194928768867209,0.0159998889675572,0.0130477492859492,0.010827824062322,0.00966978905708882,0.00957195857079228
"5",0.0223316984532775,0.0226749737879543,0.0244776388593384,0.026910473081793,0.0298307297104182,0.0334771167663994,0.0376721877404214,0.0420530345061926,0.0462578803082005,0.0499850913319598,0.0529930455974568,0.0550946436857522,0.0561602344367069,0.0561246224692308,0.0549918710830623,0.0528344392478901,0.0497857945185112,0.0460273674323409,0.0417712697372213,0.0372396606824408,0.0326432836254132,0.0281565596815244,0.0239119036856434,0.0200411212483266,0.0166859016429388,0.0141332081021741,0.0128587117666164,0.0128755368107864
"6",0.0169786607083708,0.0174589666924374,0.0192359481555286,0.0216650424066614,0.0246287328207906,0.0283178673809486,0.0326021970531544,0.0371937231323645,0.0417858444546759,0.0461003907207461,0.0498904968349514,0.0529406917271107,0.0550750743690635,0.0561698193003241,0.0561642988855175,0.0550671388565755,0.0529555463214589,0.0499678542785567,0.046289809301822,0.0421345657659726,0.0377189801435485,0.0332322861910399,0.0288279803722672,0.0246771508599782,0.0209781271948515,0.0181332412523685,0.0168005387842457,0.0170090260346612
"7",0.0126668317757584,0.0132002150369611,0.0148537556100066,0.0171416376951081,0.0199776797561044,0.0235220536656007,0.0276921906324601,0.0322738065790429,0.0370210933063302,0.041691969104442,0.0460511589050922,0.0498726721280676,0.0529503869735838,0.0551137359915147,0.0562435040484711,0.0562840040845003,0.0552492603495989,0.0532221755905391,0.0503460715088578,0.0468071872548912,0.0428104576229046,0.0385425807183324,0.0341630635854297,0.0298742197382316,0.0259307445041579,0.022868330535526,0.0215650707300327,0.0220641425684455
"8",0.00927548519531244,0.00980233251091345,0.0112712364778258,0.013327972044974,0.0159181562965971,0.0191823048830348,0.0230818268093476,0.0274709799652718,0.0321661810355437,0.0369704322030937,0.0416747225123238,0.0460603594507632,0.0499093784680296,0.0530209241167164,0.0552295232722867,0.0564217344793069,0.0565483367015768,0.0556301961031667,0.0537559821278958,0.0510685849577534,0.0477419952510704,0.0439397494096307,0.0398073025321966,0.0355645539500591,0.0315169138962398,0.0283479443427055,0.0271924916817381,0.0281023993246176
"9",0.00666831905628079,0.00715066916055458,0.00840521056902192,0.0101828714642224,0.0124576046363537,0.0153563628811942,0.0188778344329028,0.0229364854459452,0.0274083408769367,0.032146158698722,0.0369782226470929,0.0417088509319485,0.046126637254547,0.0500192730996883,0.0531919242451907,0.0554861523273458,0.0567964085819183,0.0570816772293841,0.0563693162431797,0.0547460205167647,0.0523369468934914,0.04926039033242,0.0456239653988178,0.0416463587216805,0.0376722585234196,0.0345425612669819,0.0336820356830387,0.0351411428809473
"10",0.00470774540129723,0.00512525467577407,0.0061603115981528,0.00764479039113281,0.00957530716000312,0.0120678751614342,0.0151500928365354,0.0187862410374674,0.0229059402569094,0.027412026640626,0.0321766499919856,0.0370391828228442,0.0418110822041536,0.0462874475338019,0.0502633432083211,0.0535526125060826,0.0560064113716343,0.0575288399735454,0.0580858403173009,0.0577003448599548,0.0564340115068996,0.0543385422882149,0.0514581167264849,0.0479874314386534,0.0442935387563111,0.0413779179474046,0.040982272633318,0.0431408287537483
"11",0.00326465039720494,0.00361014379191599,0.00443794801485407,0.00563988624472855,0.00722881471690674,0.00931034494169648,0.011932190152244,0.0150971843721924,0.0187801418965891,0.0229305141075515,0.0274663335502116,0.0322695399862825,0.0371870719556525,0.0420381890032653,0.0466271086270955,0.0507595327962644,0.0542607634858671,0.0569929530889493,0.0588671138354081,0.0598410827102217,0.0599032805030591,0.0590204059335306,0.0571481502645062,0.0544323188541278,0.0512410305853457,0.048732804556878,0.0489847841654666,0.0519957174619763
"12",0.00222437643550044,0.00249963275121881,0.00314309931413845,0.00408922211756579,0.00536099397159519,0.00705321136553207,0.00922548902004484,0.0119081876790244,0.0151116849047428,0.0188257794842587,0.0230123849939941,0.0275988729053638,0.0324757167921119,0.0374993756501033,0.042500319356758,0.047295594106713,0.0517042448510823,0.0555636070855252,0.05874189976054,0.0611367949296924,0.0626596735410848,0.0631786516783286,0.0625388691283095,0.0608125302919629,0.0583449479361059,0.0564415065249793,0.0575230194646561,0.0615303139590593
"13",0.0014896021067827,0.00170176863545144,0.00218897715100177,0.00291466501747073,0.00390683494046865,0.0052489096149916,0.00700546562993231,0.00922447794203338,0.01194214484304,0.0151807159390366,0.0189409456622646,0.0231943803341991,0.0278783872057442,0.032895058289962,0.0381144362739724,0.0433821308998004,0.0485302644317833,0.053390401396429,0.0578039990410152,0.0616188510895236,0.0646715683042131,0.0667241959408764,0.0674944333913103,0.0669588239416024,0.0654157402698635,0.0643015405352731,0.066377744246807,0.0715035369251433
"14",0.00098086747777846,0.00113968084250686,0.00149974208183572,0.00204324863464944,0.00279935580974888,0.00383988487092927,0.00522906979698678,0.00702428128929307,0.00927860310258104,0.0120383670229354,0.0153362796529596,0.0191836597514649,0.0235639454121829,0.0284285399792762,0.0336956854020256,0.0392528616460656,0.0449621477703207,0.0506678768378478,0.0562024178001263,0.0613776575268075,0.0659630368814636,0.0696135705092217,0.0719093880291158,0.0727141939322788,0.0722575188580713,0.0720866444314994,0.0752897239038455,0.0816217507461743
"15",0.000635491738009018,0.000751316308103771,0.00101160156476383,0.00140998713752995,0.00197420907985208,0.00276479039809815,0.00384202411715947,0.00526642054048805,0.00710045160676975,0.00940665845835511,0.0122421375481058,0.0156516176237805,0.0196605624291722,0.0242691013632733,0.0294474372767806,0.0351333849002442,0.0412317602581534,0.0476155360864842,0.0541249609925668,0.0605515582181522,0.0666090763854503,0.0718506460636545,0.0757162083090949,0.0779459950367401,0.0786833119630744,0.0795641309473045,0.0839791664356574,0.0915604572131738
"16",0.000405547721414945,0.000488136094871944,0.000672683498755438,0.000959300108792979,0.00137285500386499,0.00196340671234788,0.00278526726426632,0.0038977862474139,0.00536708185863505,0.00726520521843867,0.00966639102704397,0.0126416235846273,0.0162522916026462,0.020543339628479,0.025536304733575,0.0312227885578032,0.0375581239198912,0.0444555513358563,0.0517774240492702,0.05930985945704,0.0667244064605284,0.0734824079481326,0.0788883369541182,0.0825556977300556,0.0845304175996545,0.0865148314418914,0.0921701411393845,0.100992793101193
"17",0.000255423782120568,0.000313250411695222,0.000442083970536597,0.000645317437571275,0.000944380167014057,0.00138011066653881,0.00200007441132501,0.00285990318268037,0.00402540941015945,0.00557298556592549,0.00758775397386705,0.0101599840122595,0.0133799836328363,0.0173314268217421,0.0220831038876524,0.0276793396414819,0.0341286501815366,0.0413911351584297,0.0493613254285921,0.0578324875532122,0.066447571223554,0.0745895399097278,0.0814384386761016,0.086485065083876,0.0896739012854932,0.0927531083872539,0.0996169293351097,0.109621316801699
"18",0.000159352811948352,0.000199359893801258,0.000288444659621019,0.000431376885801016,0.000646180067413362,0.00096595682083813,0.00143169264559426,0.00209414981481677,0.00301649150435277,0.00427588025392987,0.00596344352082296,0.00818263256048813,0.0110457274755521,0.014668015255482,0.0191591657561724,0.0246116214558661,0.0310852129826439,0.038588473504377,0.0470534236653829,0.0562894395557614,0.0659229701540849,0.0752735176352467,0.083412404644289,0.0897180348719973,0.094036349245202,0.0981440024514191,0.106128372784838,0.11720830712225
"19",9.91474009209933e-05,0.000126757236883363,0.000188344533663307,0.000289017788080447,0.000443792369743393,0.000679586798550761,0.00103156611329462,0.00154549038065355,0.00228082373555044,0.00331336969799235,0.00473682322740017,0.00666294723974744,0.00921978626499989,0.0125470635690293,0.0167878325606977,0.0220757239342133,0.0285165476593092,0.036164543342063,0.0449899651546671,0.0548232291177678,0.0652838085937248,0.0756425139330779,0.084880331360546,0.0922782165721105,0.0975924177475843,0.102614737833557,0.111586156713311,0.123599459120853
"20",6.22648249170953e-05,8.15417582627365e-05,0.000124710414485063,0.0001967295934447,0.000310174215208776,0.000487255637720451,0.000758376343745046,0.00116480724591186,0.00176218901806552,0.00262398825522213,0.00384433352647606,0.0055397466755944,0.00784894423993632,0.0109295506305589,0.0149503945114109,0.0200782760470997,0.0264574924765361,0.0341821465959525,0.0432577425375923,0.0535369200081244,0.0646386928432322,0.0757985175350008,0.0859261183912648,0.0942225578255643,0.100367477666395,0.10615859729007,0.115953761862041,0.12873669203016
"21",4.02415102598605e-05,5.41191409224727e-05,8.53757455567898e-05,0.000138652260135897,0.000224682470176749,0.000362273360451445,0.000578193213071344,0.000910064239532167,0.00141014803892559,0.00214940403152402,0.00322129395476739,0.00474474130933287,0.00686526582510559,0.00975290933422801,0.0135953042233678,0.0185843831905658,0.0248945872879468,0.032652303294569,0.0418928086575045,0.0524892262920985,0.0640637659941181,0.0758276478162128,0.0866373790054946,0.0956322462738959,0.102430564751471,0.108830421791429,0.11927437803964,0.132657618947689
"22",2.74828927391372e-05,3.80023088475002e-05,6.18554595064966e-05,0.000103362891097819,0.000171961832540737,0.000284129312170898,0.00046404305271819,0.000746603058177874,0.00118140504772913,0.00183721034431971,0.0028064319779151,0.00420899312935985,0.0061944844703162,0.008941082488239,0.012649343950299,0.0175290723079559,0.023776760715576,0.0315430744585302,0.040886427830262,0.0516968591921013,0.0636011339289422,0.0757948376575566,0.0870970257080589,0.0966021349307439,0.103882625474994,0.110734293440706,0.121657888848365,0.135481473290226
"23",2.03637809472559e-05,2.88922252449711e-05,4.83560929298387e-05,8.28222207873183e-05,0.000140877352937315,0.000237499679770161,0.000395147610231272,0.000646852116174595,0.00104030458852574,0.00164258824217859,0.00254511056218149,0.00386807043935008,0.00576333438116598,0.00841408603739081,0.0120292042101134,0.0168303499933767,0.0230290072211872,0.0307927251338279,0.0401964306534959,0.0511427812106331,0.0632629210727441,0.0757429944168979,0.0873773902743508,0.0972301855383046,0.104842020253813,0.112005697136052,0.123259547128473,0.13738444042691
"24",1.65808491609795e-05,2.3996534664629e-05,4.1006109411804e-05,7.15041705437194e-05,0.000123561839803522,0.000211260668677827,0.000356005618760119,0.000589652855479077,0.000958661633584005,0.00152897938926574,0.00239124402280613,0.00366562950736107,0.00550518252339441,0.008095957222633,0.011651804063135,0.016401654548114,0.0225663723903121,0.0303242694651195,0.0397610166277476,0.0507877569046091,0.0630390481100488,0.0756957403689724,0.087537180178944,0.0976084868602501,0.105430017769148,0.112791966047347,0.124255227430208,0.138570236290494
"25",1.46999146228917e-05,2.15392807813314e-05,3.72768806373697e-05,6.57050655881727e-05,0.000114610217759771,0.000197583239571224,0.000335442055304794,0.000559375477967216,0.000915127749295913,0.00146796606341012,0.00230803132569047,0.00355539689621095,0.00536367063736536,0.00792041701032373,0.0114421995360986,0.0161620050468707,0.0223060169655511,0.0300587427829042,0.0395121382830669,0.0505824342511576,0.0629064386561672,0.0756622819500474,0.0876209531530973,0.0978168281300573,0.105758575820221,0.11323457213411,0.124818098893493,0.139241872582625
"26",1.38506906391677e-05,2.04214918236453e-05,3.55659305276931e-05,6.30238975069829e-05,0.000110442427022483,0.000191173776197988,0.000325746456359221,0.000545015574815062,0.000894362224533182,0.00143870032724164,0.00226789977786328,0.00350195103148242,0.00529470134736294,0.00783442510847831,0.011339001055728,0.0160434170837724,0.0221765163563286,0.0299259402157059,0.0393868627337995,0.0504781678841356,0.0628379135704654,0.0756429819118768,0.0876602498177586,0.0979187218885374,0.105921145887437,0.113454856971977,0.125099175943973,0.139577768616647
"27",1.35230931734891e-05,1.99878846305339e-05,3.48980405462103e-05,6.19713379343352e-05,0.000108797832679038,0.000188632590452967,0.000321885124001026,0.000539271953096383,0.000886021703993499,0.0014268977011464,0.00225165060699705,0.00348022673675116,0.00526656047483558,0.00779920753245389,0.0112965805911229,0.0159944908794181,0.0221228866666849,0.0298707225427147,0.0393345332623479,0.0504343391234503,0.0628087561287361,0.0756341820913115,0.0876758053956221,0.0979603983099024,0.105988223600368,0.113546143410634,0.125215942215489,0.139717463169505
"28",1.34299939717384e-05,1.98642089488033e-05,3.47067597505833e-05,6.16687796556649e-05,0.00010832351365058,0.000187897420061974,0.00032076477250969,0.000537600790107994,0.000883588348744496,0.0014234451528097,0.00224688505460671,0.00347383935494338,0.00525826604373312,0.00778880208172815,0.0112840169271657,0.0159799657282524,0.0221069262681155,0.0298542469007877,0.0393188727259653,0.0504211695543223,0.0627999274425824,0.0756314065464058,0.0876802956485506,0.0979727011843568,0.106008139958836,0.113573325128213,0.125250767103611,0.139759156607609
