"","X0","X1","X2","X3","X4","X5","X6","X7","X8","X9","X10","X11","X12","X13","X14","X15","X16","X17","X18","X19","X20","X21","X22","X23","X24","X25","X26","X27"
"1",0.0687873448688139,0.0459259187862104,0.0518100435635766,0.0531454591473249,0.0534007027533553,0.0546313486847692,0.0556712300122318,0.0564928085633685,0.0567225858169226,0.0561636432029445,0.0547195128794616,0.0523973677365216,0.0492826899644678,0.0455165879862585,0.0412747485332277,0.0367483489212372,0.0321270088813855,0.0275844277179785,0.0232674593411136,0.0192891984541828,0.0157264530470236,0.0126219267109919,0.00999140148988197,0.0078339412486882,0.00614040281789451,0.00489150520115169,0.00435234847059613,0.0034835851984117
"2",0.059034175389721,0.0398131950505964,0.0453986436597705,0.0472843170695529,0.0483856162681753,0.0504242801335513,0.0523575534678231,0.0541119638705503,0.0553137360105983,0.055739314832472,0.0552554539118073,0.0538267604484557,0.0514979443950433,0.0483768433469644,0.0446171357041677,0.0404010012376907,0.0359220037467524,0.0313691322931641,0.0269131379149659,0.0226962410113288,0.0188262141395541,0.0153759069200413,0.0123892683390908,0.00989162562692439,0.00789800689202541,0.00640748040201469,0.00579112388233067,0.00468192403485932
"3",0.0483543265046976,0.033052174062527,0.038224400641658,0.0406014638398704,0.0425100622871276,0.0453198437516899,0.0481352442403267,0.0508435470929491,0.0530791945401753,0.0545947213040722,0.0552177676675308,0.0548631717648385,0.0535238801747742,0.0512611345741133,0.0481925980527108,0.0444783896466774,0.040305281433635,0.0358701045076175,0.0313637708215988,0.0269574831020589,0.0227929035950303,0.0189783785447685,0.0155934318568347,0.0126989617939489,0.0103447823804386,0.00855769638465621,0.00786252484115673,0.0064227605925098
"4",0.0386882732388214,0.0268452402972707,0.0315306690708085,0.0342054782228909,0.0366845924362998,0.0400357580578292,0.0435121067974827,0.0469802813186965,0.0500944788419109,0.0525942851614385,0.0542756770973218,0.0550066063452066,0.0547258543952677,0.0534405660521329,0.0512207449805948,0.0481901719040997,0.044513683068319,0.0403816565885368,0.0359931093485182,0.0315392998347533,0.0271903609084989,0.0230882729595518,0.0193499009157737,0.0160771218339352,0.0133628969815087,0.0112701955717752,0.0105217781614662,0.00868093960928254
"5",0.0303616190555953,0.0214097024221087,0.0255604764763901,0.028339289035294,0.0311399109585777,0.0347858055727713,0.0386734365577316,0.0426673211657475,0.0464528465826498,0.0497699330658335,0.0523944245298833,0.054155576239745,0.0549413167707081,0.0547024747833576,0.0534538682175353,0.0512711014726246,0.0482824591861643,0.0446562471441091,0.0405846600902116,0.0362661406450016,0.031889405706991,0.0276237829207931,0.0236214214552702,0.0200278189028228,0.0169859073643656,0.0146025250136339,0.0138468667151826,0.0115336619488929
"6",0.0233932665873012,0.0167790591870296,0.0203746280218133,0.0230954707674415,0.0259992249999029,0.0297180067121816,0.0337815999696477,0.0380676073092329,0.0423022894283551,0.0462393614984023,0.0496482626043626,0.0523317371486426,0.0541354496197847,0.0549575237353252,0.0547556425107569,0.0535499733105369,0.0514206472061294,0.0484994261179026,0.0449560174185105,0.0409807855280164,0.0367675300079664,0.0325023651770677,0.0283664030441726,0.0245477869604514,0.0212436548017625,0.0186106163594864,0.0179161132093147,0.0150595507584949
"7",0.0177026979057548,0.012925566282645,0.0159714988365211,0.0185130252938613,0.0213457076621686,0.0249552642498982,0.0289911462909835,0.0333547956186856,0.03782020797912,0.0421669470701923,0.0461722620245205,0.0496270276667579,0.0523474503225255,0.0541880269913724,0.0550533500338184,0.0549066006673872,0.0537728305039272,0.0517358485121753,0.0489283344767614,0.0455164595042436,0.0416830049109031,0.0376164341788845,0.0335160222747006,0.0296072420348559,0.0261420214891541,0.0233296925260731,0.0227887477606246,0.0193217869314764
"8",0.0131606624244799,0.00978861685541331,0.012312685828235,0.0145947435985627,0.0172298335906826,0.0205934704954115,0.0244385788561571,0.0286964844830397,0.033192353916611,0.0377409928558981,0.0421404941155792,0.0461851433031645,0.0496770702890991,0.052440522630776,0.0543365581193878,0.0552758240849089,0.0552270463121477,0.0542192664783957,0.0523365129199619,0.0497055482004473,0.046480879856349,0.0428359447626552,0.0389732261502973,0.0351455732317364,0.031655841917168,0.028765070860453,0.0284936495971174,0.0243574042658567
"9",0.0096139140812568,0.00728851260547658,0.00933523932584488,0.0113149459933308,0.0136714626911,0.0166979879026493,0.0202334090075576,0.0242406378385091,0.0285959078232491,0.0331552042186971,0.0377479344865148,0.0421859319787318,0.0462733040141109,0.0498200166827724,0.0526574389244487,0.054653608175415,0.0557256006681675,0.0558464271023681,0.0550442424949748,0.0533938365225248,0.0510047567099314,0.0480165239756818,0.0446166248166476,0.0410709540178618,0.037724631016615,0.0348847354825014,0.0350191267699591,0.0301670846730943
"10",0.00690241528338337,0.00533655888246832,0.00696125333782868,0.00862651230088616,0.0106632561055106,0.0133030695714572,0.0164531923237948,0.0201062849827432,0.0241863508215521,0.0285927784368797,0.0331933021698214,0.0378288366068558,0.0423203556818055,0.0464801613905657,0.0501263318471384,0.0530984406605036,0.0552719530626582,0.0565683443137443,0.0569579991141736,0.0564552849999061,0.0551104224101578,0.0530103516088385,0.0503075275135181,0.047263039680569,0.0442510208710931,0.0416140978687336,0.0423045333110047,0.0367063248424008
"11",0.00487170152831626,0.00384289058042693,0.00510599310386532,0.00646791070209875,0.0081756942870753,0.0104142520737513,0.0131425399218445,0.0163786394293348,0.0200885379996662,0.0242137963867642,0.0286637061738185,0.0333162507026512,0.0380215028062423,0.0426095067531929,0.046902037697192,0.050726812307458,0.0539318072305092,0.0563966260036779,0.0580374965727731,0.0588049524714588,0.0586793360820667,0.057678374942396,0.0558994030905303,0.0535787380266479,0.0511025311683919,0.0488340855181931,0.0502353111910216,0.0438795652486275
"12",0.00338106618985178,0.00272219649675119,0.00368447173823433,0.00476980933131913,0.00616302457022398,0.00801296100436905,0.0103154612261039,0.0131083152779935,0.0163921320353195,0.0201466239745465,0.0243223111021098,0.0288383403197303,0.0335824971228951,0.0384152534820461,0.0431777790353018,0.0477030149743473,0.0518278680495848,0.0554036012215589,0.0583008139024609,0.0604080468873901,0.0616300282579522,0.0619022805498651,0.0612487676417749,0.059860749558847,0.0581170740816945,0.0563835794460876,0.0586430223356149,0.0515389101860183
"13",0.00230815081978836,0.00189747552990664,0.00261635270513453,0.00346080323737,0.00456936430405867,0.00606238051105048,0.00796009349131622,0.0103139088800482,0.0131510729982758,0.0164835491859732,0.0202998475415755,0.0245606932272123,0.0291962197696604,0.0341063133608168,0.0391644155355799,0.0442243464435672,0.0491286535330096,0.0537158650078684,0.0578231174280366,0.0612835274655749,0.0639256288272176,0.0655945485500272,0.0662262135206277,0.0659481774047121,0.065112167621827,0.0640668167307142,0.0673115474748197,0.0594887488942232
"14",0.0015506585230863,0.00130207467499889,0.00182920418895842,0.00247194410416264,0.00333430384489569,0.00451367087012247,0.00604477322662931,0.00798695239058741,0.0103863427314473,0.0132803516461047,0.0166902354748496,0.0206156779072371,0.0250300187336812,0.0298774701411669,0.0350728075722209,0.0405034142524606,0.0460325772865091,0.0515017878905947,0.0567287911908549,0.0615014139482046,0.065576219147228,0.0687050981631828,0.0707261908413974,0.0716881640211949,0.0718973124538654,0.0716657437083393,0.0759898933698672,0.0674969076961452
"15",0.00102596827856271,0.000880348353957048,0.00126027709596176,0.00173995165743692,0.00239755755001795,0.00331178443417452,0.00452447545205925,0.00609817037050666,0.00809103242897363,0.0105590849981805,0.0135500552926717,0.0170978326627977,0.0212166787742915,0.0258961558579121,0.031097232941786,0.0367495749890805,0.0427491746622781,0.0489544281841323,0.0551777864993067,0.0611739129498003,0.0666354743910242,0.0712235139192674,0.0746742859990096,0.0769472921836745,0.0782884497199577,0.0789565136450945,0.0844110238362945,0.0753119628717828
"16",0.000669389554108264,0.000587311877103947,0.000857076137717135,0.00120915612695916,0.00170243476444295,0.00240036633796502,0.00334684018263842,0.00460406217266623,0.00623666190009895,0.0083131149295075,0.0109011970407726,0.0140630880059753,0.0178494354990974,0.0222929130914013,0.0274015275162857,0.0331516111315533,0.039479750127696,0.0462720023942775,0.0533479409225955,0.0604414933497406,0.0671920040738641,0.0731765504664975,0.0780311009320054,0.0816214348691082,0.0841229468167919,0.0857284837704255,0.0923149516147152,0.0826851543939827
"17",0.000431685842271869,0.000387644483665328,0.000577035971252969,0.000832344888998831,0.00119810297160953,0.00172547602457643,0.00245726258941362,0.00345304256894447,0.00477980399341082,0.00651340845511795,0.00873579589537456,0.0115312404406738,0.0149809525240107,0.0191561053889508,0.0241092110964577,0.029863549477127,0.0363998203645804,0.04363849132127,0.0514157279184867,0.0594559400299082,0.0673567326671002,0.0746214167316394,0.0807923562839453,0.0856428662103233,0.0892732465446361,0.0918033396685905,0.0994732175859266,0.0893941820617298
"18",0.000276349541170599,0.000254345699381591,0.000386609626051434,0.000570756080172924,0.000840765973037241,0.0012380855973178,0.00180278730145588,0.00259063983483861,0.00366828446006428,0.00511518110558845,0.00702252072338467,0.00949087948429465,0.0126258015035143,0.0165309487369414,0.0212983487891243,0.0269951016940344,0.0336454972605638,0.0412069976711062,0.0495382273382268,0.0583629927091534,0.0672483852786114,0.0756360660444987,0.0829854181141838,0.0889837440571208,0.0936572570883521,0.0970515526806641,0.105711125046248,0.0952653305608912
"19",0.000176960205982781,0.000167279819195411,0.000260037989632278,0.000393481273915466,0.00059397027053456,0.000895472769101876,0.0013347713712457,0.00196351197301365,0.00284648589050642,0.00406421090993519,0.00571337154530117,0.007905896537087,0.0107657228028554,0.0144224938257546,0.0190013213385401,0.024607580001846,0.0313053812299042,0.0390880543990649,0.0478389247253162,0.0572872587524329,0.0669794635556536,0.0763081992701359,0.0846629784645738,0.0916555412287288,0.0972438732927032,0.101403494368413,0.110924040486111,0.100190221702508
"20",0.000114824914306278,0.000111771653945418,0.00017801213820799,0.000276519971355439,0.000428286456592569,0.000661721041182859,0.00101043959982728,0.00152225582688205,0.00225952819854554,0.00330235949883004,0.00475030480852983,0.00672273759306916,0.00935679413569573,0.012801822181724,0.0172090969527863,0.0227153889442853,0.0294186938239857,0.0373442600244987,0.0463992565590555,0.0563216262672192,0.0666449205929554,0.0767248070015847,0.0858949972852741,0.0937045695631957,0.100052699692911,0.104853259890575,0.115084856971524,0.104134188411448
"21",7.69945515310955e-05,7.73525736318846e-05,0.000126378578387938,0.00020168608576757,0.000320603113607807,0.000507575524462647,0.000793547504835464,0.00122313402611581,0.00185629702791385,0.00277206135062638,0.00407120274721713,0.00587767584364316,0.00833759902180946,0.0116144749825875,0.0158791072232683,0.0212924580446443,0.027979440423002,0.0359915655214571,0.0452567755165627,0.0555225050711803,0.0663151143893456,0.0769638088171103,0.0867601505023667,0.0952042787655571,0.102147940509701,0.107454431541595,0.118241177359469,0.107134663382597
"22",5.46765445189019e-05,5.67054463000562e-05,9.49818338230349e-05,0.000155516361685585,0.000253237164081736,0.000409898310739632,0.000654406171412266,0.00102893837151866,0.00159144311542408,0.00241974161340516,0.00361492227144744,0.00530357221615968,0.00763758936169182,0.0107900773993944,0.0149455537728321,0.0202824462522758,0.0269456029146471,0.0350065389575059,0.044409702207771,0.054911142627253,0.0660337190857402,0.0770887702522876,0.0873378821083178,0.0962453517904105,0.103627247982373,0.109308268097733,0.120502442778562,0.109289624990684
"23",4.201607189988e-05,4.48179352162238e-05,7.66885262722813e-05,0.000128273484049403,0.000213006550077355,0.000350916512210378,0.000569490912529689,0.000909205306406366,0.00142650879978078,0.002198189705717,0.00332524234296968,0.00493565740333502,0.00718483133057669,0.0102519803363483,0.0143306286112201,0.0196109506084147,0.0262514900394443,0.0343378187857397,0.0438263607696946,0.0544799836105791,0.0658201673105839,0.0771469342576939,0.0877019394782059,0.0969250331142386,0.10460740271674,0.110546501522276,0.122019528856322,0.110738435101454
"24",3.51903665013564e-05,3.83267072938812e-05,6.65974022870554e-05,0.000113084095970603,0.000190347726947716,0.000317386215804993,0.000520787030006232,0.00083994121503357,0.00133029966035887,0.00206790207222137,0.00315353510752342,0.00471587783145924,0.00691230181956998,0.00992564039254105,0.0139548944114316,0.0191975259501342,0.0258207253355988,0.0339191007233258,0.0434569660274529,0.0542019573763796,0.0656752115637618,0.07717009240934,0.0879159979563981,0.0973374141616231,0.105209604708264,0.111312412269949,0.122961396002963,0.111639483459855
"25",3.17547794714931e-05,3.50247413905554e-05,6.14211560081529e-05,0.000105224335593082,0.000178525865672842,0.000299759474447394,0.000494998150662569,0.000803010216602309,0.00127865525285896,0.00199750451418338,0.00306016208695158,0.00459561381784688,0.00676225638057666,0.00974488162114851,0.0137455250610795,0.0189657542650925,0.0255776998453023,0.0336812070201941,0.0432452489181602,0.0540403995681168,0.065587841112751,0.0771773531545412,0.0880314748492588,0.0975659382687237,0.105546800722344,0.111743641057394,0.123493284487868,0.112149039275756
"26",3.01883570856726e-05,3.35065875376148e-05,5.90255545514044e-05,0.000101561812399322,0.000172981472414892,0.000291443629062419,0.000482762920995257,0.000785393692827847,0.00125389074099863,0.001963574835023,0.00301493446162076,0.00453707717803714,0.00668887590925183,0.0096560660852273,0.0136421730307142,0.0188508064875769,0.0254565817387846,0.0335620069753154,0.0431384580085064,0.0539580702642482,0.0655421432604562,0.0771787395168576,0.0880870034844728,0.0976782717971456,0.105713926107273,0.111958299545911,0.123758672053056,0.112403564492646
"27",2.95796582723709e-05,3.29129904378058e-05,5.80843378384456e-05,0.000100115600304846,0.000170781832256719,0.000288130174854905,0.000477867674453504,0.000778317493817763,0.00124390515265891,0.00194984256918421,0.0029965629919048,0.00451321509368974,0.00665885878938271,0.00961961081785756,0.0135996072109378,0.0188033030922172,0.0254063506845968,0.0335123784319966,0.0430937831066262,0.0539233775150755,0.0655225391693876,0.0771786400872582,0.0881094244765956,0.09772439627848,0.105782971191359,0.112047266391959,0.123868854372059,0.112509322814535
"28",2.94058406790023e-05,3.27428009429347e-05,5.78136328421218e-05,9.96982969509849e-05,0.00017014518461539,0.000287168459257356,0.000476443049156982,0.000776252870486461,0.00124098440138437,0.001945816198496,0.00299116366499104,0.00450618592083404,0.00664999654028964,0.00960882388408043,0.0135869844766937,0.0187891849125839,0.0253913875098408,0.0334975574615194,0.043080400425645,0.0539129368212754,0.0655165731580848,0.0771784800441406,0.0881159861231246,0.0977380475260442,0.105803489074547,0.112073759888357,0.123901702791213,0.112540869041921
