"","X0","X1","X2","X3","X4","X5","X6","X7","X8","X9","X10","X11","X12","X13","X14","X15","X16","X17","X18","X19","X20","X21","X22","X23","X24","X25","X26","X27"
"1",0.0110527790799779,0.0151695080466962,0.0230000440665988,0.03266547077989,0.0439938816864194,0.0560787776112989,0.0676221063550113,0.0772706454952306,0.0838681763175792,0.0866552851188416,0.0854085573670644,0.0804596188535592,0.0725857414974541,0.0628206448668401,0.0522471822455799,0.0418229159440584,0.0322690991112296,0.0240302423296028,0.01729232033255,0.0120377433085609,0.00811438229930704,0.0053010269930241,0.00335905017885431,0.00206703002323757,0.00123943060578775,0.000735611294716434,0.000445817791467638,0.000386910399558139
"2",0.00750311458062172,0.0105522515103553,0.0165534585663667,0.0244603261591814,0.0343398005817988,0.0456601250956374,0.0574507892704863,0.0684951971581746,0.0775331469569729,0.0834878355105042,0.0856821150200112,0.0839658667969838,0.0787149343288363,0.0707162717463775,0.060984440618472,0.0505644780880271,0.0403687067471888,0.0310754492945155,0.0230949232844021,0.0165900296769167,0.0115309743107494,0.00776221514740049,0.00506532600130907,0.00320870979633591,0.0019807647103142,0.0012124719280169,0.000760493518640036,0.0006857835953998
"3",0.00435480486800295,0.00636081965801093,0.0104951494462915,0.0164049765486971,0.0243743642320058,0.0342708069669854,0.0455451291276687,0.0572730053647849,0.0682649418448992,0.0772639232603093,0.083194558059396,0.0853826786508258,0.0836780961807082,0.0784532073050207,0.0704899333072763,0.0607976275439034,0.0504168433755156,0.0402566852372037,0.0309936505795408,0.0230373336380466,0.0165508944036077,0.0115054229350321,0.00774699009831166,0.00506067248682586,0.00322146124244058,0.0020374315443744,0.0013251468826007,0.00124344521171081
"4",0.00229745577002308,0.00351751097674652,0.00616056602160697,0.0102618964432906,0.0162281734238616,0.0242366637278204,0.0341471802104711,0.045431532721405,0.057174041972899,0.0681817988364721,0.0771950252832242,0.0831382922433872,0.0853376999173425,0.0836430225326124,0.078426581515657,0.0704702927007741,0.0607835673844241,0.0504070809899065,0.0402501129839464,0.0309893657495785,0.0230346713587716,0.0165496129476529,0.0115066069438806,0.00775646458033876,0.0050949787217769,0.00333236636978496,0.00224977477322338,0.002197662899118
"5",0.00111966242032897,0.00180965302914301,0.00338278098028901,0.00602554753716553,0.010166216219229,0.0161603085092234,0.024183070018424,0.0341042336131182,0.0453993769485575,0.0571512767827359,0.0681660361329155,0.0771842489641316,0.0831310364096391,0.0853328865614241,0.0836398703502885,0.0784245442129677,0.0704689954152129,0.0607827553044197,0.0504065837576618,0.0402498268346522,0.0309892965533228,0.0230352883028029,0.0165534959136613,0.0115245778480539,0.00781853274426191,0.00529448120827616,0.00371517391939707,0.00378024350869264
"6",0.000506535205502692,0.000869305771445657,0.00174038947143141,0.00332066884863414,0.00598498893280907,0.0101398898064506,0.0161412542434938,0.0241689729198284,0.0340945856155674,0.0453932493015049,0.0571475214731634,0.0681637846478402,0.0771829338513568,0.0831302876606258,0.0853324682099376,0.0836396397242538,0.0784244184642604,0.0704689279532207,0.0607827229808906,0.05040659350358,0.040250021694454,0.0309905952991756,0.0230422500886361,0.0165849549984723,0.0116330381154598,0.00816735407699082,0.00596561243466226,0.00632703470634798
"7",0.000213028149191069,0.000390156696490732,0.000838484296189459,0.00171529815231713,0.00330557891025846,0.00597597800890946,0.0101338171128626,0.0161370038968698,0.0241662320174847,0.0340929662448748,0.0453923334130237,0.0571470171202674,0.0681635166401953,0.0771827970864546,0.0831302202260239,0.0853324358995345,0.0836396248260399,0.0784244130913576,0.0704689344407403,0.0607827817679236,0.0504069806112184,0.0402523501307672,0.031002651027395,0.0230959288919744,0.0167696364989017,0.0122266987894196,0.00931186095948873,0.0103012750938223
"8",8.33019218750039e-05,0.000163543351890362,0.000377874649579193,0.00082933496601945,0.00171022554421348,0.00330278486230991,0.00597421465281047,0.0101326364963524,0.0161362753597296,0.0241658236958127,0.0340927478566132,0.0453922195512659,0.0571469600213381,0.0681634894089445,0.0771827847002833,0.0831302149169419,0.0853324343121169,0.0836396277957687,0.0784244342903319,0.0704690571241447,0.0607835069081899,0.0504110752618296,0.0402728043685158,0.0310921147832697,0.0234024796600718,0.0177530281685639,0.0141247551624107,0.0163102502088032
"9",3.02775727027529e-05,6.39767595779726e-05,0.000159107257147258,0.000374835570273918,0.000827780899266406,0.00170943575343493,0.00330231847347003,0.00597391510228273,0.0101324585568082,0.0161361800084967,0.0241657749746398,0.0340927234615741,0.0453922077864388,0.0571469546622939,0.0681634871481711,0.0771827840853255,0.0831302163475694,0.0853324434458851,0.0836396751092107,0.0784246818838612,0.0704703989105618,0.0607906024057431,0.0504451165041594,0.0404185154418637,0.0315882002590859,0.0249877364210491,0.0208132029636156,0.0251049922354871
"10",1.02226815205212e-05,2.33337908866285e-05,6.2517659231334e-05,0.000158185025125277,0.000374400726711347,0.000827577186628052,0.00170932373683612,0.00330224960425956,0.00597387569723662,0.0101324383487172,0.016136170131862,0.0241657702095136,0.0340927212414216,0.0453922068371448,0.0571469544250537,0.0681634878701892,0.0771827884132336,0.0831302375329987,0.0853325447588095,0.083640165842113,0.0784271332209291,0.0704825170070041,0.0608462054472368,0.0506771189909444,0.0412012328105265,0.0340745745990283,0.0297825764785098,0.0375514697263249
"11",3.20338805594185e-06,7.9254969497725e-06,2.28959452263073e-05,6.22618492062276e-05,0.000158073930269116,0.000374352812493575,0.000827552834758402,0.0017093094822447,0.00330224176488241,0.00597387185880991,0.0101324365606776,0.0161361693040598,0.0241657698472075,0.0340927211575524,0.045392207183918,0.0571469564787236,0.0681634978413358,0.0771828345956733,0.0831304468007358,0.0853334946691775,0.0836445723842408,0.0784475116304377,0.0705716650918371,0.0612073938571081,0.0518811415201724,0.044994520195603,0.0413728221839585,0.0545621493346811
"12",9.3061253659794e-07,2.50364480907357e-06,7.8055731992662e-06,2.28311160584913e-05,6.22359662160767e-05,0.000158063662063806,0.000374348032789469,0.00082755019259109,0.00170930809098925,0.00330224111716156,0.00597387157353309,0.0101324364383133,0.0161361692775393,0.0241657699933057,0.0340927220541588,0.0453922116928562,0.0571469776746413,0.0681635929987761,0.0771832487799437,0.0831322305490213,0.0853412530796569,0.0836782499291046,0.0785877468915787,0.0711214715712412,0.063012877948805,0.0575086790505727,0.0557813196502568,0.0769813528382768
"13",2.50285092951487e-07,7.34450484390276e-07,2.47367601352052e-06,7.79057829803263e-06,2.28256270808054e-05,6.22339626009039e-05,0.000158062816163294,0.000374347595899761,0.000827549973454195,0.00170930799454857,0.00330224107834063,0.00597387156572656,0.0101324364898326,0.0161361696171232,0.0241657718206897,0.0340927310971419,0.0453922536393238,0.0571471623176652,0.0681643739981926,0.0771864783042408,0.0831455420408479,0.085395793399884,0.0838944640893836,0.0794058326584621,0.0737601438421749,0.0711286982601854,0.0729827476858646,0.10542771113528
"14",6.22098378719733e-08,1.99724507545105e-07,7.27624233555521e-07,2.47051534375647e-06,7.78952161160592e-06,2.28252716020631e-05,6.22338277842808e-05,0.000158062751965221,0.000374347565437011,0.000827549961059683,0.00170930799191914,0.00330224109304184,0.00597387167319964,0.0101324371235798,0.0161361730065875,0.0241657885670827,0.0340928083996896,0.0453925903444121,0.0571485602772907,0.0681699850127422,0.0772086291940209,0.08323181378081,0.0857220136687624,0.0850836629484099,0.0831630448693287,0.0851340385420626,0.092664915453465,0.140111849080209
"15",1.42603436935861e-08,5.0245130546052e-08,1.98309562313343e-07,7.27018337327773e-07,2.47033137985072e-06,7.78946441661504e-06,2.28252522874035e-05,6.22338194429067e-05,0.000158062748286491,0.000374347564429885,0.000827549964311272,0.00170930801959529,0.00330224127541771,0.00597387274846838,0.0101324429074896,0.0161362017252985,0.0241659214194821,0.0340933854555046,0.0453949621495196,0.057157887284064,0.0682055964956291,0.0773414779624859,0.0837125406325916,0.0874094022799434,0.090293750751456,0.098647752958459,0.114202646276308,0.180664340680355
"16",3.00711144735750e-09,1.16660353843889e-08,4.99788626592191e-08,1.98204206625005e-07,7.26989520342732e-07,2.47032306614986e-06,7.78946193320145e-06,2.28252513369525e-05,6.22338191120965e-05,0.000158062748808589,0.000374347570094623,0.000827550006861165,0.00170930830092208,0.00330224295164004,0.0059738818700426,0.0101324886983602,0.0161364153543698,0.0241668528675478,0.0340972017812955,0.0454097780857528,0.0572130555267068,0.0684041737782987,0.0780319576749322,0.0860472438943352,0.0944417253916429,0.110766901502357,0.136688354081061,0.226022149213783
"17",5.81568074475102e-10,2.49300781694003e-09,1.16206884119732e-08,4.99623003815546e-08,1.98200172847053e-07,7.26988435125447e-07,2.47032278061859e-06,7.78946184429996e-06,2.28252513898025e-05,6.22338200119736e-05,0.000158062756697604,0.000374347629604208,0.00082755040588285,0.00170931071802982,0.00330225633778091,0.00597395020710425,0.0101328119873982,0.0161378376215866,0.0241726916810631,0.0341197065249327,0.0454920340211964,0.0575005644897828,0.0693689595033472,0.0811783813405366,0.0952812260856135,0.120723887454775,0.159026481780027,0.274423630752438
"18",1.02779505212007e-10,4.88761536632716e-10,2.48604712819585e-09,1.16183439582132e-08,4.99618004182499e-08,1.98200046856315e-07,7.2698840639081e-07,2.47032278108957e-06,7.78946195254183e-06,2.28252525327566e-05,6.22338300431576e-05,0.00015806283364967,0.000374348156286123,0.000827553669816224,0.0017093292187691,0.00330235283878399,0.0059744148613602,0.0101348807656425,0.0161463713714362,0.0242054557578803,0.0342377717313362,0.0458947485941005,0.0588099422130453,0.0734947990743331,0.0929679760082904,0.128038043354897,0.180081108485249,0.323546532351626
"19",1.65264590498363e-11,8.75790537964957e-11,4.87803557670369e-10,2.48574970891117e-09,1.16182897312505e-08,4.99617876003244e-08,1.98200044850147e-07,7.26988415911042e-07,2.47032290913451e-06,7.78946329136038e-06,2.28252645017758e-05,6.22339240397018e-05,0.000158063494327841,0.000374352366102458,0.00082757817770901,0.00170946007094408,0.00330299446776927,0.00597730582021968,0.0101468642152861,0.0161922415603904,0.0243687799823856,0.0347832441557622,0.0476188629042884,0.0640692328499532,0.0881255037312637,0.132611177413453,0.198847334079999,0.370790695889205
"20",2.40522078726529e-12,1.42787581210815e-11,8.74616249904889e-11,4.87769928718607e-10,2.48574463794078e-09,1.1618288632384e-08,4.99617880920368e-08,1.98200056033817e-07,7.26988559094316e-07,2.4703244299607e-06,7.78947720182067e-06,2.28253767298125e-05,6.22347358942799e-05,0.000158068814685479,0.00037438412339262,0.000827751202632944,0.00171032091662388,0.00330690616150979,0.00599355750456843,0.0102088080088277,0.0164102658509483,0.0250831599252282,0.0369840440943991,0.0541314481466721,0.0817136282613434,0.134732561052884,0.214605134950152,0.413663651225521
"21",3.14848613449003e-13,2.10695559014825e-12,1.42660443267257e-11,8.74582575747741e-11,4.87769528318539e-10,2.48574459336779e-09,1.1618289443652e-08,4.99618011291698e-08,1.98200222301939e-07,7.26990343451358e-07,2.47034103568841e-06,7.78961400154505e-06,2.28263877933856e-05,6.2241492530259e-05,0.000158109793319888,0.000374609969502959,0.000828882544534202,0.00171547340314193,0.00332826576571209,0.00607440960428585,0.0104899139386584,0.0173148302295242,0.0278049495331496,0.0448145105975722,0.0748120838591212,0.13498706028669,0.227015422853611,0.450185159937497
"22",3.6788605295311e-14,2.79591789503145e-13,2.10575256462759e-12,1.42657480483774e-11,8.74582337698055e-11,4.87769586541655e-10,2.48574578378615e-09,1.16183072493784e-08,4.99620215712502e-08,1.98202554920604e-07,7.27011940756432e-07,2.47051887924746e-06,7.79093007031066e-06,2.28351917113289e-05,6.22948729692275e-05,0.000158403391961413,0.000376074964572119,0.000835515745520016,0.0017427542942868,0.00343045724349079,0.00642484958429782,0.0115977457010664,0.0205760037912906,0.0369470746309431,0.0683858955169503,0.134095425447992,0.236132782881327,0.479200635420183
"23",3.80155231085932e-15,3.31096044094305e-14,2.79493633759325e-13,2.10573011219752e-12,1.42657529189914e-11,8.74583628801473e-11,4.8777173939023e-10,2.48577539691383e-09,1.16186528150757e-08,4.9965520513194e-08,1.98233850951187e-07,7.27262442640268e-07,2.47232837442204e-06,7.80278190208587e-06,2.29057186585499e-05,6.26763079319182e-05,0.00016027769853692,0.000384440626722568,0.000869446028779827,0.00186805003450663,0.00385346478035224,0.0077384602163207,0.0153860282362069,0.0309478369132489,0.0631047601093964,0.132739801525046,0.242336035930389,0.500514550605465
"24",3.43485586617599e-16,3.46641768268824e-15,3.31028403304871e-14,2.79492855597083e-13,2.10574594576585e-12,1.42660410818237e-11,8.74626861375435e-11,4.87826475399262e-10,2.48637207628541e-09,1.16243537848358e-08,5.00139768857845e-08,1.98604416745354e-07,7.29831982689999e-07,2.48855737484495e-06,7.8963210417976e-06,2.33977718967205e-05,6.50368412040236e-05,0.00017059552175575,0.000425516260857929,0.0010185261247228,0.00236285588796199,0.00536306481582321,0.0120096115356919,0.0268358352624597,0.0592629253378738,0.131428565148995,0.246205027608134,0.514817663851125
"25",2.67593558263797e-17,3.17202079831867e-16,3.46609697211267e-15,3.31045472986783e-14,2.79529424234584e-13,2.10635478588974e-12,1.42744978349758e-11,8.75627151974054e-11,4.88852655965661e-10,2.49564870979293e-09,1.16992515213444e-08,5.05598766377748e-08,2.02224443327543e-07,7.51781057842528e-07,2.61052335820306e-06,8.51764857352748e-06,2.62968741004736e-05,7.74095919461083e-05,0.000218841452961805,0.000597419715586179,0.00157938328144424,0.00404556078190284,0.0100434583519599,0.0243320712004726,0.0568088007463478,0.130436509545397,0.248383882828912,0.523438218103646
"26",1.76667212686862e-18,2.50191757663807e-17,3.17341146991441e-16,3.4699610816284e-15,3.31789332047921e-14,2.80694384331332e-13,2.12162530534797e-12,1.44456612612932e-11,8.92327235947115e-11,5.03250451063498e-10,2.60673772000105e-09,1.2474393168946e-08,5.54906399659727e-08,2.30976787590018e-07,9.05940646105853e-07,3.37115972944694e-06,1.1968945522498e-05,4.06754175530741e-05,0.000132326309266815,0.000411013868370719,0.00121435378743397,0.00340270721721891,0.00904382788537065,0.0230111609232127,0.0554637689106705,0.129829332599547,0.249462662349111,0.52797162252842
"27",9.69438691240497e-20,1.68102867775374e-18,2.53409926814829e-17,3.24799431050236e-16,3.60549296865221e-15,3.51926413947469e-14,3.0583850431205e-13,2.39108306388015e-12,1.69666439123292e-11,1.10118257124831e-10,6.58332808468097e-10,3.64934338689467e-09,1.88724364225127e-08,9.15434809548759e-08,4.18212069237735e-07,1.80342563743848e-06,7.34046794213164e-06,2.8142664258511e-05,0.000101284944249043,0.000340988540526719,0.00107143594428953,0.00314159105380143,0.00862445186053852,0.0224408667182815,0.0548660978987173,0.129539106234997,0.249906168687483,0.529930188493795
"28",4.85539970459312e-21,1.14628318570336e-19,2.29188110462131e-18,3.83529928114913e-17,5.46568729223716e-16,6.73020131765569e-15,7.24768657617384e-14,6.89775668306609e-13,5.8564396170737e-12,4.47412845778035e-11,3.10026572917744e-10,1.96290458583165e-09,1.14300269924239e-08,6.15447151114943e-08,3.07621747989143e-07,1.43035864060883e-06,6.18922186687208e-06,2.48971667381122e-05,9.29479665601937e-05,0.00032155637824055,0.00103060786289474,0.00306506954860799,0.00849878750196156,0.0222666043128445,0.0546799130215961,0.129444548926768,0.250037237490496,0.530529827321996
