"","X0","X1","X2","X3","X4","X5","X6","X7","X8","X9","X10","X11","X12","X13","X14","X15","X16","X17","X18","X19","X20","X21","X22","X23","X24","X25","X26","X27"
"1",0.0207748401488988,0.0197125240498065,0.0271608615486274,0.0368440122477152,0.0471699874307154,0.0577726979699412,0.0675230678562362,0.0753452792386506,0.0803776624169307,0.0820985728143755,0.0804090661554478,0.0756276503891306,0.068403950431951,0.0595802082667022,0.0500392705905464,0.0405738076525573,0.0317988866279076,0.0241146624658165,0.0177129465644287,0.0126137494870515,0.00871599796743102,0.00584913888568833,0.00381662375103473,0.0024269701553588,0.00151693156595569,0.000943300300438168,0.000595180876495614,0.000482152144157071
"2",0.0146508727375605,0.0143656547568707,0.0204504884571702,0.0287132646672261,0.0381454088017594,0.0484904780532651,0.0588318419204026,0.0681430921282631,0.0754379432975159,0.0799255699938564,0.0811521804446721,0.0790729847092458,0.0740387574783048,0.0667067935260639,0.0579054821951217,0.0484891200293307,0.0392152125583373,0.0306642895884141,0.0232076832854971,0.0170166461661524,0.0120992799878776,0.00835040501465454,0.0056014383666927,0.00366165727959138,0.00235527183261896,0.00150977288473201,0.000983016014761277,0.000815393824037914
"3",0.00903044063748987,0.00929877383659549,0.0138685102315557,0.0204171014382564,0.02849167926556,0.0380065788706846,0.0483439842242131,0.0586451922012768,0.0679165981355497,0.0751802805732392,0.0796499641617406,0.080873644975493,0.0788058810914404,0.0737947940087926,0.0664938557706118,0.0577273634206278,0.048345973947578,0.0391044534338326,0.0305816628862884,0.02314832061109,0.0169760907627629,0.0120749519042667,0.00834326147962872,0.00561725536531497,0.00372568247461519,0.00246676971185223,0.00166016263859253,0.00141077194104741
"4",0.00514564949914388,0.00561773065222315,0.00883600317398113,0.0137093110027588,0.0201748544120892,0.0283302622875829,0.0378793565465503,0.0482335098232699,0.0585498422933024,0.0678356149359657,0.0751127271900421,0.0795946543264462,0.0808292634669701,0.0787710439336346,0.073768091659382,0.0664739017955522,0.0577128472732436,0.0483357199389861,0.039097505278595,0.030577471377768,0.0231472552039196,0.0169811967909257,0.0120944597773031,0.00839289301810849,0.00574536575529666,0.00393295200818943,0.00273772532841087,0.00238279125035538
"5",0.00274975942294317,0.00320312171438268,0.00533115636829289,0.00873597512922976,0.0135762908212845,0.0200933877436886,0.0282740120432762,0.0378365129485507,0.0482013983610199,0.0585263801818337,0.0678189030174021,0.0751010821052978,0.0795866912285437,0.0808239062891705,0.07876749208316,0.0737657703853609,0.0664724137473348,0.057711947579597,0.0483353664671873,0.039098133637773,0.030580888130534,0.023159748192128,0.0170179493588302,0.0121838617938264,0.00861841787708648,0.00610705863521375,0.00440041363550659,0.00392196110154182
"6",0.00138423966912929,0.00172817710095719,0.00304907341123759,0.00528229087878062,0.00867435709101101,0.0135418126550092,0.0200722548738243,0.0282592588007246,0.0378263882877295,0.048194658773696,0.0585220431436848,0.0678161998830875,0.0750994460118077,0.0795857265802658,0.0808233505027137,0.0787671803173164,0.0737656128135055,0.0664724101503452,0.057712323225443,0.0483370894343294,0.0391044971800713,0.0306028719123945,0.0232235422764737,0.0171726746459828,0.0125693151685155,0.00923238256854861,0.0068917999576536,0.00628902268575817
"7",0.000657515762844315,0.000882615016507541,0.00165234159529491,0.0030279293866306,0.00525623679963819,0.00866096813557498,0.0135345669434739,0.0200675416518789,0.0282562282719509,0.0378244947563228,0.0481935174263909,0.0585213800251902,0.067815828405803,0.0750992452540429,0.0795856224256827,0.0808233029741279,0.0787671865468582,0.0737657647517186,0.0664731499211357,0.0577153393294966,0.0483480086569692,0.0391418515962368,0.0307105634248216,0.0234841939327753,0.01781410064555,0.0135839555385792,0.0105144814919406,0.00982206933255995
"8",0.000294914356134842,0.000426603390350158,0.000847845722782762,0.00164395739913696,0.00301765208557932,0.00525134255771629,0.0086586693869908,0.0135331669995711,0.0200666910884557,0.0282557227727913,0.0378242041381874,0.0481933563599818,0.0585212941641808,0.0678157846764673,0.0750992254746883,0.0795856231358727,0.080823356933495,0.0787674715634432,0.0737670379552035,0.0664782405575696,0.0577335948471165,0.0484098810154,0.0393189856771546,0.0311381189301598,0.0245233295738226,0.019446190469507,0.015621912320382,0.0149358264478549
"9",0.000124950752239584,0.000195063388054805,0.00041165622014907,0.000844759655222319,0.00164014464817992,0.00301594768114176,0.00525066623196891,0.00865828454278475,0.0135329461540415,0.0200665659046028,0.0282556537237265,0.0378241673240803,0.0481933375647488,0.0585212855650079,0.0678157842371574,0.0750992443048159,0.0795857271145937,0.0808238504796767,0.0787696094299849,0.0737754437302575,0.0665080526852251,0.0578335458101884,0.0486937829235286,0.0400018079086246,0.0327766189717421,0.0270778284272373,0.0225967332876272,0.0221065413333883
"10",5.00156896544935e-05,8.43402189999865e-05,0.000189019326725735,0.000410594495639791,0.000843423996391367,0.00163957420907858,0.00301576292598841,0.00525056854797316,0.00865823190033517,0.0135329177958966,0.0200665509256396,0.0282556460859068,0.0378241638309062,0.0481933373734999,0.0585212927518826,0.0678158229365836,0.0750994298068456,0.0795865656972434,0.0808273770339166,0.0787832062456929,0.0738230196363904,0.0666655525731213,0.0582769159903808,0.0497553205187434,0.0425157288050159,0.0366657120187952,0.0318127719848561,0.0318371366778928
"11",1.89146426200443e-05,3.4466889371398e-05,8.20380133047616e-05,0.000188676116955907,0.000410151611047568,0.000843239281040795,0.00163952726314047,0.0030157400244725,0.00525055706222657,0.00865822606816172,0.0135329148848438,0.0200665496274806,0.0282556461218344,0.0378241669215499,0.0481933530002731,0.0585213649348391,0.0678161478276762,0.0751008343585512,0.0795922842516212,0.0808489297107546,0.0788574180360228,0.0740651272180011,0.0673401804133035,0.0598830819915964,0.0535072899641018,0.0482729441396445,0.0435807434905727,0.0445994861349874
"12",6.75684785393449e-06,1.33066437734734e-05,3.36405171863104e-05,8.19332669204587e-05,0.000188536917599194,0.000410093521819348,0.000843228157218134,0.00163952229163358,0.00301573773125916,0.00525055598600237,0.00865822561629622,0.0135329149659959,0.0200665510259427,0.0282556528754163,0.0378241969569472,0.048193483846307,0.0585219244826301,0.0678184633170366,0.0751099439807213,0.0796257581301721,0.080962077868774,0.0792204616024468,0.0750651434104862,0.0697048712781697,0.0653285468456282,0.061791178776826,0.058082090278635,0.0607552028602989
"13",2.27929105954384e-06,4.85072990274796e-06,1.30272403019405e-05,3.36102005120544e-05,8.1891775311843e-05,0.000188519177250126,0.000410091057180957,0.000843227154257832,0.00163952187480935,0.003015737573238,0.00525055603805266,0.00865822622261094,0.0135329178842913,0.0200665639138453,0.0282557079721661,0.0378244272932945,0.0481944267110812,0.0585256694737586,0.0678326963461059,0.0751608481299958,0.0797943289025398,0.0814930358323916,0.0806642835383714,0.0784518518856462,0.0773881090697807,0.0769097627579663,0.0753007586746618,0.0804630732796119
"14",7.25673190548691e-07,1.66864165570696e-06,4.76184514542796e-06,1.30188882751102e-05,3.35984758194626e-05,8.1886534011577e-05,0.000188518665794628,0.000410090869445362,0.000843227091754114,0.00163952189538491,0.00301573780949662,0.00525055721449908,0.00865823156275872,0.0135329410013982,0.0200666604432378,0.0282560993285801,0.0378259728821572,0.0482003455508512,0.0585474301524552,0.0679084009670581,0.0754061023019574,0.0805514695233213,0.0835229402497727,0.0853814926806063,0.088987519491306,0.0931144888523723,0.0949675854643174,0.103589005943374
"15",2.17900615695078e-07,5.41305411010514e-07,1.64208083735506e-06,4.75964979806654e-06,1.30157509526727e-05,3.3596987343741e-05,8.18864348208656e-05,0.000188518634974761,0.000410090873569824,0.00084322717133505,0.00163952231774353,0.00301573982965527,0.00525056632750703,0.00865827069113484,0.0135331020207893,0.0200672991603956,0.0282585520398394,0.0378350779584854,0.0482328146781318,0.0586573643224376,0.0682565577554028,0.0764583342575441,0.0833296559147216,0.0899111996175109,0.0994188151370933,0.109724529506739,0.116534353396453,0.129640748278753
"16",6.16523789374891e-08,1.65462129821364e-07,5.33865439853614e-07,1.64152994487161e-06,4.75885630504602e-06,1.30153476954012e-05,3.35969698118543e-05,8.18864333491966e-05,0.000188518657386113,0.000410091004780593,0.000843227844237147,0.00163952554543223,0.00301575442679327,0.00525062889104989,0.00865852616113306,0.0135341007564401,0.0200710543211677,0.0282721401297353,0.0378822379795426,0.048388425828887,0.05913910346618,0.0696809375340745,0.0801585575075013,0.0917391673612259,0.108080734907975,0.125967638888959,0.139192453822021,0.157751514848421
"17",1.64176998322153e-08,4.76123495145786e-08,1.63513300535374e-07,5.33733656550852e-07,1.64134070329581e-06,4.75875291720353e-06,1.3015345494095e-05,3.35969747737444e-05,8.18864679542379e-05,0.000188518850508793,0.000410092004119618,0.000843232686625844,0.00163954760344151,0.00301584923841245,0.00525101500110783,0.00866002205145575,0.0135396388077642,0.0200906841426755,0.0283386803678475,0.038096606842436,0.0490374766220432,0.0610161375374429,0.0744754276817331,0.0909178672624252,0.114586270160091,0.141082713483301,0.161943364586708,0.186731194911009
"18",4.10896573224034e-09,1.28828817612635e-08,4.71362568787337e-08,1.63483347826807e-07,5.33691227285465e-07,1.64131587400182e-06,4.75875360001221e-06,1.30153531315466e-05,3.35970220048958e-05,8.18867347337713e-05,0.00018852025309522,0.000410098893299994,0.000843264385121443,0.00163968461978189,0.00301640741184723,0.00525316559548339,0.00866789223591532,0.0135670682151132,0.020181772739266,0.0286257506728755,0.0389473605388042,0.0514442998855209,0.0670586180628557,0.0878542820635973,0.118831737258133,0.154428803421023,0.183715622481574,0.215189990784665
"19",9.64885119621197e-10,3.27334144165428e-09,1.27747235122503e-08,4.71298206328996e-08,1.63474446044393e-07,5.33685782064399e-07,1.64131726042964e-06,4.75876343373379e-06,1.30154144110532e-05,3.35973750204189e-05,8.18886238263298e-05,0.000188529666253595,0.000410142659788336,0.00084345470380928,0.00164046078912612,0.00301938559333084,0.0052639610028713,0.00870497666115765,0.0136879911988243,0.020555206782577,0.0297100005166581,0.0419493453055061,0.0588510496972458,0.083230390508451,0.12100525654188,0.165574909564986,0.203509179822,0.241720096188581
"20",2.12164322896516e-10,7.79750934777651e-10,3.25056438578988e-09,1.27734251173197e-08,4.71280952995352e-08,1.63473495538642e-07,5.33687544926838e-07,1.64132950306606e-06,4.75884124892842e-06,1.30158711297122e-05,3.35998570642618e-05,8.19011379250354e-05,0.000188588311861523,0.000410398674034747,0.000844498502970802,0.00164444746985456,0.00303370619799961,0.00531250626475526,0.00886063890339171,0.0141596877911449,0.0218982571434916,0.0333517595689225,0.0507811562772195,0.0778616923852186,0.121529457532247,0.174348269300124,0.220537563555945,0.265101693778904
"21",4.35816767255986e-11,1.73812134564589e-10,7.75320221902966e-10,3.25032214887896e-09,1.2773138181969e-08,4.71281499048762e-08,1.63475683916152e-07,5.33702914956686e-07,1.64142857571495e-06,4.75942948884582e-06,1.30190956659131e-05,3.3616207033454e-05,8.19779683657038e-05,0.000188923635998429,0.000411761410306418,0.000849670251915514,0.00166284564525481,0.0030952703168362,0.00550681089621835,0.00943903795416538,0.0157763190124957,0.026195504719619,0.0436003661577912,0.072532034726918,0.120954128960899,0.180830061416496,0.23433501648521,0.284486472957821
"22",8.34033550598439e-12,3.61734812541334e-11,1.73019364765839e-10,7.75281803297253e-10,3.25031177403388e-09,1.27734681972398e-08,4.71310007784173e-08,1.63495699452914e-07,5.33831899352661e-07,1.64219361340297e-06,4.76361448973255e-06,1.30402479515928e-05,3.37151679159781e-05,8.24074129509934e-05,0.000190656259205451,0.000418277889615139,0.000872596580647791,0.00173854887319981,0.00333055493862438,0.0061954690211631,0.0113305030639172,0.0207110878033972,0.0377790341950853,0.067851796647781,0.119831606257042,0.185302606674092,0.244801118275077,0.299509813409034
"23",1.48229376414442e-12,7.0104631912697e-12,3.60440823032702e-11,1.73019456319605e-10,7.75337498012379e-10,3.25083322606972e-09,1.27774344545343e-08,4.71583081793056e-08,1.6366866696177e-07,5.34842128739726e-07,1.64764340990523e-06,4.79080893195879e-06,1.31659563323664e-05,3.42543830319231e-05,8.45577985250152e-05,0.000198647404181171,0.000446033459427611,0.000962973720798587,0.00201520466821906,0.00412736255860398,0.00834841680873422,0.0168514317471468,0.0334810075356676,0.0641763881482261,0.118611684608182,0.188166379383433,0.252173119218666,0.310302171458216
"24",2.43765487988449e-13,1.26136880712936e-12,6.99221380024427e-12,3.60546277204328e-11,1.73118773867967e-10,7.76130866520948e-10,3.25658363776216e-09,1.28157486879376e-08,4.7394013536405e-08,1.65010222870333e-07,5.4191627549566e-07,1.68223956907927e-06,4.94788715109739e-06,1.38288613293116e-05,3.68584655280624e-05,9.40965399374008e-05,0.000231309853569283,0.00055086235164999,0.00127913142865246,0.00291206331320852,0.00651439421885277,0.0143754134517481,0.03060896507701,0.0615976021663509,0.117582002101778,0.189852490256183,0.256939525347584,0.317404055053253
"25",3.69507010240128e-14,2.10108444476797e-13,1.26080255968497e-12,7.01105590249325e-12,3.62119816760501e-11,1.74311731657322e-10,7.84434653939113e-10,3.30994328612399e-09,1.31333719563399e-08,4.91490575746334e-08,1.74023930433209e-07,5.84981120780256e-07,1.87377116736919e-06,5.74144984280717e-06,1.68947868704874e-05,4.7918074852772e-05,0.000131420936669793,0.000349425203492627,0.000902171009386446,0.0022621193427568,0.00549380828348616,0.0129468128816389,0.0288942686098572,0.0599971089157408,0.116862165101445,0.190752811914446,0.259721483791581,0.321613150325865
"26",5.1648736231126e-15,3.25385227503653e-14,2.13163734995674e-13,1.29049136866063e-12,7.2479624588038e-12,3.79397659534994e-11,1.85910090916599e-10,8.56466891779787e-10,3.72532983926547e-09,1.53628580963354e-08,6.03024929336802e-08,2.26073886787562e-07,8.11686211162201e-07,2.79577638832968e-06,9.24492893715588e-06,2.93442776605808e-05,8.93552497717536e-05,0.000260856819479698,0.000729659757160043,0.00195357025595384,0.00499295298972908,0.0122244839658425,0.0280029039477971,0.0591394831489413,0.116444040171468,0.191178056436563,0.261145961334874,0.323796172699549
"27",7.0749850613719e-16,5.0952979572508e-15,3.76211342082076e-14,2.56638525356288e-13,1.625847718847e-12,9.61602494487873e-12,5.3350348656659e-11,2.78821920231769e-10,1.37747044690114e-09,6.44983883912812e-09,2.86715861561058e-08,1.21086344442115e-07,4.85762644097307e-07,1.84986173041529e-06,6.68090479119698e-06,2.28634519535038e-05,7.41168842283416e-05,0.000227640967306904,0.000662875760228701,0.00183063745689243,0.0047881909928982,0.0119223153732111,0.0276220636058481,0.0587647058586594,0.116251129306099,0.191346253177376,0.261748772637991,0.324729260069189
"28",1.61133751497186e-16,1.40519512001437e-15,1.21648158471259e-14,9.59811625061823e-14,6.94637769683015e-13,4.63928564504436e-12,2.87460162151186e-11,1.65996157791774e-10,8.9656472955915e-10,4.54142937264859e-09,2.16126779270529e-08,9.67337580962995e-08,4.07388785997746e-07,1.61464310341544e-06,6.02315742860852e-06,2.11523968386767e-05,6.99857799925262e-05,0.000218415748082296,0.000643916312998454,0.00179504369573741,0.00472785580923422,0.0118318839383301,0.0275064585846291,0.0586492334690863,0.116189658050301,0.191394609805548,0.261930748787239,0.32501286844805
