"","X0","X1","X2","X3","X4","X5","X6","X7","X8","X9","X10","X11","X12","X13","X14","X15","X16","X17","X18","X19","X20","X21","X22","X23","X24"
"1",0.317891525777177,0.243100475387489,0.154561032736435,0.092750326704505,0.0574579478692553,0.0383676684549418,0.0273316575540577,0.0200742571302822,0.0147793217610132,0.0107390381871627,0.00764790560301951,0.00532287629227653,0.00361635514227458,0.0023971673086046,0.00155000018931938,0.000977545666347109,0.000601338686000959,0.000360836520844148,0.000211234281602171,0.000120649292843686,6.72277955671273e-05,3.65842383890883e-05,1.95499531754518e-05,1.03907520746157e-05,7.08671533894265e-06
"2",0.306967660211988,0.235770596702354,0.151560125374819,0.0928397119682922,0.0592809527144402,0.0409766332924777,0.0301624059715484,0.0228101904148838,0.0172484060235395,0.0128573392435148,0.00938957603633407,0.00670114094376636,0.0046689041272453,0.00317430776971049,0.00210553434324293,0.00136245638472571,0.000860070542211966,0.000529694941336189,0.000318304472035386,0.000186639881343655,0.000106760323045232,5.96322807350273e-05,3.27009167148831e-05,1.78200994873323e-05,1.24350202058434e-05
"3",0.291828509589751,0.225528826313085,0.147223353194737,0.0927365869440643,0.0615865587197681,0.0444196854188,0.0339830866878826,0.0265737828508292,0.0207077439914716,0.0158800550085527,0.0119212289972468,0.00874242651094978,0.00625767282409862,0.00437017008129496,0.00297723967404539,0.00197849224051413,0.00128253141516841,0.000811042505347457,0.000500378278393516,0.000301179102014128,0.000176789328486806,0.000101291550714332,5.69453570113982e-05,3.17748855869538e-05,2.26485301839169e-05
"4",0.272249657813418,0.212143845761352,0.141315564650775,0.0922180157667102,0.0641879245521976,0.0485674155096953,0.0387334798603304,0.0313745186468162,0.0252277104279254,0.0199236442264821,0.0153881047822951,0.0116039480928306,0.00853767131628726,0.00612716191939358,0.00428857022654083,0.00292743999992023,0.00194895889682563,0.0012655750432123,0.000801627760161585,0.000495240620410949,0.000298245783985186,0.00017521699253819,0.000100931378618337,5.76212822883847e-05,4.19086889874869e-05
"5",0.249976321560838,0.196707255937296,0.134143514376934,0.091041299272476,0.0665579971595773,0.0527999029238404,0.0438165019466779,0.0366999069554936,0.0304072849327047,0.0247028294745552,0.0196104604371214,0.0151929723570953,0.0114812964465195,0.00846135321316976,0.00608072912235476,0.00426127294664926,0.0029121504333029,0.00194092152682561,0.00126163737107589,0.000799660907613524,0.000493835256922297,0.000297320543993016,0.000175363307854999,0.000102340567387232,7.58710217195908e-05
"6",0.225971103476517,0.17980615794534,0.125840725101733,0.0890180128936999,0.0683375312056417,0.0566998368884915,0.0488291716306781,0.0422040083871527,0.0359796027034444,0.0300367249957104,0.0244890512598185,0.0194798347347218,0.0151121257059738,0.0114320739130498,0.00843262295606969,0.00606520998090648,0.00425399923082839,0.00290961741936021,0.00194064445110642,0.00126175909665567,0.000798859956314981,0.000492727218165549,0.000297418833472178,0.000177308833772436,0.000133871181374315
"7",0.200931073023945,0.161876524090855,0.116523694401249,0.0860289182320788,0.069268960261948,0.0599464146668068,0.0534403189626847,0.0475822667495969,0.0416917604638155,0.0357385781599545,0.0299079689509765,0.0244156542597982,0.0194380915654527,0.0150900812838699,0.0114226970201072,0.00843128334099836,0.0060685302710369,0.00425929068101972,0.0029147316376371,0.0019437219602113,0.00126138922567,0.000796752528997189,0.000491932110598904,0.000299371047670223,0.000229995103019694
"8",0.175700722257935,0.143480176254477,0.106406120522021,0.0820239508934748,0.0691345125707133,0.0622269522508884,0.0572951067228087,0.0524783183084851,0.0472180672988033,0.0415372180086579,0.035665076057037,0.0298721918141289,0.0244010197363206,0.0194368004814345,0.01509755341041,0.0114355933914325,0.00844665799578545,0.00608350839409505,0.00427123579080001,0.00292110838408035,0.00194259437443423,0.00125610883881855,0.000792836283942812,0.000492161780126071,0.000384408178887495
"9",0.151030046047089,0.125145811128934,0.0957408702814385,0.0770379959378439,0.0678150426915143,0.0633158519099165,0.0600986897305298,0.0565620405100577,0.0522258510178715,0.0471270668425114,0.0415054130665052,0.0356601086808801,0.0298827613161728,0.0244221012033802,0.0194651205572783,0.0151300115148482,0.0114686295451572,0.00847616861867274,0.00610543692831405,0.00428157772180838,0.00291693801144881,0.00192992322270911,0.00124448528268064,0.000787378456697334,0.000624679775737842
"10",0.127595584342157,0.107379568397698,0.0848195624743097,0.07118616315061,0.0652878732695761,0.0630788147268446,0.0616270417119032,0.0595445987530405,0.0563910536624184,0.052180624609587,0.0471278882712822,0.0415286740388915,0.0356982797378874,0.0299323474162434,0.0244799174959905,0.0195269831771214,0.0151902788074184,0.0115204241727513,0.00851261763926383,0.00611991632966414,0.00426958801727543,0.00288880557790123,0.00190168426755814,0.00122523836429997,0.000986471588304909
"11",0.10592878401435,0.0906112708182834,0.073941884689935,0.0646531945439284,0.0616330681280608,0.0614933267014972,0.0617585321614759,0.06121696512307,0.0594387736284004,0.0563861018852991,0.0522159140511783,0.0471868232934368,0.0416063474356054,0.0357916289244149,0.0300369495901621,0.0245888258506107,0.0196304481164473,0.0152764506333784,0.0115776400262848,0.00853009297683241,0.00609097010959154,0.00421149804052835,0.00282785496750475,0.00185359305014642,0.00151306123957588
"12",0.0864051481880175,0.0751786279756644,0.0633951293246516,0.0576730731067393,0.0570189598667008,0.0586445723600215,0.0604821085674311,0.0614695047658896,0.0611711416507679,0.0594790921562622,0.0564680384741677,0.0523285542613755,0.047326888289463,0.0417699543608307,0.0359713080303397,0.0302205342299744,0.0247594499917791,0.0197680665897001,0.015361809923627,0.0115937813043318,0.00846764989122152,0.00597819804278561,0.00409046735179313,0.00272496218501325,0.00225297911144958
"13",0.0692429708568059,0.0613171343146248,0.053434196610558,0.0505043841973409,0.0516797311729129,0.0547111219342059,0.0578947998462759,0.0603024283021287,0.0614893669230443,0.0612728339473554,0.0596318040328027,0.0566654847989084,0.0525679999657805,0.0476018797953064,0.042067263285765,0.0362698511198917,0.030491890117893,0.0249707719999827,0.0198886927316984,0.0153661527022223,0.0114696697872879,0.00826024440827795,0.00575322184339808,0.00389094204311111,0.00325516326241962
"14",0.054514913529878,0.0491591967244969,0.0442658466996074,0.0434050540072667,0.0458878611822927,0.0499417085617819,0.0541878873856483,0.0578243853649743,0.0604054905095327,0.0616815705270063,0.061535230351413,0.0599617633093575,0.057059321236559,0.0530140238486818,0.0480770036890615,0.0425360496476612,0.0366860153655693,0.0308035078527438,0.025130876879049,0.0198603838260924,0.0151351890364741,0.0111065153318403,0.00786499563132424,0.00539383236380869,0.0045613771378771
"15",0.0421692026642597,0.0387414813196048,0.0360388989456579,0.0366100491717112,0.0399257472201195,0.0446269918409664,0.0496242669131543,0.054239708747772,0.0580421338381122,0.0607333412452699,0.0621109799629321,0.062066036534176,0.0605870279256799,0.057758061272675,0.0537472974724442,0.048787380602726,0.0431508846068549,0.037126265544367,0.0310001061841393,0.0250331568323154,0.0194542938675082,0.014527902403243,0.0104464559859169,0.00725603294051205,0.00619629595788015
"16",0.0320570821951203,0.0300189100596272,0.0288411298405026,0.0303146729446101,0.0340603072657853,0.0390704382945473,0.0445105437880307,0.0498264136999615,0.0546203013493724,0.0585700116776316,0.0614090270534559,0.0629349912610097,0.063024611016792,0.0616439553801712,0.0588502237483369,0.0547851485455972,0.0496611828005885,0.0437449230533255,0.0373432042745089,0.0307740514920432,0.0243548532713055,0.0184823787767019,0.0134763505020573,0.00946870117909997,0.00815658652981567
"17",0.023963035058672,0.0228831483804392,0.0227025218211658,0.0246648029630953,0.0285233103159441,0.0335619872334529,0.0391677394406605,0.0449081730379634,0.0504369579376668,0.0554341571382346,0.0595951438341347,0.0626437794295862,0.0643534728533063,0.0645671922104456,0.0632124959458973,0.0603105332998746,0.0559778514353806,0.0504235709653629,0.0439457996122175,0.0369019917305906,0.0296940662055709,0.0228642246303635,0.0168805832383836,0.0119821513752833,0.010401309906306
"18",0.0176341235596734,0.0171828468763269,0.0176034318557099,0.0197540166433528,0.0234987761018653,0.0283570983278612,0.033904040292757,0.0398238333772506,0.0458352177059303,0.0516440835555942,0.0569343724050764,0.0613802483832983,0.0646683889023503,0.0665239982239505,0.0667373540203579,0.0651891861998732,0.0618714265367508,0.0569034686036831,0.0505451563090546,0.0431717313453807,0.0352596431811257,0.0275015963186369,0.0205279534967271,0.0147012288316277,0.0128467789457837
"19",0.0128054663173877,0.0127429842727363,0.0134855741306542,0.0156262644311885,0.0191171513968416,0.0236621213132543,0.0289916967028404,0.0348973621955794,0.0411701526942055,0.0475593089930902,0.0537603761578348,0.0594219695776867,0.0641648856088574,0.0676100836576275,0.0694138829457012,0.069308785412925,0.0671445361658992,0.06292698450622,0.0568525564264259,0.0492926474420333,0.0407841055224252,0.032166433385265,0.0242364471783292,0.0174890191692286,0.0153692043957612
"20",0.00921983388504682,0.0093811260304962,0.0102635042935665,0.0122819330960168,0.0154546863189144,0.0196254060516969,0.0246487343493331,0.0304101124011587,0.0367730062153331,0.0435396007430813,0.0504333540712216,0.0570976650644403,0.0631086161148791,0.0680014158753378,0.0713110289615155,0.0726262484362558,0.0716504710037229,0.0682643471279719,0.0625843936592122,0.0549603909961525,0.045973860951601,0.0365990170811918,0.0277925741643654,0.0201811833555716,0.0178174897519156
"21",0.00664065622083902,0.00691939951210195,0.00783484079411844,0.00968527965011362,0.0125362286516133,0.0163331516072286,0.0210257351537856,0.0265772185597862,0.0329172058477139,0.039902244337708,0.0472918778940959,0.0547382870095987,0.061791074266104,0.0679198025993561,0.0725571997552048,0.0751636379316292,0.0753053963315614,0.072739901752544,0.0674984435397095,0.0598981626343579,0.0505504575834922,0.0405453221083517,0.0309825589438247,0.0226102231009362,0.0200356942142239
"22",0.0048594702660244,0.00519260793120058,0.00608896051170348,0.00777264916506079,0.0103410584613959,0.0138104260562125,0.0181995252875132,0.0235318607062113,0.0297920718918637,0.0368855094179409,0.0446081731834213,0.0526279098558256,0.0604812444903,0.0675910449461882,0.0733102708254647,0.0769939508331003,0.0780916215395362,0.0762519520819034,0.0714269574483039,0.0638980086187444,0.0542943647367204,0.0437984025905348,0.0336280673968538,0.0246339882093204,0.0218899035486547
"23",0.00370055760148507,0.00405467076349604,0.00491578005218305,0.00646292467025851,0.00881358653897419,0.0120301343841068,0.0161780903185522,0.0213237880483072,0.0274930292079685,0.0346295395516803,0.0425600242621677,0.0509685793379738,0.0593868497507375,0.0672071339196764,0.0737256193078929,0.0782192835563607,0.0800487031536287,0.0787775115703642,0.0742935464069964,0.0668464545433831,0.057074920018006,0.0462284675665673,0.0356132751673966,0.026157917656419,0.0232896126454167
"24",0.00303239131117198,0.00339250208022586,0.00422358163812607,0.00567994419863304,0.00789031720847387,0.0109436488371629,0.0149331501033619,0.0199513982719582,0.0260502757090336,0.0331985942364848,0.0412439468413635,0.0498826308997734,0.0586452732459779,0.0669066513373753,0.0739282004111946,0.0789377301084352,0.0812386958746383,0.0803392011160821,0.0760842546507308,0.0687012159884232,0.0588330395940228,0.0477710328765069,0.0368773350666479,0.0271305418899555,0.024184446504239
"25",0.00272709277887203,0.00308822461812624,0.00390283561261057,0.00531428862768025,0.00745634260714273,0.0104300774255063,0.0143415589802565,0.0192957951228211,0.0253572590786722,0.032507083238528,0.040603337100821,0.0493487334317194,0.0582739810983249,0.0667459112243264,0.0740095190798987,0.0792689533313881,0.0817998759248279,0.0810831122292507,0.0769423803060373,0.0695936614455227,0.0596814943023526,0.0485171550416985,0.0374898311852927,0.0276024597158802,0.0246190364924425
