"","X0","X1","X2","X3","X4","X5","X6","X7","X8","X9","X10","X11","X12","X13","X14","X15","X16","X17","X18","X19","X20","X21","X22","X23","X24"
"1",0.451251027820469,0.103869486444384,0.101489486252412,0.0780279596728945,0.0645361694037076,0.0518426965119588,0.040987984363126,0.0316121041947359,0.0237303331108017,0.0173061314391676,0.012249442370317,0.0084110668134083,0.00560169580908109,0.00361838250590067,0.0022671189782035,0.0013780647644964,0.000812836131604379,0.000465364463086285,0.000258764746393752,0.000139871482368689,7.34626140053319e-05,3.79453536464394e-05,1.8538059832175e-05,9.45327290219905e-06,4.6134210931423e-06
"2",0.423531037691447,0.100352565584459,0.0994556527052813,0.0787977647500947,0.0669343843371514,0.0553618423841356,0.0450655273169859,0.0357984249205538,0.0276844647735635,0.0208049046693306,0.0151785502615882,0.0107453748942906,0.00737981350531681,0.00491679429106214,0.00317802510154549,0.00199310797928704,0.00121310848932125,0.000716767763632731,0.000411400228204114,0.000229603359499911,0.00012451630668112,6.64981444137154e-05,3.34588494183231e-05,1.75921961758932e-05,8.81949655655193e-06
"3",0.386639330935291,0.0953363370685422,0.0963105291632647,0.0793159685162018,0.069658256168523,0.05968655576671,0.0502880716026479,0.0413323199812359,0.0330593256629539,0.0256876026106923,0.0193722266110024,0.0141730244356341,0.0100572974644163,0.00692172560638489,0.00462045684704146,0.00299192850699267,0.00187981563337653,0.00114629649806696,0.000678953754686207,0.000391020737956623,0.000218763904636599,0.000120652428050958,6.24189166603557e-05,3.37698960218283e-05,1.73512830069479e-05
"4",0.341382739411781,0.088645271608341,0.0917406809641812,0.0791167655420182,0.0722085244562879,0.0643602563074648,0.0563036015397139,0.0479997269155439,0.039785074255375,0.0320123292478468,0.0249855674781135,0.0189091319558662,0.0138738168650864,0.00986859404085024,0.00680586687404077,0.00455144430117894,0.00295237138801715,0.00185815782878463,0.00113576676429968,0.00067496462022794,0.000389518726726158,0.000221814271720537,0.000117918010409194,6.55925302813403e-05,3.45040958413942e-05
"5",0.293411513913523,0.0807835076999391,0.0858619680266224,0.0776698227540732,0.0737075691184944,0.0683115002367551,0.0620062978784994,0.0547821010186401,0.047012056405257,0.0391379783247375,0.0315889131738421,0.0247112305268294,0.0187341435766431,0.0137645152268539,0.00980211554248692,0.00676689566112115,0.00453007730982164,0.00294181189733703,0.00185519771319915,0.00113748944379395,0.000677003634698345,0.000398001248003304,0.000217288413850879,0.000124184241463563,6.68170135118429e-05
"6",0.245873888797704,0.0720813363184822,0.0787847976055673,0.0747063437731291,0.0736494918971386,0.0708750553561027,0.0666662667662313,0.0609707483790443,0.0541225701154494,0.0465838015066992,0.0388578893457983,0.0314064370841462,0.0245938136814514,0.0186602054385235,0.0137195341442284,0.00977642974466427,0.00675447317901219,0.00452615280450186,0.00294537405539228,0.00186359381297205,0.00114407828413647,0.000694446643539492,0.000389219559584823,0.000228433962438882,0.000125617744058609
"7",0.200658434916835,0.0628526016400553,0.0707123669991011,0.0702020624670972,0.0718221367777035,0.0716720140429233,0.0697857749248808,0.0660108216075747,0.0605708820254621,0.0538719730357532,0.0464244248307596,0.0387564040413176,0.0313425947341556,0.0245549554644764,0.0186383233407819,0.0137097377400399,0.00977634867569253,0.00676102595313009,0.00454114709858502,0.00296586165935006,0.00187844942997388,0.00117742270883848,0.000677209166578599,0.000407934660324589,0.000229092058606942
"8",0.159524727452071,0.0534976174786072,0.0619797608406558,0.0643073155712954,0.0681919650257222,0.0704755640312847,0.0709664374253818,0.0693789744163312,0.0657729510244368,0.0604271294288821,0.0537833595490085,0.0463698076000892,0.038723757704913,0.031325031418053,0.0245486806494716,0.0186416606928563,0.0137231233944327,0.00979714772881299,0.00679426322782794,0.00458201676104431,0.00299466738444912,0.0019385969742218,0.00114374101229875,0.000706714125985061,0.00040498908186414
"9",0.123517533405914,0.044401314559941,0.0529822805530519,0.0573406333479201,0.0629505038251915,0.0673044821540301,0.0700363424705371,0.0707267822060175,0.0692474726195907,0.0656986165913049,0.0603846794750865,0.053760089709569,0.0463593662098729,0.0387233963887842,0.0313342319772911,0.0245685662209519,0.0186755675924702,0.0137678097587469,0.00986201334087463,0.00687024983111038,0.00463442831913004,0.00309859487169913,0.00187427658738129,0.00118715464026404,0.000693613343265988
"10",0.0931690459434612,0.0359097133187305,0.044129997405344,0.0497201295347287,0.0564504165958666,0.0623796649216327,0.0670366372345313,0.06989770864093,0.0706557139912815,0.0692107834625374,0.0656808760678021,0.0603791290545379,0.0537644723940797,0.046374180883423,0.0387510276121326,0.0313786118251187,0.0246363756468074,0.0187613477405738,0.0138869127206616,0.00999695205703093,0.0069612352560907,0.00480683138561069,0.00297913503881801,0.00193279559357544,0.00115030567469051
"11",0.0684768067616145,0.0282854406650662,0.035790995847621,0.0419010364363985,0.0491521240434517,0.0560921898639251,0.0622198826355169,0.0669582599711203,0.0698609086325305,0.0706400757283935,0.0692079470390818,0.0656886150722706,0.0603987748228606,0.0537999158434363,0.0464312811856117,0.0388373128492412,0.0315051456384054,0.0247931088412774,0.0189715705195704,0.0141178160721127,0.0101485221174711,0.00723579758961012,0.00459156241827066,0.00304854393739177,0.00184636546774673
"12",0.0490489510586008,0.021692210893104,0.0282530287034072,0.034310027158553,0.0415483892240599,0.0489328220871665,0.0559991694103354,0.0621771830678693,0.0669414823228019,0.0698587424657637,0.0706496040096769,0.0692311219085714,0.0657308787723118,0.0604685528849288,0.0539080039795935,0.0465902389383414,0.0390639504522322,0.0317809611937049,0.0251511965945291,0.0193527572439252,0.0143600896628733,0.0105675646010111,0.00685982547990427,0.00465630518458734,0.00286694270214397
"13",0.0342461400732588,0.0161939825459765,0.0217022305734971,0.0272956276283354,0.0340970319131551,0.0414177454642166,0.0488806936896393,0.0559782703261503,0.0621739192492099,0.0669513878655872,0.0698838758787834,0.0706968379432156,0.069311638950259,0.0658598679666477,0.0606641217594236,0.0541896803645134,0.0469818472038137,0.039532249937935,0.0323696778607374,0.0257579337781697,0.0197236735517989,0.0149713798883705,0.00993165968036926,0.00688415676310916,0.00430436914382453
"14",0.0233115350446606,0.0117675808503757,0.016220172930189,0.0210998020853657,0.0271707084906952,0.0340219183796942,0.0413910070906704,0.0488746493707853,0.055987237382853,0.0621993948943845,0.067001139685797,0.0699716465559158,0.0708424366734326,0.0695404472673267,0.0662005568801409,0.0611453023538695,0.0548426243485671,0.047748682267973,0.040465703791044,0.0332997831355912,0.0263003804099816,0.0205729361430362,0.0139305775574147,0.00984794921544807,0.00624582719478499
"15",0.0154737579879275,0.0083239068192736,0.0117960609379046,0.0158512641365452,0.0210291761056755,0.0271302042964505,0.0340121171811248,0.0413977771494283,0.0488989209998217,0.0560369456753124,0.0622900444405815,0.0671566641764484,0.070224782101696,0.0712334236491837,0.0701124240321539,0.0669928837338103,0.0621951492403156,0.0560526431196383,0.0491746429645542,0.0418370271445645,0.0340548127003086,0.0274184185142686,0.0189256360766167,0.0136259102373804,0.00875540657901172
"16",0.0100180360000788,0.00573242613740556,0.00834863754737349,0.0115765640455007,0.0158138241911889,0.0210110328699169,0.027134059898871,0.0340338952190874,0.0414451930864762,0.0489881987648823,0.0561947734355055,0.0625553794325309,0.0675809252103071,0.0708687759957702,0.0721587405552178,0.0713693455232497,0.0686193816484481,0.0640333328135931,0.0581489912733519,0.05111617146289,0.0428322122044893,0.0354392772437979,0.0248990018641985,0.0182293498513417,0.011852473724524
"17",0.00632759163285183,0.00384439895587858,0.00575187282054497,0.00822256982678464,0.0115600536060815,0.0158120966405339,0.0210295757594664,0.0271775046818544,0.0341183188916211,0.0415983830252301,0.0492529730501188,0.0566314478130123,0.0632410284673823,0.0686030691302251,0.0723104752640576,0.0740784032147894,0.073795303193759,0.0713051476821263,0.0669957503901507,0.0607840034291634,0.0523493550164357,0.0444261421382901,0.0317184695186075,0.0235754783320078,0.0154905875190232
"18",0.00390026824322189,0.00251169796605489,0.0038593670976748,0.00568359108355475,0.00822094364202747,0.0115736836815031,0.0158505315103533,0.0211066193568724,0.0273205279356294,0.0343713573206405,0.0420267378194271,0.0499458383146797,0.057699068511514,0.0648031122053536,0.0707646978206734,0.0751307415131497,0.0775586603441336,0.0775658120723206,0.0753243837929387,0.0704174856149398,0.0622049970554202,0.0540216010869371,0.0391241358209323,0.0294708295988707,0.0195433105911739
"19",0.00234720542248836,0.00159977997212402,0.00252410224259291,0.00382748296787894,0.00569530703410592,0.00825298658718634,0.011641579787582,0.0159792296735559,0.02133893403956,0.027722618208811,0.0350383383171764,0.043084616559982,0.0515449036313122,0.0599944719709722,0.0679183827640721,0.0747461968838044,0.0799281243945859,0.0826399418205975,0.0827957910212933,0.0795682170313144,0.0719134312319538,0.0637408449729505,0.0467386358961678,0.0356146526805953,0.023804224887334
"20",0.00138044475143259,0.000994841248285199,0.00161204181051981,0.00251697847945754,0.00385438786680303,0.00575239656977572,0.00836425224699713,0.0118462057685696,0.016340460880634,0.0219515317964288,0.0287189194181596,0.0365882421757476,0.0453831156881359,0.0547820115123015,0.0643032763155079,0.0733130098199711,0.0810940539346784,0.0864963235337981,0.0891622972185153,0.0878158852789611,0.0809608548139127,0.0730251088065886,0.0541071865796653,0.0416292515361074,0.0280069219490433
"21",0.000795314423088414,0.000606168341644031,0.00100966017898337,0.00162458931264462,0.00256349955351871,0.00394611144786023,0.00592460004100073,0.00867398410691087,0.0123822417973864,0.0172322157584849,0.0233746777919493,0.0308918409814776,0.0397514548817424,0.0497559301009228,0.0604928760256145,0.0713103357943253,0.0813691919005371,0.0892340890230577,0.0942907436641106,0.0948222125402463,0.0888775325012153,0.0813234768359783,0.0607652761410605,0.0471167509809339,0.0318652258753034
"22",0.000451909215731136,0.000365172933560088,0.000626570628807703,0.00104125782645536,0.00169725782943902,0.00270184774469067,0.0041994831928198,0.00637134603305139,0.0094326469919728,0.013621195542985,0.0191736910816052,0.0262860012111815,0.0350547581857029,0.0454037550480358,0.0570033394094314,0.0692132351661665,0.0811142298631753,0.0910421153490035,0.0981637921243301,0.100372766686559,0.0953086001250136,0.0881836594406763,0.0663180263787366,0.0517290192875078,0.0351243227033592
"23",0.000258439228940763,0.000222668248376279,0.000394979806165221,0.00068024508370186,0.00114914351260294,0.00189718127485688,0.00305965450196681,0.00481745373235925,0.0074002835486012,0.0110812704871029,0.0161572661530586,0.0229085299000556,0.0315324587159016,0.0420534266739698,0.054217705721964,0.0674091364190204,0.0806612716950804,0.0921438674445149,0.10085755912804,0.104390707172463,0.100057343485022,0.0933183654050459,0.0705020602200695,0.0552250199400592,0.0376039625010588
"24",0.000158796601500222,0.000146402565213231,0.000268881114829277,0.00048012586962413,0.000840193451202592,0.00143622902990418,0.0023963975294894,0.00389941988629098,0.00618173290437961,0.00953634399254194,0.0142963495467623,0.0207950427539702,0.0292953505654101,0.0398894487329671,0.0523777344243131,0.0661660628003793,0.0802637218993228,0.0927375982545273,0.102481968458956,0.106885610558724,0.103047448789317,0.0965818568257343,0.0731734942260842,0.0574661655976371,0.0391976236209157
"25",0.00011651959817241,0.000113196337201193,0.000213350292611155,0.000390973237829365,0.000701088122991095,0.00122657381662951,0.00209180189238945,0.00347391212345167,0.00561192141004883,0.00880774052456294,0.0134114291897259,0.0197817347698626,0.0282136576626249,0.0388332170503992,0.051468612968893,0.0655382252034411,0.0800412438633118,0.0929955698677289,0.103243874437106,0.108076798495134,0.10448686179923,0.0981614557501057,0.0744699425865924,0.0585563280090133,0.0399739709909418
