"","X0","X1","X2","X3","X4","X5","X6","X7","X8","X9","X10","X11","X12","X13","X14","X15","X16","X17","X18","X19","X20","X21","X22","X23","X24"
"1",0.229859567226741,0.125503500570183,0.122097496011836,0.108697911353066,0.0955098110830887,0.0810606769909829,0.0662058576178084,0.0519366705341481,0.0390745025346357,0.0281759727005394,0.019469920442899,0.0128953879235356,0.00818963953169083,0.00498978751404883,0.00291837151497699,0.00163948178263809,0.000885210448994513,0.000459639964734494,0.000229648277515899,0.000110463471067745,5.11926152973696e-05,2.28983476099908e-05,9.98844027619167e-06,4.20050869388652e-06,2.20259298824068e-06
"2",0.206576829825071,0.114981408607388,0.114385936151032,0.105001092312993,0.095442333586057,0.0840220775724979,0.0713125713306581,0.0582047086576154,0.0456018400550731,0.0342662587027058,0.0246873435788652,0.0170541425842923,0.0112993913353976,0.00718340682826776,0.00438401392496092,0.00256989078387045,0.00144777696150149,0.000784286362680891,0.000408761521337473,0.000205083980902238,9.91364927141744e-05,4.62707379072174e-05,2.10971777591742e-05,9.26686840746762e-06,5.07406004174978e-06
"3",0.177268608744625,0.101347140769483,0.103918407936545,0.099293237702359,0.0942021551053432,0.0867221852560526,0.0770351537274653,0.0658198824050237,0.0539795960365369,0.0424484954061438,0.0319942241337038,0.0231123273354534,0.0160054734978451,0.010629222770779,0.00677236098219339,0.00414198194079789,0.00243301366864606,0.00137339091135789,0.000745428296147746,0.000389270967837188,0.00019578584983972,9.50836739560185e-05,4.51729592349366e-05,2.06488000711861e-05,1.17511225564272e-05
"4",0.143834154825207,0.0852158315310127,0.0908308901345531,0.091155689111558,0.0909473697350256,0.0880857765789526,0.082281817068823,0.073864647637254,0.0635889723949982,0.0524448286110926,0.0414218084522482,0.0313296321300061,0.022697376173421,0.0157560891817188,0.0104851467416104,0.00669242016524266,0.00409941475522887,0.00241128715834643,0.00136280742068801,0.000740609109600587,0.000387483492146152,0.000195769070089415,9.68966100169232e-05,4.60687888088464e-05,2.72131223486281e-05
"5",0.111743236585346,0.068967648097278,0.0767239370913009,0.0810980565250684,0.0851917103054874,0.0868160666681328,0.0852342177484997,0.0803304237841587,0.0725345106659071,0.0626936699756489,0.0518538104352029,0.0410417643957788,0.0310927636949675,0.0225547870637598,0.0156733965878386,0.0104390380500553,0.00666775481107006,0.00408681964991026,0.00240527054604612,0.00136038653032723,0.000740495133138757,0.000389298125718956,0.000200811576119454,9.92971811333538e-05,6.0828772102499e-05
"6",0.0835313757603132,0.0538666995837619,0.0626334051358037,0.0697195670447313,0.0770285376973372,0.0824743074647079,0.0849864830132139,0.0839963420361784,0.0794845139927368,0.0719576635412614,0.0623052374543976,0.0515981455313497,0.0408784894745809,0.0309921055143236,0.022495093844842,0.0156394440340407,0.0104206017341131,0.00665834288101183,0.00408261259054892,0.00240432632055008,0.00136234502425771,0.00074575743183576,0.000401205300173298,0.00020637530636713,0.000131022287559283
"7",0.0599899240172062,0.0405274297214146,0.0493023363031283,0.057763615623001,0.0670430532756927,0.075322893869546,0.0813748500734567,0.084270359348014,0.0835209892912164,0.0791669344325416,0.0717465974691571,0.0621673689164932,0.051510434263057,0.040824492130191,0.0309601003391565,0.0224769456614523,0.0156297717212147,0.0104161148052114,0.00665735257842863,0.00408474678878069,0.00241091500850311,0.00137526583752152,0.000772320563105181,0.000413375398421628,0.000271812564085857
"8",0.0414647182143969,0.0293901479070007,0.0374043418052854,0.0460615185031827,0.0560717788850409,0.066008863989304,0.0746816689015685,0.0809711919234555,0.0840092644563793,0.0833496817021508,0.0790543692737884,0.0716735467651594,0.0621210488357691,0.0514819729699692,0.0408076929075363,0.0309507658590341,0.0224724583288636,0.0156288314842388,0.0104186569167575,0.00666467134348407,0.00410075602978236,0.00243990288806112,0.00143172236809272,0.000797596974924192,0.000542830766771611
"9",0.0275854808684083,0.0205382355529145,0.0273348231117461,0.0353256857551264,0.0450315515977345,0.0554716846411315,0.065656288179826,0.0744724333751913,0.0808435188104429,0.0839299085700878,0.0832999140192344,0.07902328975158,0.0716544470833837,0.0621096488732483,0.0514755543843214,0.0408046870765277,0.0309506146169503,0.0224756839728497,0.0156373664541647,0.0104364343508912,0.00670024889349593,0.00416258170020993,0.002554991046932,0.00148182249330023,0.0010431048202985
"10",0.0176905630016866,0.013841462059276,0.0192471938295165,0.0260554710994374,0.0347227952881383,0.0446956730115303,0.0552842323542155,0.0655514227940729,0.0744122996641551,0.0808083968656986,0.0839091232982864,0.0832875929452725,0.0790160866336403,0.071650455933249,0.0621079251177953,0.0514760110828019,0.0408082942744099,0.0309598839064219,0.0224955415492192,0.0156763424449191,0.0105114100076572,0.00682653999884366,0.00438781553620557,0.00264974689194577,0.00192772041160217
"11",0.0109504725360374,0.00900348503869742,0.0130644106041948,0.0184896348595309,0.0257155298286783,0.0345412928622603,0.0445992864656967,0.0552334208321757,0.0655241566055126,0.0743974865054142,0.0808002651335919,0.0839046761882128,0.0832852890237952,0.0790152731827205,0.0716512517674853,0.0621114908386598,0.0514852425212333,0.0408289581588616,0.0310023377657577,0.0225767313620604,0.015827733945986,0.0107589762741671,0.00724963863621786,0.00455857465986423,0.00342438440318496
"12",0.00655090310661725,0.00565763658192296,0.00855437717973654,0.0126321049089208,0.0183047227416417,0.0256206317437633,0.0344931385215572,0.0445752410505113,0.0552212874667637,0.0655180197359564,0.0743943992510955,0.0807988123678375,0.0839042990056466,0.0832861265244938,0.0790184382959599,0.071659648119022,0.0621313290197541,0.0515282773773483,0.0409155433873075,0.0311643953628511,0.0228700551110836,0.0162933446579224,0.01152126765213,0.00754211069511853,0.00584389013503543
"13",0.00379148221985664,0.00343741457126021,0.00540776186326225,0.00831619323946646,0.0125349373529504,0.018256674164497,0.0255972403386967,0.0344820036664237,0.0445699127117504,0.0552187698530407,0.0655169129394777,0.0743941622869181,0.0807995336477237,0.0839069236294817,0.0832932690105678,0.0790360961906376,0.0717001246069615,0.0622172972115293,0.051697809868335,0.0412259042762594,0.0317095909756839,0.0237095934498637,0.0176092868522192,0.0119957113535956,0.00957539371953865
"14",0.00212475726846763,0.00202089570639697,0.0033033042609711,0.00528087044863753,0.00826681981350166,0.0125113819267251,0.0182456512974787,0.0255922264249148,0.0344797330066733,0.0445689582694766,0.0552185734534194,0.0655175039495491,0.0743963021533348,0.0808054311638016,0.0839219021943877,0.0833289858252783,0.079115791251476,0.0718655339889335,0.062536297042446,0.0522680642147752,0.0421974005579854,0.0331594718044458,0.0258837010463785,0.0183346520647269,0.0150557908658156
"15",0.00115361118162782,0.00115045753344374,0.0019513902070159,0.0032378881561149,0.00525660235595891,0.00825564189151821,0.0125063533622702,0.0182434772105598,0.025591339510952,0.0344795469957434,0.0445694481015005,0.0552203496201392,0.0655223944494192,0.0744088241212003,0.0808358700844985,0.0839919794550868,0.0834807292986189,0.0794225219173007,0.0724423889350984,0.0635411407113456,0.0539263906136424,0.0445930900296517,0.0365925095083309,0.0269214892969311,0.022704565452028
"16",0.000607044005728753,0.000634527459839182,0.0011156549743068,0.0019187440355847,0.00322635038170311,0.00525147395218692,0.0082534372365424,0.0125054895090758,0.0182432872074419,0.0255917523886304,0.0344810582197345,0.0445735855427811,0.0552309140539003,0.0655481728930453,0.0744689410553695,0.0809692126860336,0.0842712799245711,0.08402873404439,0.0804245959154799,0.0741393956649807,0.0662503480685455,0.0577092704539213,0.0497666956932063,0.0379667463638718,0.0328232882691264
"17",0.000309643686820389,0.000339193867356815,0.000617691245337267,0.00109988359174775,0.00191344243588536,0.00322408668563773,0.00525057874689646,0.00825322641740316,0.0125058256868671,0.0182445727365301,0.0255952811071856,0.0344900571471272,0.0445955340819913,0.0552822582037475,0.0656631435583441,0.0747143409991564,0.0814652999885239,0.0852134767978461,0.0856994462598984,0.083168960025024,0.0783710672207477,0.0719515734866786,0.0651385604357742,0.0514199119647475,0.0454729436227225
"18",0.000153099680261452,0.000175770651881282,0.000331327456505188,0.000610319049439222,0.0010975375508707,0.00191250619882875,0.00322382905273846,0.00525082560151321,0.00825427886271507,0.0125087685639053,0.0182521436305773,0.0256138493509981,0.0345336886613227,0.0446937740576436,0.0554938973854018,0.0660980162228386,0.0755620179607925,0.0830209910194847,0.0878830026177671,0.0899443243417365,0.0894813769594917,0.0865620516136919,0.0821016338140046,0.0668811013970248,0.060359868298563
"19",7.33626303669557e-05,8.82973579714703e-05,0.000172223832583681,0.00032799924323165,0.000609337021311096,0.00109723083285651,0.00191265050573749,0.00322463314162996,0.00525315345180975,0.00826038567983267,0.0125239751685653,0.0182883200649454,0.0256961615135301,0.0347127902265473,0.0450661006668069,0.0562317092021864,0.0674855152711179,0.0780213610455171,0.0871003971314109,0.0941537957566231,0.0989269425397387,0.100687843234837,0.0997380933475582,0.0835720962742715,0.0767756248590104
"20",3.40589395893172e-05,4.29919966137207e-05,8.67586619191429e-05,0.000170785110002573,0.000327649115929485,0.000609388767008779,0.00109779704686236,0.00191437470563241,0.00322926780228577,0.00526494057983815,0.00828897565560756,0.0125901807214352,0.0184346977523966,0.0260050667599527,0.0353345268941962,0.0462574210766753,0.05839678745993,0.0711946451185078,0.0839685547627627,0.0959335265736682,0.106335236647171,0.113517653653006,0.116927004004237,0.100400950868978,0.093636759325792
"21",1.53146748221047e-05,2.02860336219763e-05,4.23597148359589e-05,8.6191660888321e-05,0.000170770026749113,0.000328031081985123,0.000610612364058968,0.00110114255785945,0.0019230242519445,0.00325063718302701,0.00531539731900285,0.00840274602666606,0.0128349610801092,0.0189368212395983,0.0269861010782679,0.0371568604125256,0.0494649878355052,0.0637161269175948,0.0794467353971879,0.0958159211357999,0.111666195619153,0.124412629782402,0.132522012180626,0.116128933746405,0.109645200679362
"22",6.67190781495847e-06,9.28239476010371e-06,2.00666849896613e-05,4.22294029872412e-05,8.64669336805812e-05,0.000171671191511351,0.000330469351022833,0.000616882942737143,0.00111667301818336,0.00196002219156965,0.00333519704882318,0.00550038866721794,0.00878938306932099,0.0136056652023023,0.0203996008943644,0.0296239492613144,0.0416609887093773,0.0567068125376653,0.0746001117292198,0.0945662247860281,0.115166865285511,0.132993127237302,0.145552945344907,0.12960187708624,0.123536427121148
"23",2.83238986888414e-06,4.14731809221833e-06,9.29696590622107e-06,2.02729040196427e-05,4.29921491649079e-05,8.84429462712547e-05,0.000176567349784954,0.000342272089105426,0.000644538806700066,0.00117943975116613,0.00209748129267017,0.00362466546374926,0.00608471265546547,0.0099168856438095,0.0156799000035523,0.0240273592574822,0.0356326724862292,0.0510318163936466,0.0703615359277849,0.0929699473536562,0.117250050656207,0.139151393127265,0.155377383529488,0.13996020680897,0.134323186729943
"24",1.23663733785812e-06,1.91356582753469e-06,4.46221984757888e-06,1.0116896496876e-05,2.23036759765266e-05,4.77314952934445e-05,9.92374941055604e-05,0.00020061627032342,0.000394618677493882,0.000755581702346613,0.00140824859084747,0.0025537577085667,0.00450186464272746,0.007704488738619,0.0127791812513807,0.0205018851041804,0.0317360647305061,0.0472528620699994,0.0674100511101046,0.0916682361114784,0.118335011610151,0.142944079904409,0.161649561259068,0.146664277236723,0.141352611296187
"25",6.62628607866646e-07,1.08015257131873e-06,2.61309175483036e-06,6.14143032820267e-06,1.40281809877164e-05,3.11087617430699e-05,6.70403356050609e-05,0.000140528473708932,0.000286707291953152,0.000569428045826052,0.00110056042282045,0.00206809601837511,0.00377302559343284,0.00667060627629052,0.0114039382703924,0.0188063855112295,0.0298343942374187,0.0453779670425732,0.0659107082105712,0.0909577484322493,0.118792151875497,0.144744609440784,0.164692745618495,0.149943247614102,0.144804477042682
