"","X0","X1","X2","X3","X4","X5","X6","X7","X8","X9","X10","X11","X12","X13","X14","X15","X16","X17","X18","X19","X20","X21","X22","X23","X24"
"1",0.401441200589495,0.227902847894492,0.125400835995324,0.074554613883694,0.0479636058051256,0.0339550441614496,0.0252155393383058,0.0188498370403573,0.0139048595594937,0.0100441306638119,0.00708483859900756,0.00487458175707528,0.00326972212740497,0.00213766026628273,0.00136198457660776,0.000845679234445422,0.000511759945676483,0.000301861697565954,0.000173583189362139,9.73324493798637e-05,5.31495258420163e-05,2.83334236628887e-05,1.48190117654857e-05,7.63831651205178e-06,4.54094785764839e-06
"2",0.386858665595486,0.221046125679372,0.123748236387454,0.0756016353149568,0.0503694166165352,0.0368872778955028,0.0282180183819655,0.021671461141576,0.016406226727667,0.0121591233761355,0.00880007035471056,0.00621331901839831,0.00427766367392266,0.00287096734762862,0.00187819349917123,0.00119766655829664,0.000744457745491621,0.000451130941457754,0.000266557400008326,0.000153592500340917,8.6167537874918e-05,4.71844784859371e-05,2.5336489001823e-05,1.33835773686542e-05,8.12176118790152e-06
"3",0.366714292638237,0.211455408812302,0.121237979142599,0.0767870460611925,0.0534581077803618,0.0407689080935966,0.0322791735497047,0.0255637988548633,0.0199238493094066,0.0151912124779825,0.0113072583990107,0.00820899239561119,0.00581040887487562,0.00400878925736894,0.00269567820341513,0.00176672320887399,0.00112860564712859,0.000702810335337716,0.000426691631034323,0.000252583379602735,0.000145499882804572,8.17703379970225e-05,4.50242438131029e-05,2.4336673990133e-05,1.50508088880753e-05
"4",0.340771494537781,0.19890577785474,0.117623598524534,0.0778711506940081,0.0570304547114289,0.0454662614300416,0.0373424118307482,0.0305456681513827,0.0245404944549402,0.0192698452879466,0.0147632985498761,0.0110279141957052,0.00802899752853423,0.00569658624667775,0.00393846619661544,0.00265342795342032,0.00174217032885927,0.0011148788604662,0.000695449413099303,0.000422863352260271,0.000250042316804912,0.000144155307742254,8.13397683191955e-05,4.49500406433354e-05,2.83024634214413e-05
"5",0.311421786659083,0.184411664784161,0.112960468733538,0.0784238433323824,0.0604417266638083,0.0502946730070997,0.0427801029546353,0.0360952772871396,0.0298593462404055,0.0241221909586002,0.0190049937266578,0.0145947049410466,0.0109216251477978,0.00796327654525346,0.00565713399798444,0.00391579195415003,0.00264120213594868,0.00173615885530704,0.00111226901881692,0.000694391291142991,0.000421268235877797,0.00024900356886788,0.000143873376377432,8.12140333835172e-05,5.20125505321406e-05
"6",0.279995603504918,0.168519949184601,0.107240498298406,0.0781492388820633,0.0632624208365651,0.0547951347927015,0.0481668497212093,0.0418574251463557,0.03561386612115,0.029574581950685,0.02394463255166,0.0188930815880057,0.0145249908685732,0.0108795260149696,0.00793928523474281,0.00564486296285374,0.00391079954800791,0.00264029499115453,0.00173703095536633,0.00111326547524794,0.00069276547099078,0.000419664886374335,0.000248167296445132,0.000142990361588814,9.30733553613364e-05
"7",0.247447594732656,0.151640853967414,0.100487227385457,0.0768581326721568,0.065186991480222,0.0586145636475402,0.0531497878796881,0.0475140271790408,0.0415449959362908,0.0354408020929146,0.0294723002909007,0.0238838450241921,0.0188584172858462,0.0145073714202653,0.0108731562460419,0.00794017128009937,0.00564994440275302,0.00391751850326754,0.00264652384934531,0.00174105160810485,0.00111102432558957,0.000689508858176204,0.000417061505676516,0.00024510588272444,0.000162022543634144
"8",0.214908076166572,0.134306137300415,0.0928178454095186,0.0744312326113789,0.0659505983259733,0.0614067812787984,0.0573484598036153,0.0526891411650361,0.0473138517178454,0.0414434325339135,0.0353863622172532,0.0294448894652228,0.023873706566221,0.0188600226271509,0.0145170671100504,0.0108880462184788,0.00795745015989925,0.00566668761307319,0.00393093313192533,0.00265416968627735,0.00173639849724727,0.00110352193615307,0.000682329235130244,0.000408703846748025,0.000274155376100126
"9",0.183357587479695,0.117019680430155,0.0844151717721332,0.0708568716464049,0.0654024257430013,0.0629208054863468,0.0604444685381528,0.0570305719101907,0.0525689782635169,0.0472634716603019,0.0414250573362212,0.035386787239443,0.0294583370930801,0.023896958600382,0.01889051451592,0.0145519967150413,0.0109238084301328,0.00798965472223437,0.00569086667023556,0.00394311335970529,0.0026437566728811,0.00171967783700624,0.00108620745338262,0.000662574939980197,0.000450655484452631
"10",0.153657893640481,0.100265773647565,0.07552113566224,0.066221696585047,0.0635016726047101,0.0630056913428315,0.0621944911857589,0.060227638566379,0.0569643396887227,0.0525543139745473,0.0472735451246481,0.0414518003975557,0.0354271242641601,0.0295102543397895,0.0239578316624667,0.018956327564825,0.0146168108153828,0.010980093945421,0.00802972404365751,0.00570801185447755,0.00392046964948562,0.00260850014813328,0.00168177926607782,0.00104380370977382,0.000719276315860429
"11",0.126460916673828,0.0844571925702892,0.0664105789858758,0.0607025682170653,0.0603258513011037,0.0616335206396484,0.0624650428322651,0.0620532184605694,0.0602031281595112,0.0569818147464237,0.0525957649344505,0.0473348686702101,0.0415317496946185,0.0355239435488809,0.0296199856800621,0.024073535142545,0.0190675544990445,0.0147104569544783,0.0110430262363689,0.00805085711182403,0.00566136820534109,0.00385017960346852,0.00253155351999632,0.00159719167091226,0.0011141319412169
"12",0.102200979788953,0.0699188515382806,0.0573668611829264,0.0545421772913165,0.0560538164137647,0.0588948188673873,0.0612420217579076,0.0623860508316057,0.0620690231050624,0.0602592712396429,0.0570676570011912,0.0527104561985518,0.0474782933459322,0.0417013059768671,0.0357125468652038,0.0298152104129485,0.024257141712148,0.0192172539101512,0.0148044824381456,0.0110637395789248,0.00795974844768389,0.00552824504007699,0.00370332316480512,0.00237272396502638,0.00167399992549408
"13",0.0811003665428115,0.0568772095062958,0.0486570860380072,0.0480195870049921,0.0509397709872425,0.0549824254356522,0.0586282323183775,0.0612228408316848,0.0624510912547761,0.0621811243077188,0.0604143520225853,0.0572677119968383,0.052955722903188,0.0477637058708958,0.0420138930266509,0.0360304803962448,0.0301075739534347,0.0244872689504606,0.0193503736270059,0.0148137266200927,0.0108943627659883,0.00771931371592234,0.00526267502125545,0.00342049053186877,0.00243861437000721
"14",0.0631914864993648,0.0454588820816547,0.0405110408404619,0.0414197933844173,0.0452814895932771,0.0501653693186248,0.0548281831289423,0.0586770932687161,0.0613572924607158,0.0626492252293399,0.0624451343711903,0.0607487529602612,0.0576719055159548,0.0534196065144743,0.048264168072854,0.0425138760809905,0.0364794035083766,0.0304472860324061,0.0246643648934973,0.0193258058268607,0.0145131400857524,0.0104791358649564,0.0072620459771608,0.00478283065227177,0.00344268783747549
"15",0.0483504585522522,0.0356975349953606,0.0331064012987619,0.0350067316903598,0.0393878205400049,0.0447572301139649,0.05012301280654,0.0549651958398823,0.0589145649125242,0.0616874367515791,0.0630805618032648,0.0629841523392965,0.0613920009613368,0.0584002029562715,0.05419339463542,0.0490228996126644,0.0431778444713188,0.0369598323348509,0.0306654427788656,0.0245663126458236,0.0188155200258266,0.0138262346163588,0.0097271305552869,0.0064841506120961,0.00470793215008611
"16",0.036337099627605,0.0275474912192087,0.0265614831151377,0.0290029064477806,0.0335498684823907,0.0390837295944846,0.0448396147836014,0.0503821746349523,0.0553555623010125,0.0594420635855072,0.0623669911472944,0.0639194585157177,0.0639727425738797,0.0624959758093132,0.0595547020490928,0.0553033482515116,0.0499674703338332,0.0438267298838872,0.0372018121769213,0.0304300693346471,0.0237364635739956,0.0177257215523174,0.0126426158002202,0.00851979742698516,0.00623410777870006
"17",0.0268365458713603,0.0209018590606526,0.0209354391688283,0.0235772347373691,0.0280189792746419,0.0334537474417983,0.0393184346575431,0.0452708714367325,0.0509940802202297,0.0561677290383664,0.0604754895015824,0.0636274494100429,0.0653859100351643,0.0655872425568753,0.0641567062445127,0.0611183173106359,0.0565937806335018,0.0508010674359979,0.044053238503566,0.0367348830387475,0.0291361495389456,0.0220770672436548,0.0159404166044313,0.0108463797439002,0.00799098129091659
"18",0.019497877037513,0.0156124292972231,0.0162345358210762,0.018841066583484,0.0229930163819807,0.0281367078908137,0.0338838957859702,0.0399887008301626,0.046192520560705,0.0522002662276665,0.057684256291717,0.0623026587803622,0.0657253910832057,0.0676619259135832,0.06788832794865,0.0662754554908821,0.0628083986980774,0.0576069320788197,0.0509435862283574,0.0432269487050008,0.0347997903694374,0.0267103663562099,0.0194944573133287,0.0133767199029417,0.00991376842282923
"19",0.0139662832662044,0.0115086969293654,0.0124222933871688,0.0148508599734079,0.0186105533741259,0.0233473923688029,0.0288198931966514,0.0348753751497514,0.0413249543125978,0.047919406010507,0.0543456768240011,0.06023707481613,0.0651944686887186,0.0688154382520788,0.0707301963307036,0.0706470633894084,0.0683940245169098,0.0639652609323289,0.0575643112485725,0.0495999345937238,0.0404515592242883,0.0313955063482284,0.0231261299426543,0.0159828003580402,0.0119048465656282
"20",0.00990673306233228,0.00841385498263892,0.00943096508612556,0.0116150525073588,0.014951152430519,0.0192374856787915,0.0243511068312459,0.03022377852238,0.0367390177920152,0.043704859286762,0.0508411123272344,0.0577788264093959,0.0640733525528924,0.0692308512125259,0.0727493917363956,0.0741791794263387,0.0731856216599336,0.0696234356849473,0.0636081303134513,0.0555285816935759,0.0457846438488912,0.0358668960141295,0.026623161320501,0.0185090579392881,0.013843751680328
"21",0.00701876420884037,0.00615657903441325,0.00717231555542271,0.00910275721959604,0.012039593631756,0.0158925752060598,0.0206302587698572,0.0262558737585936,0.0327203266460482,0.0398909421265565,0.0475293498528882,0.0552796408720289,0.0626716633836524,0.0691422514397689,0.0740782681011467,0.0768883299992054,0.0770849396955258,0.074384864469608,0.068808996438779,0.0607134129813878,0.0505048180819286,0.0398619943593358,0.0297708436329049,0.0207954793228581,0.0156051612118359
"22",0.00504398356446869,0.0045789523299053,0.00554710615420434,0.00725332259873504,0.00985328796109478,0.0133346719632968,0.0177328858371628,0.0231072937958156,0.0294654737064308,0.0367281622162202,0.0446989330720453,0.0530420731372947,0.0612762905851268,0.0687896753638657,0.0748824782853389,0.0788470308721126,0.080065301140853,0.0781318643537879,0.0729791457152412,0.0649261187364471,0.0543773150213845,0.0431645931169646,0.0323882991340611,0.0227050856241547,0.0170806557139855
"23",0.00376969323502153,0.00354252329286941,0.00445452904600083,0.00598784406453767,0.00833433490669308,0.0115326764456627,0.0156636545665151,0.0208268688258004,0.0270725291852531,0.0343634288591366,0.0425383245604162,0.051281682199939,0.0601094170035451,0.0683781062134418,0.0753264802032301,0.0801606578004587,0.0821629541224931,0.0808321646479994,0.07602884158806,0.0680385258947531,0.0572595711671489,0.0456368518672373,0.0343564083564482,0.0241456839983665,0.0181962479489701
"24",0.00303947469274943,0.00294080751599181,0.00380978295216996,0.00523183361605613,0.00741730308104741,0.0104343463380927,0.0143906670421398,0.0194106401779555,0.0255715707560788,0.0328637574447527,0.0411498339085093,0.050129187028206,0.0593183126745403,0.0680559291102025,0.0755431726262993,0.0809318367810481,0.0834401757880316,0.0825043379608063,0.0779368035226964,0.0699994256748584,0.0590846357645821,0.0472084258672262,0.0356112762410099,0.025066255441459,0.0189102079934879
"25",0.00270708258893474,0.00266470261851127,0.00351100940205876,0.00487893298584212,0.00698657651393691,0.00991557686144659,0.0137861443020221,0.0187344193079336,0.0248508072870412,0.0321391176156805,0.0404739445950367,0.0495624668772585,0.0589221115311391,0.0678835607216432,0.0756301865960691,0.0812876368090291,0.0840429755794476,0.0833015494475156,0.0788519118768174,0.0709437709883319,0.0599661296564339,0.0479691970879188,0.0362197899503505,0.0255132324925899,0.0192571663070098
