"","X0","X1","X2","X3","X4","X5","X6","X7","X8","X9","X10","X11","X12","X13","X14","X15","X16","X17","X18","X19","X20","X21","X22","X23","X24"
"1",0.308995680069063,0.124256878870948,0.121326999204878,0.0964605711946741,0.0804642673716024,0.0659542382502052,0.0532609866797408,0.0420038893505709,0.032213702245851,0.0239695610735865,0.017281974109912,0.0120668782470592,0.00815773904482025,0.00533968670596894,0.00338442151942325,0.00207759802216065,0.00123553696155645,0.000712024867320898,0.000397775248334205,0.000215542017987254,0.000113441422494355,5.83901578437004e-05,2.869269439315e-05,1.39977229794015e-05,9.52694662452178e-06
"2",0.287009302776072,0.117327915256829,0.116210716483255,0.0948691422339659,0.0813305439524638,0.0686790139311824,0.0571700050469934,0.0464962596688574,0.0367870651955012,0.0282477281983056,0.0210244305821809,0.0151585321239563,0.0105845198536558,0.00715725501048002,0.00468724592522191,0.0029734113961468,0.0018274851109376,0.00108851290128494,0.000628568870429668,0.00035211441224356,0.000191647942423733,0.000102126358638965,5.18271373504386e-05,2.61648602947638e-05,1.84647713252226e-05
"3",0.258142378018942,0.107982939424934,0.109074107720129,0.0922156247916747,0.0818713956975692,0.0717306117736177,0.0619296471897984,0.0522197830333952,0.0428193641354422,0.0340656831640917,0.0262619251296741,0.0196070620356259,0.0141730418247975,0.00991868307197071,0.00672070481125245,0.00440972083474364,0.00280243892423886,0.00172548753644566,0.00102969796050294,0.000595991402580019,0.000335180105627138,0.000184711980631023,9.66524592424131e-05,5.03971969078964e-05,3.67697761644143e-05
"4",0.223353017882011,0.0963303142054456,0.0998053111721637,0.0881064444215378,0.0815386661926958,0.0745122379992895,0.0669949943230693,0.0587550428800483,0.0500566611194937,0.0413411057230032,0.03306229713549,0.025591612476363,0.0191685700967585,0.01389317706208,0.00974483097404991,0.00661580810885058,0.00434840870204757,0.00276791106673408,0.00170704316754055,0.00102086351055356,0.000593211480851142,0.000338063993498373,0.000182321726092444,9.81424765815464e-05,7.39421037492315e-05
"5",0.187355241678769,0.0837228383651632,0.0892617689370774,0.082534510564101,0.0797339786817901,0.076014993460827,0.0711476944314958,0.0648521797453887,0.0573585808264646,0.0491362022998853,0.0407332025265884,0.0326642404291793,0.0253348305709424,0.0190062035913839,0.0137929467446263,0.00968469920965549,0.00658103442454955,0.00432942273333545,0.00275877398132485,0.00170438281692431,0.00102326323508893,0.000603064830116817,0.000335106581645694,0.000186154263906205,0.000144685069768453
"6",0.152702458162649,0.0709483371257129,0.0779888963413306,0.0755825947238823,0.0761855872300576,0.0756823088375576,0.073644224493537,0.0696865399565133,0.0639214606561961,0.0567524481699847,0.0487367014138771,0.0404701878538336,0.0324927910246545,0.0252250073141364,0.0189375652776148,0.0137515215625005,0.00966111335254219,0.0065692226878434,0.00432574607853555,0.00276147217469595,0.00171346810856522,0.00104473820417278,0.000598103640552409,0.000342835073613468,0.000274670535438705
"7",0.120779415509598,0.0585329426265264,0.0664411100414785,0.0674921346736947,0.0709226028188051,0.0733196383787201,0.0740871858183577,0.0727084164844283,0.0691167552413953,0.0635642636541112,0.0565238554792755,0.0485895105027595,0.0403758572679251,0.0324333165587431,0.0251887036616045,0.0189168579258612,0.0137416861933071,0.00965944129053735,0.00657453923222504,0.00433824388619087,0.0027831663448689,0.00175638618777625,0.00103588045661078,0.000612591985180566,0.000505497780017035
"8",0.0927541641343373,0.0470005836909007,0.0551412572054549,0.0586601029570019,0.0641808278610918,0.0689530739703209,0.072273192737943,0.0735011700719711,0.0723667678513057,0.0689104524268018,0.063436077130509,0.0564432431835304,0.0485389962150406,0.0403450778823886,0.0324160507397486,0.0251814062207525,0.0189178853204083,0.0137507380567142,0.00967732312907926,0.00660326222138683,0.00438216977466614,0.00286377303917991,0.00173985982559443,0.00106131087785366,0.000901233476016161
"9",0.0691515887232273,0.03671049697897,0.0445380924107956,0.0495580060631536,0.0563813376232026,0.0628706046680609,0.0682913146140909,0.0719230233901467,0.0733090869485425,0.0722578026687572,0.0688467327022727,0.0633984736886522,0.0564216272432709,0.0485281022800582,0.0403425257283961,0.0324214278885341,0.0251958091190069,0.0189434269637434,0.0137903971827973,0.0097352082241106,0.00668675100571293,0.00452740254264948,0.00283299906009454,0.00178201106665537,0.00155575121509593
"10",0.0500744774145584,0.0278872616680452,0.0349918233779854,0.0406622689970767,0.0480381880092658,0.0555339905837923,0.0624621952707456,0.0680864137776929,0.0718171358254594,0.0732529078377578,0.0722274244030851,0.0688308791199825,0.0633919346280046,0.0564226372712827,0.0485372105128174,0.0403621299933416,0.0324555112232382,0.0252492642523251,0.0190217743570764,0.0139000440188318,0.00988708375213283,0.00693878568464306,0.00447089814987067,0.00289871172385836,0.00259904814712792
"11",0.0352339289153065,0.0206018590869959,0.0267306347086047,0.0323853616474769,0.0396787582845729,0.0475051548931907,0.0552880131464263,0.0623448499987106,0.068029294130306,0.071789175399774,0.0732398322392642,0.0722233289251254,0.0688341281932666,0.0634037572150237,0.0564466997021429,0.0485794802298516,0.0404306114956862,0.0325589654826578,0.0253964108307929,0.0192212345056508,0.0141662620403802,0.0103088415346741,0.00683707346013241,0.00456632259731624,0.00420002133666801
"12",0.024100172093876,0.0148006549299875,0.0198498005244772,0.0250307917190434,0.0317671912102197,0.0393523455831131,0.0473604695555943,0.0552222163869385,0.0623148475236655,0.0680164657908444,0.0717858193358507,0.0732439947816722,0.0722365961837082,0.0688612323837134,0.063452753790879,0.0565290039822692,0.0487092626352885,0.0406221863980025,0.0328247924083294,0.0257461700333527,0.0196712283878795,0.0148464758578376,0.0101297278222504,0.00696367601918716,0.00656212466201773
"13",0.0160312289314381,0.0103406255608713,0.0143272651326004,0.0187736634831702,0.024653094101327,0.0315725744952733,0.0392693594097257,0.0473246556134475,0.0552075487549213,0.062311043722911,0.0680205450267062,0.0717993600605097,0.073272448774421,0.072289820740772,0.0689542071653698,0.063605533028697,0.0567651578708144,0.04905072188614,0.0410848922157925,0.0334160247472024,0.0264792068909103,0.020727474665032,0.0145383959336043,0.010277064494594,0.00990808729374637
"14",0.0103744634503718,0.00702668035914666,0.0100517066194401,0.0136653810277933,0.018549212073821,0.024540185274063,0.0315264252928196,0.0392510453448553,0.0473194102854484,0.0552108633878174,0.0623239321389607,0.0680487115966704,0.0718538851981733,0.0733712728446423,0.0724589173234874,0.0692269777314339,0.0640192273229036,0.0573512550475392,0.0498264508157551,0.0420475807398297,0.0345656437629155,0.028056350056542,0.0202107387722444,0.0146728581778163,0.0144508253555075
"15",0.00653400545054447,0.00464479624011047,0.00685553503810948,0.00965597327306817,0.0135356587154659,0.0184856547475964,0.0245157927992336,0.0315188251792733,0.0392530120673565,0.0473309931746411,0.0552374286909129,0.0623770219520203,0.06814814416139,0.072030275855776,0.0736674585751417,0.0729279376655172,0.0699247358732044,0.0649875826194458,0.0586029164200956,0.0513348839668579,0.0437812752946609,0.0368267177038457,0.0272126612772583,0.0202603013691294,0.0203504118893421
"16",0.00400652816139396,0.0029874238127145,0.00454634403532058,0.00662547710551897,0.00958319786699285,0.0135013548225841,0.0184744103873256,0.0245159378448148,0.0315286644737858,0.0392771399620389,0.0473806145471585,0.0553329430974419,0.0625517137162332,0.0684517844082875,0.0725303139773382,0.0744441457261071,0.0740606147066903,0.0714638120118695,0.0669296722630495,0.0608749638062015,0.0538456356976483,0.0468882552239704,0.0354882807801511,0.0270492378420197,0.027661533723341
"17",0.00239269315763235,0.00187009116993727,0.00293245099253617,0.00441638939766024,0.0065861909070297,0.009566294152513,0.0134990121392102,0.0184822401408187,0.0245371821374816,0.0315736082134467,0.0393655662018283,0.0475463251629149,0.0556292372343069,0.0630559184365995,0.0692652494578959,0.0737684502432601,0.0762127468419863,0.0764120323056875,0.074358951134281,0.0702157533391558,0.0643617301131101,0.0579294556666792,0.0448292416721181,0.0349116088304413,0.0362815809514668
"18",0.00139215537116777,0.00113975312355578,0.00184040825604478,0.00286139082963899,0.0043966904576943,0.00658032926188695,0.00957175909772143,0.0135171403371579,0.0185218560015528,0.0246165916030114,0.0317252944355852,0.0396429214698104,0.0480309834187583,0.0564359867228938,0.0643298567547392,0.0711636198575797,0.076422538807095,0.0796631828860629,0.0805547294517101,0.0789175477994321,0.0748523006134097,0.0694847199637979,0.0548644744476926,0.0435589228754407,0.0459148461565583
"19",0.000789467653530344,0.000676608951951819,0.00112449247613357,0.00180334464441241,0.00285360384882996,0.00439923848199467,0.00659505238323302,0.00960560808113754,0.0135862826146733,0.0186561289335319,0.0248666671612056,0.0321718118804544,0.0404054218488692,0.0492720744898273,0.0583532248582694,0.0671254767296034,0.0749871273287409,0.0812805483750188,0.0853478571569595,0.0866143976134227,0.0848134683079756,0.0809716499727286,0.0650807079052785,0.0525488830020429,0.0560708553001731
"20",0.000436585095317941,0.000391553399566136,0.000669589096861413,0.00110706615658309,0.0018038138246871,0.00286455993532269,0.00442690778191019,0.00665299128727982,0.00972002509494996,0.0138030427143157,0.0190505891190789,0.0255551530548459,0.0333214268437871,0.0422356667596717,0.0520383344581527,0.062300122698762,0.0724056644361627,0.081542684393038,0.088754908195383,0.0930609486645595,0.0937777253132496,0.0917592283548635,0.0748794229139728,0.0613307272821459,0.0661112631255308
"21",0.000235749895529823,0.000221309246235456,0.000389517964826019,0.0006640692985122,0.00111476530397203,0.00182514329593081,0.00291087482024088,0.00452011513052799,0.00683263432292302,0.0100529627022787,0.0143959756186964,0.0200634462860003,0.027210519431162,0.0359012754759894,0.0460530502647637,0.0573704966193229,0.0692804372363038,0.0808763119838739,0.0909540234913719,0.0981538385229692,0.101375094782221,0.101258500311505,0.0836654999957982,0.0693280128208271,0.0753463751782174
"22",0.000124814822621216,0.000122851827069208,0.000222853462987764,0.000392347199414523,0.000679868060395207,0.00115014822216854,0.00189779208046991,0.00305318268836188,0.00478836097516668,0.00731931821076914,0.0109017213504411,0.0158160019331964,0.0223368426650295,0.0306816073852527,0.0409334989962439,0.0529393649197114,0.0661979025882969,0.0797570392261836,0.0922248535782031,0.101923072980077,0.107377813528995,0.109013977387244,0.0909463944313525,0.0760394040326147,0.083158967447732
"23",6.57865898287981e-05,6.82021460791831e-05,0.000127931180994036,0.000233393648229688,0.000419017368626192,0.000735213180006594,0.00125970556154939,0.00210673056803753,0.00343761946195113,0.00547003428487725,0.00848215752659491,0.0128059707783022,0.0188015502053965,0.0268028386396031,0.0370267311542419,0.0494434276629673,0.0636265859855551,0.0786097598581702,0.0928720848986525,0.104495476720779,0.111711883653613,0.114762234794185,0.096405473720411,0.0811204100936454,0.089109780317701
"24",3.68221078122995e-05,4.04228339924131e-05,7.86565892166104e-05,0.00014910132396116,0.000277946613421798,0.000506516001110999,0.00090147653515157,0.00156577109496891,0.00265200449054852,0.00437607300149606,0.00702703591570319,0.0109663138733739,0.0166061285360416,0.0243548056126832,0.0345178205876916,0.0471507479414162,0.0618840210688875,0.0777509147123448,0.093154231231387,0.106023466425596,0.114397570217033,0.118390865045196,0.0998790692350952,0.0843749470880944,0.0929372719177745
"25",2.4950289384334e-05,2.87474564699312e-05,5.76436120180414e-05,0.00011263244731854,0.000216111128291811,0.000405024456856112,0.000740616813033576,0.00132010717936006,0.00229137456888528,0.00386870006064977,0.00634546034966753,0.0100963788395487,0.015558269523853,0.02317546074626,0.0332972234040028,0.0460223398348656,0.0610112633169065,0.0772996576942536,0.0932550442328355,0.106733246935106,0.115678182587998,0.120140197585213,0.101561436597364,0.0859572916630388,0.0948026386768195
