"","X0","X1","X2","X3","X4","X5","X6","X7","X8","X9","X10","X11","X12","X13","X14","X15","X16","X17","X18","X19","X20","X21","X22","X23","X24"
"1",0.179210103402691,0.1531162523473,0.158173874294913,0.147166890179859,0.123874353498481,0.0936580239633494,0.0637525114134232,0.0392243479548502,0.0219078104644924,0.011155239218602,0.00519739317292081,0.00222225804900554,0.000873885182001719,0.000316517391484821,0.000105667646450753,3.25166267466074e-05,9.21771966719009e-06,2.40420633927825e-06,5.75947673160662e-07,1.26430985852866e-07,2.53590149579605e-08,4.63117666713333e-09,7.66762061810628e-10,1.14512410068277e-10,1.72962363008272e-11
"2",0.142427456312132,0.127787679965771,0.141470256138325,0.142484747084214,0.130544104706735,0.108090270260594,0.0810094909548924,0.0550797231660184,0.0340578442192741,0.0192020656548959,0.00989691229311268,0.00467417105120303,0.00202692026113688,0.00080826481299857,0.00029666107355744,0.000100254151011856,3.11872081653004e-05,8.92388776819504e-06,2.34584148598821e-06,5.65554542246891e-07,1.24778606072522e-07,2.51261582175475e-08,4.60236591914652e-09,7.64000261021e-10,1.31034753983252e-10
"3",0.103046831382374,0.0982519089016683,0.11837396312887,0.131060074991483,0.132421926599126,0.121217466187007,0.100579577102891,0.0757196256645325,0.0517755247738398,0.0322040150646375,0.0182565732732965,0.00945448929411705,0.00448291080826554,0.0019501439054874,0.000779544652217038,0.000286631422600892,9.69844259979608e-05,3.01938571601373e-05,8.64351101510052e-06,2.27259526940302e-06,5.47916250630573e-07,1.20880740515114e-07,2.43384365414263e-08,4.46031097763993e-09,8.62404532949404e-10
"4",0.066289547070548,0.0681705905895233,0.0906345638241861,0.111664869415119,0.12566642523137,0.128029057000508,0.11803523462051,0.0985519715477097,0.0745825488627341,0.0512129328150817,0.0319571581312043,0.0181601863479878,0.00942096930535873,0.00447254429297007,0.00194730119702082,0.000778855786443419,0.000286484243791802,9.69567045538442e-05,3.01892387818349e-05,8.64282539027259e-06,2.27250395301864e-06,5.47914532069649e-07,1.20881479331525e-07,2.4361913923172e-08,5.28732696254781e-09
"5",0.039574327887194,0.0437902434244423,0.0638701347223138,0.0870817220043836,0.108877463461286,0.123352254009206,0.126296792147434,0.11688924939073,0.0978869612372834,0.0742448000685834,0.0510621789931283,0.0318978123868729,0.0181395778731437,0.00941468121352825,0.00447087208981693,0.00194691802006331,0.000778781129137312,0.000286472059144398,9.69550653838455e-05,3.01890601256646e-05,8.64281239313056e-06,2.27256876501931e-06,5.47930805763152e-07,1.21053301933109e-07,2.93915320490144e-08
"6",0.0227110900770398,0.0265909473239968,0.0417482374406335,0.0621075047149369,0.0855525546144042,0.107458989570026,0.122187207593836,0.125466338675146,0.116379124182737,0.0976167438368735,0.0741203874048964,0.051012051288367,0.0318801017867856,0.0181341098167478,0.00941321947077834,0.00447053843615383,0.00194685412009964,0.0007787710882478,0.00028647080381781,9.69549503710893e-05,3.01890735573264e-05,8.64322644765031e-06,2.27268893637663e-06,5.49049920670797e-07,1.4876524217303e-07
"7",0.0124967918843911,0.0153111514278244,0.0255050420831095,0.0408352180628977,0.0613239532708014,0.0848195486845782,0.106848924826035,0.121746225958143,0.125192139010016,0.116232471325634,0.0975487116269244,0.0740928114227157,0.0510022614312276,0.0318770679347275,0.0181332968374725,0.0094130337911536,0.00447050294792492,0.00194684857829749,0.000778770405479172,0.000286470769656074,9.69550870198969e-05,3.01914156548307e-05,8.64401267784998e-06,2.27925179635581e-06,6.87953840652905e-07
"8",0.00666576019666614,0.00845804711460158,0.0147496069459759,0.0250410414136552,0.0404382741546354,0.0609486145223521,0.0845033165994549,0.106617777526057,0.121601215802998,0.125114056037019,0.11619606029061,0.0975338917223367,0.0740875321603842,0.051000620725594,0.0318766272614935,0.018133196019752,0.00941301450344554,0.00447049993605228,0.00194684821223611,0.000778770543497485,0.00028647159509683,9.69670724693897e-05,3.01960374449888e-05,8.67885491042983e-06,2.91475125961142e-06
"9",0.00339029347130829,0.00447267055223465,0.00814278339941073,0.014516486079562,0.0248655877375509,0.0402847550611791,0.06082457594611,0.0844144994287596,0.106562585489744,0.121571624400756,0.12510028198934,0.116190457242028,0.0975318956360643,0.0740869115818326,0.0510004539658157,0.0318765890923751,0.0181331887151321,0.00941301336524084,0.00447049983309106,0.00194684913414598,0.000778774957838114,0.000286527389180813,9.69916672183288e-05,3.03642457623598e-05,1.13396183182397e-05
"10",0.00163446365121723,0.00226150833450768,0.00431171259146253,0.00803523647295109,0.0144456330219337,0.0248088679219992,0.0402412879613454,0.0607942978504482,0.0843959334946504,0.106552693993253,0.121567033433703,0.12509841671957,0.116189792969641,0.0975316891024729,0.0740868560702385,0.0510004412568608,0.0318765866622674,0.018133188358271,0.00941301357507784,0.00447050448720077,0.00194687062276589,0.00077901223473619,0.000286646588680238,9.77328180011339e-05,4.05798067446163e-05
"11",0.000740305721235718,0.00108777132281978,0.0021871500447318,0.00426684935589192,0.00800988962881049,0.0144275783735807,0.0247961015337695,0.0402328003618203,0.0607892185638575,0.084393260520732,0.106551461019602,0.121566534035968,0.12509823913118,0.116189737789835,0.0975316742750328,0.0740868526773874,0.0510004406276994,0.0318765867251761,0.0181331899101744,0.00941303499372459,0.0044706004112837,0.0019477959612545,0.000779540902345769,0.000289635844568791,0.000133750267515921
"12",0.000313347251040356,0.000494806089846848,0.00105727011751014,0.00217030664167302,0.00425870524656343,0.00800483001490934,0.014424384657264,0.0247941321561065,0.0402316708798969,0.0607886373144293,0.0843929954436039,0.106551354273192,0.121566496182487,0.125098227384801,0.11618973463618,0.0975316735648033,0.0740868526731678,0.0510004416236,0.0318765952519523,0.0181332811307941,0.00941342929183471,0.00447392082323996,0.00194994905767843,0.000790601766223646,0.000406356527201361
"13",0.000123552570229231,0.000211701492614661,0.000483755970502544,0.00105161978420573,0.00216794013843473,0.0042574084254774,0.00800410492692512,0.0144239769867153,0.0247939112713291,0.0402315606540725,0.0607885878232732,0.0843929756666459,0.106551347284927,0.121566494017509,0.125098226809672,0.116189734575404,0.0975316743008847,0.0740868582037753,0.0510004832828213,0.0318769555714845,0.0181347771783532,0.00942442405562398,0.00448198896270282,0.00198755231506214,0.00113838773135444
"14",4.52562257186788e-05,8.47742966590378e-05,0.000208120150862083,0.000482045875059411,0.00105100022332469,0.00216764298114549,0.00425726655860534,0.00800403634543042,0.0144239437610417,0.0247938957823178,0.0402315539506141,0.060788585194863,0.0843929747464078,0.106551347002816,0.121566493976032,0.125098227181005,0.116189738387392,0.0975317008770962,0.0740870405808108,0.0510018020008759,0.0318821981341065,0.0181684467812684,0.00945225181538744,0.00459951838290511,0.00294013878825458
"15",1.53715330001472e-05,3.16463576292616e-05,8.37357593181336e-05,0.000207652886679214,0.000481898237881602,0.00105093666053549,0.00216761664095959,0.00425725577550212,0.00800403186536327,0.0144239418892358,0.0247938950224687,0.0402315536628272,0.0607885850973812,0.084392974729788,0.106551347177204,0.121566495835074,0.125098244124,0.116189851435484,0.0975324164639023,0.074091498555985,0.0510187486205358,0.0319776713709308,0.0182566854552207,0.0097898747470738,0.00699607009601911
"16",4.83221349765059e-06,1.09770726136805e-05,3.13753382445382e-05,8.36201795177604e-05,0.000207621131445095,0.000481885780009172,0.00105093210109839,0.0021676150703028,0.00425725524532945,0.0080040316828501,0.0144239418255064,0.024793895004,0.0402315536742552,0.0607885851962802,0.0843929756407794,0.106551355229869,0.121566562983761,0.125098671526127,0.116192367504323,0.0975462748555103,0.0741418902320299,0.0512694270469067,0.0322342355068325,0.019147042681551,0.0153210752773588
"17",1.40328138242924e-06,3.52809943165045e-06,1.09132989777032e-05,3.13493663594244e-05,8.36139987697758e-05,0.00020761890056851,0.000481885048656363,0.0010509318898394,0.00216761501757105,0.00425725523591582,0.00800403169108044,0.0144239418683259,0.0247938951761017,0.040231554401793,0.0607885896758985,0.0843930079020598,0.106551595128851,0.121568005674719,0.125106602204821,0.116231794668336,0.0976836002821673,0.0747505492037912,0.0519510425397971,0.0343854016081661,0.0308402738366196
"18",3.75653705838157e-07,1.04801672204773e-06,3.51458740261205e-06,1.09080145910442e-05,3.13482866270468e-05,8.3613635570808e-05,0.000207618789459429,0.00048188501949527,0.0010509318870588,0.00216761503709535,0.00425725532874092,0.00800403205952896,0.0144239432241226,0.024793900106558,0.0402315765469699,0.0607887131967637,0.0843937932699031,0.106555975162926,0.121590456833586,0.125208849658912,0.116573454264508,0.0990469728750841,0.0763985595722745,0.0567005222964872,0.0569931366759053
"19",9.24603993424313e-08,2.86978736424086e-07,1.04544386693431e-06,3.51361523918665e-06,1.09078462960673e-05,3.13482342376221e-05,8.36136216600276e-05,0.000207618791931735,0.000481885052017292,0.00105093204690522,0.00216761571967875,0.0042572579327765,0.00800404114112295,0.0144239732858425,0.0247940083403932,0.0402320412036412,0.0607911252494705,0.0844059012172112,0.106613328513134,0.121831691226534,0.125982638649413,0.119382791940161,0.102659840055795,0.0859548571090881,0.0966276443244473
"20",2.08589470808365e-08,7.2232763342091e-08,2.8654062461191e-07,1.04528296417768e-06,3.51359212618467e-06,1.09078408169779e-05,3.13482403966956e-05,8.3613666225889e-05,0.000207619020264837,0.000481886093344191,0.00105093629891256,0.00216763133019937,0.00425731004371136,0.00800420282791311,0.0144244773359802,0.0247957409365627,0.0402391857858312,0.0608221897014642,0.0845393813830369,0.107131974959514,0.12342585315901,0.131295900895387,0.126545976827134,0.120140879343146,0.150338045803723
"21",4.29609548956098e-09,1.66565984961255e-08,7.21665588078463e-08,2.86517054390659e-07,1.04528151930086e-06,3.5136003929085e-06,1.09078937378899e-05,3.13485221483826e-05,8.36150137730078e-05,0.000207624845140319,0.000481908812655427,0.00105101643098057,0.00216788828532698,0.00425806855877705,0.00800635573014441,0.0144307604487332,0.0248165399526446,0.0403149667712717,0.0611097067807409,0.0855623858707965,0.110127959821589,0.132644958004272,0.14413323645896,0.155574704778658,0.21498110850143
"22",8.03777316459886e-10,3.50461944054999e-09,1.6647987210723e-08,7.21649163092744e-08,2.86526594456136e-07,1.04534075889906e-06,3.513922016861e-06,1.09094756337812e-05,3.13555879553283e-05,8.36437535805591e-05,0.000207731154541306,0.00048226676796956,0.00105211590552292,0.00217098952426958,0.00426629814199699,0.00802779193807161,0.0144900920513439,0.0249960219745058,0.0409003168330036,0.0629846011371531,0.0907362356004842,0.124838085192177,0.153479904914734,0.187877671746714,0.283359029389673
"23",1.35752447256764e-10,6.69595924514273e-10,3.50488512905643e-09,1.66567608973063e-08,7.22224537587474e-08,2.86851539614004e-07,1.04699411995729e-06,3.52156171649768e-06,1.09416225717805e-05,3.1479158516211e-05,8.40776532917877e-05,0.000209124261533905,0.00048636096439685,0.00106317109757174,0.00219879653012865,0.0043331485113731,0.00819002352249006,0.0149055546343486,0.0261458103969656,0.0441493617945211,0.0712918294497482,0.112438202814642,0.155586842572808,0.213326101784469,0.3455442246338
"24",2.08261462090376e-11,1.17558617163561e-10,6.84632268303648e-10,3.59735748487508e-09,1.71626830496562e-08,7.47217708917993e-08,2.98078798282335e-07,1.09312064141751e-06,3.69548492105342e-06,1.15452802552201e-05,3.34099888932926e-05,8.97754616022981e-05,0.000224650010745389,0.000525511512079146,0.00115522504586869,0.00240361627189326,0.00477884557618689,0.00917464693585762,0.0171987556245521,0.0316954667587841,0.0568893550814608,0.101247162431837,0.153912627170349,0.229708099097021,0.390946124763425
"25",3.19728095479074e-12,2.14613256667609e-11,1.43260004955191e-10,8.53214296090983e-10,4.57207904713474e-09,2.21915051347041e-08,9.80690961424272e-08,3.96303524050856e-07,1.46927993789012e-06,5.01186785854507e-06,1.57641616101895e-05,4.58189960874818e-05,0.000123331561912924,0.000308305786075031,0.000719045655726307,0.00157552038878628,0.00328156615977469,0.00659576735337306,0.0130307793290074,0.0256137796872286,0.049396062786342,0.0948231121831347,0.152057461832082,0.237566896868529,0.414839783945197
