"","X0","X1","X2","X3","X4","X5","X6","X7","X8","X9","X10","X11","X12","X13","X14","X15","X16","X17","X18","X19","X20","X21"
"1",0.577739035818482,0.190219964490996,0.118686991851495,0.0653884170738336,0.0297161097792216,0.0122354842878738,0.00423078486834943,0.00132038811843647,0.000357084156479577,8.4796062782832e-05,1.7387655765102e-05,3.05020916582638e-06,4.47300718195732e-07,5.30984025697821e-08,4.88457227467596e-09,3.2795317444458e-10,1.50288482544764e-11,4.35775741335549e-13,7.11227323593114e-15,4.94105822669899e-17,0,0
"2",0.50002292728182,0.191856518264017,0.137562218681952,0.0868935519962037,0.0467603022936795,0.0224822460288949,0.0093817160321971,0.0034853189227428,0.00113316997701512,0.000322400037448601,7.93689279492967e-05,1.67653830265607e-05,2.99460780451592e-06,4.43374101488425e-07,5.2963504178116e-08,4.88421763022174e-09,3.2795317444458e-10,1.50288482544764e-11,4.35775741335549e-13,7.11227323593114e-15,4.94105822669899e-17,0
"3",0.384137760723011,0.183493070325393,0.158476633498935,0.119177520082271,0.0765824892393227,0.0430613952512044,0.0210703956899016,0.00905208739047274,0.00340825734203407,0.0011203183432527,0.000320621768991774,7.92007156173514e-05,1.67541698239288e-05,2.99391716422598e-06,4.43351457544492e-07,5.2963504178116e-08,4.88421763022174e-09,3.2795317444458e-10,1.50288482544764e-11,4.35775741335549e-13,7.11227323593114e-15,4.94105822669899e-17
"4",0.259087213429806,0.158307402087664,0.165840243539099,0.149738345638306,0.114530505194616,0.075063497121934,0.0425022055241975,0.0209578949172566,0.00902810227050492,0.00340467274512455,0.00111988061382744,0.000320587987672226,7.91993615538923e-05,1.67541106107184e-05,2.99391522280925e-06,4.43351457544492e-07,5.2963504178116e-08,4.88421763022174e-09,3.2795317444458e-10,1.50288482544764e-11,4.35775741335549e-13,7.16168381819813e-15
"5",0.153203490947655,0.119725567383507,0.150414424637709,0.162359711510118,0.148001021251887,0.114017178836862,0.0748820068266067,0.0424723263959434,0.0209523899741814,0.00902737512252441,0.00340459490255003,0.00111987540939009,0.000320587873346692,7.91993593527968e-05,1.67541105385513e-05,2.99391522280925e-06,4.43351457544492e-07,5.2963504178116e-08,4.88421767963233e-09,3.27953322676327e-10,1.50292929497168e-11,4.42295087584277e-13
"6",0.0795775941191807,0.0785792604615272,0.116706759156402,0.149232931708496,0.161811478430722,0.147853673071946,0.113967153599755,0.0748755718025426,0.0424714168113504,0.0209522880231731,0.00902736624954901,0.00340459436178266,0.00111987540253673,0.000320587873317801,7.91993593518495e-05,1.67541105385513e-05,2.99391522280925e-06,4.43351457544492e-07,5.29635107468728e-08,4.88423738590282e-09,3.28012441487806e-10,1.53861941984982e-11
"7",0.0363803559867197,0.0447277395679779,0.0775870939837776,0.116364234234164,0.149086864446054,0.161775048027057,0.147841694214476,0.113965939134301,0.0748754632664578,0.0424714069058062,0.0209522874511286,0.00902736621695131,0.00340459436155763,0.00111987540253673,0.000320587873317801,7.91993593518495e-05,1.67541105386254e-05,2.99391522313042e-06,4.43351821978004e-07,5.29646019721642e-08,4.88750770185756e-09,3.38672265643496e-10
"8",0.0146513538355843,0.0221349145154794,0.0444477955816439,0.0775034679069874,0.116332116564132,0.14907929786068,0.161772608508642,0.147841485627182,0.11396592991263,0.0748754625671078,0.0424714068877089,0.0209522874501446,0.00902736621694847,0.00340459436155763,0.00111987540253673,0.000320587873317801,7.91993593615544e-05,1.675411058068e-05,2.99392637374947e-06,4.43385002097873e-07,5.30637023761443e-08,5.08269706511175e-09
"9",0.0051950912124688,0.00954815348654525,0.0220672049948849,0.0444309368395919,0.0774978360010769,0.116330859111298,0.149078896424334,0.161772577243037,0.147841485122009,0.113965929877941,0.0748754625668919,0.0424714068876975,0.0209522874501446,0.00902736621694847,0.00340459436155763,0.00111987540253673,0.00032058787384293,7.91993616371098e-05,1.67543237732081e-05,2.99455124774537e-06,4.45235818275721e-07,5.54547160558801e-08
"10",0.00161825532039311,0.00359458353285143,0.00953412789302749,0.0220644531583953,0.0444301782590144,0.0774976782992505,0.116330808958573,0.149078892664483,0.161772577228235,0.147841485121022,0.113965929877941,0.0748754625668919,0.0424714068876975,0.0209522874501446,0.0090273662169485,0.0034045943615579,0.001119875417937,0.000320587940575524,7.92021674366485e-05,1.67623099870386e-05,3.01781177972071e-06,4.66555855815929e-07
"11",0.000440942557475221,0.00118024154235999,0.00359210439371002,0.00953377202283591,0.0220643778848961,0.0444301644687493,0.0774976739181314,0.11633080863353,0.149078892664312,0.161772577228224,0.147841485121022,0.113965929877941,0.0748754625668919,0.0424714068876975,0.0209522874501495,0.00902736621698395,0.00340459463573695,0.00111987660579807,0.000320615670438183,7.92776829760612e-05,1.69764318487957e-05,3.16553829130498e-06
"12",0.000104395152768553,0.000336959121073841,0.00117987164485671,0.00359206891178316,0.00953376669067261,0.0220643771357227,0.0444301642307766,0.0774976739005038,0.11633080863353,0.149078892664312,0.161772577228224,0.147841485121022,0.113965929877941,0.0748754625668931,0.0424714068879633,0.0209522874520773,0.00902736944711079,0.00340460861948282,0.00112009471075252,0.000321179702400906,8.08236009762684e-05,1.77966991549278e-05
"13",2.12676577014376e-05,8.31758582387416e-05,0.000336913659606617,0.00117986904633845,0.00359206863736806,0.00953376666922051,0.0220643771289085,0.0444301642302719,0.0774976739005038,0.11633080863353,0.149078892664312,0.161772577228226,0.147841485121045,0.113965929878108,0.0748754625751884,0.0424714069460576,0.0209523150402239,0.00902748859222362,0.00340601203999346,0.00112353728749768,0.000330264367720876,8.45428377153304e-05
"14",3.67790468587364e-06,1.75943025033227e-05,8.31714456852726e-05,0.000336913533533398,0.00117986903580134,0.00359206863712652,0.00953376666914378,0.0220643771289028,0.0444301642302719,0.0774976739005038,0.11633080863353,0.14907889266444,0.161772577229417,0.147841485129895,0.11396593004983,0.0748754636889651,0.0424715921130482,0.0209531098004757,0.00903505068588562,0.00342360279219255,0.00116805776655836,0.000344152657603206
"15",5.29790528143892e-07,3.14843439325054e-06,1.75939859204411e-05,8.31714422935363e-05,0.000336913533272495,0.00117986903580134,0.00359206863712652,0.00953376666914378,0.0220643771289029,0.0444301642302752,0.0774976739005471,0.116330808637429,0.14907889269961,0.161772577485815,0.14784148778115,0.113965945280879,0.074876485069155,0.0424759162468574,0.020987792540544,0.00911165906902511,0.00360899790791812,0.00121016049341179
"16",6.18751667288359e-08,4.67930438546362e-07,3.14841935590307e-06,1.75939858834989e-05,8.31714422906946e-05,0.000336913533272495,0.00117986903580134,0.00359206863712652,0.00953376666915227,0.022064377129141,0.0444301642331023,0.0774976739811253,0.116330809309886,0.149078897337273,0.161772610015355,0.147841650415001,0.11397075377806,0.0748962670980632,0.0426125104681533,0.0212745105053163,0.00977281203897095,0.00370990216206466
"17",5.63192739183095e-09,5.6243636374603e-08,4.67930041508764e-07,3.14841935590545e-06,1.75939858835872e-05,8.31714422922492e-05,0.000336913533290346,0.00117986903595223,0.00359206863850075,0.00953376668294481,0.0220643772479104,0.0444301656381185,0.0774976838840842,0.116330869506069,0.149079224347146,0.161774033692242,0.147861895430247,0.114049524845838,0.0753651544362722,0.043546661842296,0.0233163933936839,0.00993695419226686
"18",3.75688393462268e-10,5.25624326094201e-09,5.62436321138936e-08,4.67930041830354e-07,3.14841936671742e-06,1.75939860681986e-05,8.31714443807278e-05,0.000336913550789045,0.00117986915912248,0.00359206941431042,0.00953377115781015,0.0220644043234315,0.0444303067143854,0.0774983610533109,0.116333773863383,0.149089978700676,0.161853807849086,0.148142144046929,0.115459718122035,0.0780193580000215,0.049004599143577,0.0233564812457108
"19",1.66155519069416e-11,3.59072843654682e-10,5.25624345651451e-09,5.62436494045244e-08,4.67930563658255e-07,3.14842794109093e-06,1.7594081199541e-05,8.31722320822361e-05,0.000336918777013074,0.00117989810314419,0.00359220751393143,0.00953436600842579,0.0220666963098972,0.0444384494406475,0.0775248091668963,0.116411850586567,0.149411475707699,0.162796902964022,0.151935943873419,0.12208629320408,0.0906085899027766,0.0479711538941114
"20",4.14087812161523e-13,1.62015466145107e-11,3.59080531055247e-10,5.25670614312647e-09,5.62560991425073e-08,4.681256127249e-07,3.150536909963e-06,1.76112621699969e-05,8.32835249684738e-05,0.000337511500123206,0.00118255481651782,0.00360244308145267,0.00956854944496726,0.0221671995518375,0.0446998095815187,0.0781311866592001,0.117905951315056,0.15265638621181,0.172081327420449,0.166232117955,0.146248138403311,0.0850822487205934
"21",4.26255353631391e-15,4.11260882993997e-13,1.63352869879997e-11,3.65321637448791e-10,5.40610093737771e-09,5.84659496163939e-08,4.91226459328152e-07,3.33456896034877e-06,1.87808751576422e-05,8.93922599683117e-05,0.000364247973274321,0.00128202415992335,0.00391932427049764,0.0104381702971628,0.0242226077605338,0.048878474732031,0.0857693429204604,0.129975867532453,0.174012025740482,0.197073754931758,0.199392208918136,0.124559887578618
"22",0,1.41684998068867e-14,1.33408232765011e-12,5.28975036748529e-11,1.15455594286923e-09,1.63991445728474e-08,1.69003534627751e-07,1.34805406556448e-06,8.66685604567496e-06,4.61466166133673e-05,0.000207261001767922,0.000795402612997103,0.00262985470008486,0.00752969918412044,0.0187010686305022,0.0402557887314892,0.0752542127537186,0.121209565711473,0.172573198300201,0.205714457106948,0.216903877061625,0.138169266066866
