"","X0","X1","X2","X3","X4","X5","X6","X7","X8","X9","X10","X11","X12","X13","X14","X15","X16","X17","X18","X19","X20","X21","X22","X23","X24","X25","X26","X27"
"1",0.404575824082605,0.270362463253657,0.146351517324974,0.0812554988842246,0.0438139584711799,0.0224282461708838,0.0116052071537471,0.00654411705101212,0.00408317031623592,0.00274513795876066,0.00191929418090114,0.00135738160462012,0.000955995249382148,0.000665840831887771,0.000457386277117569,0.000309571072910944,0.000206344051862439,0.000135395038275847,8.74138593827407e-05,5.54920985301471e-05,3.46060112460799e-05,2.11704770854518e-05,1.26859060425974e-05,7.42024180731694e-06,4.23660371118967e-06,2.38156179026902e-06,1.29635568382062e-06,9.47910471301193e-07
"2",0.404179637685346,0.270134746712212,0.146291939790585,0.0812863415801856,0.0438909029646748,0.022522855974564,0.0116989773421799,0.00662784777549974,0.00415377456660954,0.00280256621963806,0.00196479544033704,0.00139266324291674,0.000982827257306115,0.000685874825159708,0.000472077965149281,0.000320154152022875,0.0002138316355426,0.000140596500845244,9.09597786216495e-05,5.78623545765498e-05,3.61577968215744e-05,2.2163835882169e-05,1.33066070092564e-05,7.79734448165669e-06,4.45940890913267e-06,2.51075461893537e-06,1.36852923373779e-06,1.00195906000877e-06
"3",0.402912777516799,0.269405699449294,0.146099523384914,0.0813827124877759,0.0441349330268328,0.0228239708041693,0.0119981333797342,0.00689557570151023,0.00438005556378036,0.00298706661073119,0.00211134643521091,0.00150659301298666,0.00106970040583014,0.000750911429851281,0.000519900018940774,0.000354695327855694,0.000238335298298195,0.000157663883360518,0.000102625221825642,6.56798425970345e-05,4.12883109817249e-05,2.54556711160775e-05,1.53679637108774e-05,9.05218970157184e-06,5.20215212801531e-06,2.9421412216211e-06,1.6098566839489e-06,1.18291214561997e-06
"4",0.400216320625437,0.267850332651402,0.145682221515399,0.0815786727000996,0.0446461428236519,0.023459090576815,0.0126320219445312,0.00746531081297944,0.0048637228131882,0.00338325014696407,0.00242754291210976,0.00175360850668425,0.00125898898296373,0.000893330720857198,0.000625149613745654,0.00043109798869517,0.000292806483094959,0.000195791342741707,0.000128810746270076,8.33098152171466e-05,5.29104295109054e-05,3.29442010115311e-05,2.00758205977082e-05,1.19284169391094e-05,6.91016364560527e-06,3.9371143510779e-06,2.16785698900884e-06,1.60227409652678e-06
"5",0.395735597618907,0.265256364042662,0.144968632901512,0.0818804224425414,0.0454741580835479,0.0244991835326979,0.0136776629726943,0.00841147664554348,0.00567250888330148,0.00405049776347902,0.00296400950053346,0.00217585570239816,0.00158502099254642,0.00114051118171781,0.000809215855029146,0.000565731161803933,0.000389514500711489,0.000263982140354339,0.000175979771814942,0.000115287236696374,7.41298658197181e-05,4.67014756803081e-05,2.87745331560904e-05,1.72706592440236e-05,1.00976071593931e-05,5.80188102247141e-06,3.21740313357716e-06,2.39364427767709e-06
"6",0.389357489968928,0.261545255969165,0.143912697890147,0.0822621814977276,0.0466095776732975,0.0259485535095687,0.0151499361626809,0.00975637359364227,0.00683323295665887,0.0050176129994659,0.00374947287637978,0.00280044973094575,0.00207228002569389,0.00151374054941837,0.00108999682805324,0.000773186127071946,0.000540013358471005,0.000371131033065502,0.000250791722739161,0.000166459817490451,0.000108375231022199,6.90801120428036e-05,4.30281405097154e-05,2.60822909600128e-05,1.53863208964331e-05,8.91257442694539e-06,4.97599982646196e-06,3.72503969121872e-06
"7",0.381109850799001,0.256715324903078,0.142480457532864,0.0826760425645769,0.0480049819401877,0.0277694556788497,0.0170251057690452,0.0114904939869752,0.00834841867784992,0.00629600490544612,0.00480103052532821,0.00364738373102023,0.00274145115790111,0.00203281149449403,0.00148537450406502,0.00106888800899799,0.000757089338261582,0.000527461918015142,0.000361149362628255,0.000242738514226316,0.000159925165372107,0.000103074788374483,6.48615983998473e-05,3.96811793618471e-05,2.36031102241837e-05,1.37746164204049e-05,7.73838869253574e-06,5.82584032830438e-06
"8",0.371062387008159,0.250786163357818,0.140638037591665,0.0830628822069922,0.0495966737854378,0.0299070325570749,0.0192642573170522,0.0135924129398515,0.0102122564604549,0.00789209301918487,0.00613361390918024,0.00473667604874594,0.00361479552063339,0.00272005970977342,0.00201625079081049,0.00147137929350915,0.00105647562839318,0.000745808736756733,0.000517146677425707,0.000351789047892588,0.00023440328601213,0.000152668070465715,9.69956954988015e-05,5.9853839324567e-05,3.58774604063135e-05,2.10831245573057e-05,1.19121429421436e-05,9.0147739656072e-06
"9",0.359281996846112,0.24377429599067,0.138347696663682,0.0833589184599095,0.0513157906304567,0.0323012625254574,0.0218239103549355,0.0160372503400708,0.0124169282886804,0.00981185787872712,0.00776320667574634,0.00609065464265891,0.00471781227255006,0.00360162352287057,0.0027075470574818,0.00200314313895015,0.00145754413064597,0.0010421974408536,0.000731551499720413,0.000503422176672644,0.000339083698117283,0.000223060725807153,0.000143013762487285,8.89706830983399e-05,5.37177967537738e-05,3.17717785134686e-05,1.80472700025756e-05,1.37237483518108e-05
"10",0.345832134823782,0.235694029132169,0.135570285558247,0.0834986648084037,0.0530908195796313,0.034888498179616,0.0246564234548491,0.0187960825577559,0.0149513195173031,0.0120591796586589,0.00970509718141981,0.0077323369206887,0.00607787776751007,0.00470640097177355,0.00358748039033773,0.00269016164586471,0.00198308802982349,0.00143578926123531,0.00101985040374424,0.000709691762329249,0.000483006810468721,0.000320782479712052,0.00020745532154117,0.000130058104325973,7.90630625699877e-05,4.70478949633592e-05,2.68583871719632e-05,2.05163340880982e-05
"11",0.33079158375514,0.22656950836832,0.132270781926642,0.0834166592490607,0.0548467608890149,0.037598870376522,0.0277063067385862,0.0218316718391876,0.0177965498423555,0.014631472678204,0.0119698468738863,0.00968188988719041,0.00772128383822343,0.00606368790822356,0.00468577092509742,0.00356062527884641,0.00265844588006188,0.00194832619337289,0.00139992759143528,0.000984731492693087,0.000676914182168653,0.000453681432494385,0.000295831047198966,0.00018682136443624,0.000114304599542711,6.84100129947351e-05,3.92370262956522e-05,3.00988027887575e-05
"12",0.314274527232078,0.216447707537498,0.128424466463938,0.0830497444664837,0.0565048290462083,0.040354210777974,0.0309069821416111,0.0250945079679608,0.0209216300416504,0.0175152375105002,0.0145589782509927,0.0119526474438457,0.00966972155347546,0.00770020511629866,0.00603123269915406,0.00464306124679201,0.00351010831281461,0.00260313820860299,0.00189138901138428,0.00134431643028015,0.000932978514480385,0.000630767036743202,0.000414537173017445,0.000263601334130153,0.000162266236145264,9.76398215401172e-05,5.62489419320778e-05,4.33194824509491e-05
"13",0.296443815702784,0.205407690888924,0.124022531414538,0.0823405607608428,0.0579843301369875,0.0430685321641779,0.0341800477352886,0.0285210333932008,0.0242808479133171,0.0206828448662036,0.0174614157036744,0.0145474613554209,0.0119367630581611,0.0096368807323455,0.00764896697185077,0.00596398997875591,0.00456384041776214,0.00342369746582227,0.00251449131855198,0.00180509924666242,0.00126427924190274,0.000861863487168938,0.000570634973274881,0.000365239710327946,0.00022612497859246,0.000136756744176639,7.91091670524314e-05,6.11504722144219e-05
"14",0.277516009301566,0.193565216959137,0.119076659275568,0.08124207392025,0.0592067495811749,0.0456512675200342,0.037437370509082,0.0320344578452792,0.0278133301970432,0.0240909994356116,0.020651094197254,0.01745574128313,0.0145246215491097,0.0118855877052185,0.00955728188103939,0.0075451689520765,0.00584232946674872,0.0044316955250426,0.00328863256555944,0.00238347069847552,0.0016839743340808,0.00115703029933155,0.000771460555120809,0.000496826761799611,0.00030925411406078,0.000187922987119911,0.00010912718067021,8.46453993976748e-05
"15",0.257759435248838,0.181073209798483,0.113622353240795,0.0797225494564986,0.0601013522525594,0.0480126370856582,0.0405855482414114,0.0355479081656662,0.0314447157334411,0.0276809664536337,0.0240859143312108,0.0206514080093725,0.0174214174595486,0.0144460387429834,0.011764498372617,0.00940053563369465,0.00736242437004256,0.0056446726530377,0.00423040676270867,0.00309402979657129,0.00220414573404352,0.00152572583219196,0.0010240429768768,0.000663313848772663,0.000414975556252613,0.000253289835398561,0.000147616236914014,0.00011486817075978
"16",0.237486915265929,0.168118842860351,0.10772081013143,0.0777702640193864,0.0606113943897284,0.0500702680138389,0.0435320316747744,0.0389694341019289,0.0350906950128141,0.0313805201643268,0.0277081585020903,0.0240919759041856,0.0205992171409582,0.017303113117604,0.0142658945564977,0.0115330614514616,0.00913213135018213,0.00707331731139766,0.00535130028872051,0.00394771031206036,0.00283434282138927,0.00197572387971884,0.00133433273904603,0.000868988986437932,0.000546218492171432,0.000334782310215155,0.000195764623220894,0.000152790578115753
"17",0.217044530299422,0.154917822516755,0.101459088072216,0.0753972458577186,0.0607000351878294,0.0517561428211043,0.0461921115117353,0.0422082811455942,0.0386620611924876,0.0351074846104185,0.0314464312779974,0.027718973974051,0.02401314834131,0.0204249658562591,0.0170411443257788,0.013931847725882,0.0111476530196248,0.0087186707148857,0.00665521227237995,0.00494969795244418,0.00357991836414808,0.00251184673007211,0.00170628129382385,0.00111684031973102,0.000705098888670841,0.000433830435996573,0.000254473315646853,0.000199161975997817
"18",0.196797543502677,0.141706352463529,0.0949483528800683,0.0726414154493008,0.0603550978491223,0.0530229612191168,0.0484959199674076,0.0451817353269316,0.0420707839849316,0.0387746028034852,0.0352190753326379,0.0314598417493082,0.0276018698449071,0.0237622884578881,0.0200526633292474,0.0165698796263359,0.0133908589229509,0.0105695765414719,0.00813608131052583,0.00609736143422501,0.00444032549687323,0.00313463639064858,0.00214085571122067,0.00140786309002784,0.000892455052874829,0.000551068737812826,0.00032417266316743,0.000254360861287392
"19",0.17711453338301,0.128731282303545,0.0883201056827096,0.0695666457035918,0.0595919504628398,0.0538490560479662,0.0503945741538453,0.0478217504568818,0.0452364719634897,0.0422952998818807,0.0389388460458099,0.0352312924001185,0.0312895679605413,0.0272490313545466,0.0232452612404065,0.019402878082991,0.0158276272891654,0.0126007840774068,0.00977597512572152,0.00737849256612104,0.00540760810066692,0.00383913841490451,0.00263511351576253,0.00174039543422826,0.00110739494199424,0.000686039157251335,0.000404639152037302,0.00031824510054711
"20",0.158350632034163,0.116238906098333,0.0817203832227932,0.0662604036338448,0.0584539143954161,0.0542410947415719,0.05186461016029,0.0500805180322642,0.0480924792672365,0.0455897588416246,0.0425184687050907,0.0389439879623588,0.034989535299294,0.0308048225977973,0.0265474684388991,0.0223697002019956,0.0184075414044583,0.0147721788392468,0.0115440763604547,0.00877022807302952,0.00646538829659079,0.004614033346095,0.00318151074805767,0.00210960400572875,0.00134693587884186,0.000836949328102776,0.000494843814372548,0.000390026272028951
"21",0.140830596126804,0.104462841772628,0.0753020342113278,0.0628288236081144,0.0570098156083777,0.0542339795011042,0.0529099799339038,0.0519341891908145,0.0505908876686528,0.0485906399981793,0.0458765718757962,0.0425082209556074,0.0386092382238429,0.0343391872725825,0.0298748056716305,0.0253946742593046,0.0210653933355498,0.0170296122405701,0.013397015532817,0.0102390556687496,0.00758868912653629,0.00544138417587887,0.00376764526983502,0.0025072633155738,0.0016058341567177,0.00100054987994424,0.000592871409675254,0.000468200009462175
"22",0.124832544449193,0.0936115943196551,0.0692154466915344,0.059389399605848,0.0553486560203594,0.0538877019573681,0.0535611665805285,0.0533841534619701,0.05270568638527,0.0512477606627551,0.0489433798807447,0.0458401096503603,0.0420565409815673,0.037757408811305,0.0331350010079784,0.0283920092407513,0.0237247325584528,0.0193076240749877,0.0152808627714641,0.0117422029006559,0.00874485659645484,0.00629721814304149,0.00437660496096601,0.00292195275073201,0.00187669027851836,0.00117218775928202,0.000695945880553637,0.000550561617683177
"23",0.110573493434185,0.0838567157339869,0.0635984699514009,0.0560619092699597,0.0535718403227246,0.0532813626132992,0.0538713821843324,0.0544556030364084,0.0544336820392586,0.0535311309620507,0.0516654940816149,0.0488676400247351,0.0452464821962966,0.0409675327736225,0.0362347817620459,0.0312720365764139,0.0263033342736798,0.0215340265576421,0.0171348133277687,0.0132304828559803,0.00989567129148166,0.00715303227490901,0.0049879990504184,0.00333973339230027,0.00215037553561499,0.00134606743600556,0.000800582639386597,0.000634324402458222
"24",0.0981979138495144,0.0753226226897634,0.0585665174806721,0.0529585094902295,0.0517837877531548,0.0525049976681783,0.0539102437030309,0.0551935007917767,0.0557929812702232,0.0554319437052035,0.0540091703102388,0.0515358387748813,0.0481078358609507,0.0438877575076205,0.0390875492169589,0.0339486892683654,0.0287201061921416,0.0236359830315307,0.0188963035553548,0.0146524194491218,0.0110005382778991,0.00797815821641938,0.0055796387801629,0.00374528914973342,0.00241677430991723,0.00151571904479773,0.000902868412948219,0.000716342239191783
"25",0.0877714186369511,0.0680798165085028,0.0542043766615631,0.0501744396991148,0.0500822468614291,0.0516503372637605,0.0537557766790511,0.0556564645962579,0.0568191861171596,0.0569612850059045,0.0559615188447259,0.0538102250736966,0.0505884065631637,0.0464530520917069,0.0416207527335564,0.0363470845566504,0.0309024048413234,0.0255466922037621,0.0205068233123871,0.0159590721473764,0.0120203158577441,0.00874266730010127,0.0061296453210167,0.0041233844220386,0.0026657478057331,0.00167461509293995,0.000998834312622114,0.000793409489741768
"26",0.0793005573548704,0.0621566969056679,0.0505699556642974,0.0477869705142207,0.0485541226498119,0.050804711741712,0.0534874269638271,0.0559096741584841,0.057558784359336,0.0581444381804164,0.0575260035076333,0.0556736379918077,0.0526531778164811,0.0486144988841001,0.0437762132878524,0.0384045675393169,0.0327875291899888,0.027207084943465,0.0219136149055348,0.0171055931097864,0.0129186450514761,0.00941843705382988,0.00661725791422428,0.00445944222886139,0.00288752679673631,0.00181642742942083,0.00108461392952269,0.000862389927299463
"27",0.0728396807040602,0.0576134630599637,0.0477381627146227,0.0458826595168749,0.0472912336036866,0.0500578357330746,0.0531855512367275,0.0560181188358241,0.0580569089194038,0.0590039374553785,0.0587017229404012,0.0571028248541455,0.0542593709306342,0.0503139844623421,0.0454855182816065,0.0400477163222744,0.034302023411855,0.0285478657035745,0.0230546485929553,0.0180391119221975,0.0136525411946736,0.00997212602775834,0.00701779582568343,0.00473608944496071,0.00307044108328637,0.00193358037715965,0.0011555704603429,0.000919516384513274
"28",0.0683563036247746,0.0544458467502984,0.0457380981901017,0.0445121853650464,0.0463572869054104,0.0494788517591596,0.0529176755689476,0.0560419645166824,0.0583619443474602,0.0595732841435301,0.0595056071053709,0.058097939861541,0.0553915889407634,0.0515230034613879,0.0467103666606196,0.0412321834239151,0.0353992298326143,0.0295233928918045,0.0238879247967772,0.0187230432229895,0.0141917327676577,0.0103799140611739,0.00731341548101315,0.00494064209378778,0.00320590018752338,0.00202045835651589,0.00120824796763105,0.000961967715483952
