"","X0","X1","X2","X3","X4","X5","X6","X7","X8","X9","X10","X11","X12","X13","X14","X15","X16","X17","X18","X19","X20","X21","X22","X23","X24","X25","X26","X27"
"1",0.348145961196809,0.247753121810679,0.1727553528511,0.102521731125796,0.0574125578402853,0.0308622302746454,0.0163451443201391,0.00888441664611367,0.00515375500593511,0.00323418260507631,0.00216084638159285,0.00149482929819888,0.00104604358952809,0.00073006948661942,0.000504602271833844,0.000344285449406414,0.000231562385421066,0.000153423462342083,0.000100083327500301,6.42429745002088e-05,4.05470287876381e-05,2.51376055513697e-05,1.52890556882752e-05,9.11278466332548e-06,5.30086998360647e-06,3.05040397494177e-06,1.7392267517149e-06,1.38072106721855e-06
"2",0.347830309461897,0.247554634268198,0.172660007552408,0.102519360729004,0.0574661667604437,0.0309419814152532,0.0164309619001745,0.00896489178458551,0.00522371403818368,0.0032922077537067,0.00220744618280344,0.00153134326490382,0.00107406685884138,0.000751174557851691,0.000520213838189021,0.000355631647159702,0.000239664835707089,0.000159107594805846,0.00010399913830295,6.6890344842224e-05,4.23019471650731e-05,2.62768678150814e-05,1.60123018989919e-05,9.56122467247894e-06,5.57118872378181e-06,3.21119806149556e-06,1.83362717147787e-06,1.45771722131774e-06
"3",0.346820419384069,0.246918992293617,0.172353598040421,0.102509938608298,0.0576358502890007,0.0311956909476241,0.0167046628986385,0.00922210692498133,0.00544780167871306,0.0034784912347325,0.00235740535624388,0.00164913558086139,0.00116469717296388,0.000819606229552817,0.000570964774988706,0.000392612787916481,0.000266142353593572,0.000177730499440093,0.00011686119955911,7.56076744358112e-05,4.80945010334665e-05,3.00459492243373e-05,1.84102579086872e-05,1.10510650786726e-05,6.47092166896678e-06,3.74731612967197e-06,2.148860684938e-06,1.71519860864546e-06
"4",0.344668675799494,0.245562192475907,0.171695200050733,0.10248238573084,0.0579899239728836,0.0317303531357694,0.0172842765482617,0.00976905696161908,0.00592627684055062,0.00387796220263631,0.00268043073451393,0.00190405308842182,0.00136176780984782,0.000969126827506665,0.000682394018371764,0.000474205259147041,0.000324844332682143,0.000219216937054744,0.000145649439492925,9.52087443761056e-05,6.11768726203926e-05,3.85942940074711e-05,2.38704874307922e-05,1.4456032048642e-05,8.53413195077339e-06,4.98057496126977e-06,2.87602629509162e-06,2.31067056481981e-06
"5",0.341087287731106,0.243297532888919,0.17058493742889,0.102417029266413,0.0585597134005366,0.0326046958266559,0.0182395196840892,0.0106763309967915,0.00672509627926015,0.00454936131600504,0.00322713640985342,0.00233858980473686,0.00170015685050974,0.00122776600073313,0.000876572517135913,0.00061744098311322,0.000428650921773223,0.000293109459867786,0.000197286391390376,0.00013060694051326,8.4957495227957e-05,5.42296606508151e-05,3.39156517911726e-05,2.07538984061619e-05,1.23688691871956e-05,7.28316094860864e-06,4.23913771660835e-06,3.43102776513984e-06
"6",0.335977729937237,0.240053821101463,0.168972158799669,0.102284768029985,0.0593333441065359,0.0338205675488753,0.0195828081198341,0.0119639124953851,0.00786903012002614,0.00551979951098252,0.00402495800002245,0.00297896900095803,0.00220381578759961,0.00161657744337133,0.00117139185756328,0.000837063102602963,0.000589365053448164,0.000408598824340826,0.000278736926080375,0.000186939003486213,0.000123121835065047,7.95221355134484e-05,5.02857654232548e-05,3.10873420301026e-05,1.86994993148591e-05,1.11060852806715e-05,6.51358938889613e-06,5.30897850402984e-06
"7",0.329351136102742,0.235825889028228,0.166832643725961,0.102048033050281,0.0602705855173257,0.0353437734980159,0.0212909144543126,0.0136208850097238,0.00935832451933699,0.00679825227392236,0.0050887990918934,0.00384340776852999,0.00289211807858404,0.00215447940852143,0.00158423208489105,0.00114828774883463,0.000819776620339418,0.000576052481633725,0.000398126810935472,0.000270371676681169,0.000180203851525218,0.000117700540769858,7.52065807774363e-05,4.69408408777425e-05,2.84794953224416e-05,1.70499310249741e-05,1.00696894515243e-05,8.26011954251535e-06
"8",0.32125014460129,0.230626337251411,0.164146957052136,0.101662704133152,0.0613183675682594,0.0371252339341946,0.0233265900882723,0.01562479254686,0.0111847929266844,0.00838835086861443,0.00643093009661169,0.00494965879378391,0.00378555737642963,0.00286254405444157,0.00213518659732117,0.00156922720262415,0.00113548016653534,0.000808372386433082,0.000565749178763325,0.000388838937230314,0.000262117314203781,0.000173027542059853,0.000111647963113743,7.03137631094744e-05,4.30034424107794e-05,2.59360803851708e-05,1.54170146741838e-05,1.27211189792421e-05
"9",0.311714096424952,0.224464503504148,0.160891822143496,0.101080268469272,0.0624188812358856,0.0391111827339374,0.0256484336514098,0.0179499988388317,0.0133383476283289,0.0102932355507988,0.00806449637634384,0.00631752822455902,0.00490757754479693,0.00376536705796399,0.00284812711574643,0.00212174827695335,0.00155558360099396,0.00112158486639907,0.000794552060144204,0.000552437469143639,0.000376468057127116,0.000251038269422987,0.000163499709812103,0.00010384501757763,6.39915519842976e-05,3.88626564705964e-05,2.32403980629899e-05,1.92815654214689e-05
"10",0.300779255521656,0.217347395022681,0.157041954021954,0.100250125257627,0.0635116872012988,0.0412445778468301,0.028211387178685,0.0205673119262667,0.015805958677476,0.0125141176686572,0.0100019412302188,0.00796736446427924,0.00628326387537933,0.00489003145689066,0.00374995564204111,0.00283098899800136,0.00210244335422004,0.00153473893896218,0.00110014578057055,0.000773496814554893,0.00053265142994352,0.000358640922309654,0.000235661187937504,0.000150885445873183,9.36435077340413e-05,5.72427973118842e-05,3.44258928594524e-05,2.87079377654857e-05
"11",0.288494544184626,0.209290438014089,0.152576736290924,0.0991222822860156,0.0645335730608008,0.0434630419906877,0.0309634665451083,0.0234400399207212,0.018567442155158,0.0150461110461254,0.0122511119085708,0.00991659829796322,0.00793640925020599,0.00626373118653177,0.0048687669712941,0.00372400563012518,0.00280071985217317,0.00206928582454791,0.00150042436930895,0.00106637006829924,0.000741753130008639,0.00050408311331691,0.000334042095651306,0.000215513217450087,0.000134657041609219,8.28215185990092e-05,5.0073978203766e-05,4.19570518681204e-05
"12",0.274938453177806,0.200329121918993,0.147487630032678,0.097650650989178,0.0654189414494587,0.0456972814913208,0.0338428902532108,0.0265203204488597,0.0215913577448297,0.0178739887843597,0.014811112836555,0.0121758799348991,0.00988606952160898,0.00791082454408081,0.00623142820011128,0.00482786244908971,0.00367592948588504,0.00274802535348831,0.00201483067108062,0.00144694341779454,0.00101623682690338,0.000696762683039636,0.000465454038982666,0.000302475419357585,0.000190198654526941,0.000117662235342316,7.14939798769659e-05,6.01734566650182e-05
"13",0.260230672522836,0.190527486163963,0.141784383161347,0.0957969303017668,0.0661018926620192,0.0478717131737232,0.0367774880905487,0.0297475122940555,0.0248325893034535,0.0209691781070048,0.017668953111198,0.0147456119340045,0.0121431879353807,0.00984971291413445,0.0078608226204478,0.00616729928249826,0.00475254809431561,0.00359362189573429,0.00266323743578441,0.00193182278314925,0.00136937389161816,0.000946842016092247,0.00063735892708619,0.000417029685018726,0.00026380769737848,0.000164089956743101,0.00010017108271499,8.46629559660063e-05
"14",0.244537243325777,0.179982617762306,0.13549950518392,0.0935348438903256,0.0665199949108686,0.04990746412405,0.0396866790345617,0.0330490208224917,0.0282320224730492,0.0242884128619523,0.020797381415463,0.0176132199817759,0.0147075637992228,0.0120897471187615,0.00977288997033866,0.00776204730024946,0.00605168774759223,0.00462667705437265,0.00346441049844968,0.00253715380813126,0.00181437002650644,0.0012646246617339,0.000857439855961427,0.000564659237354789,0.000359214518105119,0.00022457768995436,0.000137696916753602,0.000116834009952262
"15",0.228070099539248,0.168825577102844,0.128690976356988,0.0908543346940922,0.0666191848034328,0.0517271961642411,0.0424855890109818,0.0363432946648978,0.0317182242890178,0.027774087232861,0.0241540480063701,0.0207513529071803,0.0175653698251221,0.0146283499374894,0.0119736177880746,0.00962390628924494,0.00758841892793886,0.00586339585908803,0.00443406394318905,0.00327706731388081,0.00236317119287283,0.00165967318590096,0.00113297411714911,0.00075064398213111,0.000480059240711064,0.00030156619651297,0.000185656865536902,0.000158100562984767
"16",0.211082183692232,0.157219347277219,0.121443204905932,0.0877652382452451,0.0663590721291032,0.0532609924121363,0.0450906538564814,0.0395445233198598,0.0352108596151449,0.0313562337663012,0.0276820668740099,0.0241171881167769,0.0206874510885289,0.0174486047857832,0.0144562210664814,0.0117537887757632,0.00936890252024855,0.00731296870533983,0.00558259150170918,0.00416180355980476,0.0030249792385334,0.00213968312517657,0.00147001372120159,0.000979487974298226,0.000629509349985724,0.000397214674967583,0.000245471877475846,0.000209743824241849
"17",0.193859089958762,0.145354255088643,0.113866165768798,0.0842999213547129,0.0657178937580916,0.0544524944416506,0.0474259779657848,0.042568472995582,0.0386254859876859,0.0349559724609488,0.0313120057501176,0.0276530119167683,0.0240286715196832,0.0205176284206275,0.0171988414829689,0.0141390461003497,0.0113876109695714,0.00897490248038242,0.0069126592636266,0.00519565508681359,0.00380457803491032,0.00270918258398574,0.00187241936613869,0.0012542323352338,0.000809793694052981,0.000513092742687857,0.000318200745885595,0.000272737725518241
"18",0.176708009387993,0.13344121823327,0.106092637847311,0.0805144063233229,0.0646963963811545,0.0552644800724832,0.0494296734491003,0.0453388102132939,0.0418792556531595,0.0384901616244565,0.0349652326579947,0.0312881771874407,0.0275285466531799,0.0237860589212163,0.0201631464024538,0.0167514671777495,0.0136250097906696,0.0108366320586934,0.00841693974369811,0.00637495379349933,0.00470064396862486,0.00336818578963713,0.00234083869563287,0.00157571538475104,0.00102169309695249,0.00064983924849183,0.00040431867522945,0.000347551568521257
"19",0.159944733100575,0.12170320021078,0.0982735367772186,0.0764876081943777,0.0633200208374774,0.0556831175885667,0.0510593874293032,0.047793184309537,0.0448969288589912,0.0418768319907784,0.0385583971236738,0.0349424089376209,0.031113302154807,0.0271889308036977,0.0232941886685135,0.0195463567415397,0.016046113541207,0.0128718033315129,0.0100763349157032,0.007686395136968,0.00570427587054785,0.00411098082024826,0.00287176100315837,0.00194187282034133,0.0012640498141736,0.000806828586350555,0.000503497974460948,0.000433952457851339
"20",0.14387937595711,0.110365230436211,0.0905713891119282,0.0723184117897769,0.0616388660202651,0.0557202058855283,0.0522962447619949,0.0498882996901213,0.0476165102636275,0.0450408587281283,0.0420086839705966,0.0385302956063965,0.0346993894520779,0.0306481362848303,0.0265218548632941,0.0224631040891584,0.0186003655716766,0.0150396759115735,0.0118591046778725,0.00910606410464778,0.00679804711026185,0.00492529066169816,0.00345682854718285,0.00234720759388062,0.00153338461677937,0.000981903688822182,0.000614429124486104,0.000530841480054538
"21",0.128801390244633,0.0996433330668356,0.0831520684645327,0.0681204601793611,0.0597250816148127,0.0554128663482626,0.0531465442936017,0.0516032576147204,0.0499938046132153,0.0479192539924975,0.0452393652667456,0.0419666706479758,0.0381983546886355,0.0340765508540353,0.0297641340747586,0.0254275881534982,0.0212232560912979,0.017286085226835,0.0137213286646893,0.0105995516825636,0.00795591258500004,0.00579207734848997,0.00408261226396947,0.00278258191791468,0.00182372762049171,0.00117124748504563,0.000734729196209229,0.000636165799352342
"22",0.114964600806314,0.0897328961692971,0.0761751665054942,0.0640148304933768,0.0576676646628117,0.0548204623346292,0.0536408061833048,0.0529406292890759,0.0520052770126762,0.050465455747499,0.0481850807163581,0.0451724217375297,0.0415227398597658,0.0373836572792863,0.0329321904765967,0.0283565293088286,0.0238398836828782,0.0195462274234313,0.0156089882383417,0.0121234429272258,0.00914422494461229,0.00668620436535195,0.00473102331376339,0.00323546065160364,0.00212675484930943,0.00136945624610892,0.000860979768145036,0.000746945006364805
"23",0.102573329391436,0.0807973356106395,0.0697837378430999,0.0601211774817881,0.0555650616646963,0.0540189412519284,0.0538301437677303,0.0539250210882569,0.0536487988794718,0.0526520656717822,0.0507962324866628,0.0480801087241889,0.0445924464130484,0.0404821874176986,0.0359368709460201,0.0311635366817846,0.0263703178979527,0.021749214873265,0.0174616828488181,0.0136282329006696,0.010323936947859,0.00757803830665748,0.00538043461278043,0.00369066763670423,0.00243227752184618,0.00156984904685239,0.000988918059263552,0.00085943402707909
"24",0.0917708210181962,0.0729580805608188,0.0640943982967925,0.0565482361662376,0.0535163457732921,0.0530931932220622,0.0537803299354689,0.0545992505568326,0.0549421465599901,0.0544716771571777,0.0530419559461796,0.0506387315876747,0.0473408456171002,0.043295068086497,0.0386959840191582,0.0337662707849591,0.0287362841512635,0.0238240286763766,0.0192177051366117,0.0150624786016726,0.0114538644170616,0.00843591310639191,0.00600746908990177,0.0041316328889616,0.00272907422847375,0.00176500998209222,0.00111378085051175,0.000969423582224512
"25",0.0826320167915826,0.0662875711040845,0.0591893427028954,0.0533850949232379,0.0516122255137702,0.0521284825730002,0.0535643531268289,0.0550186145460779,0.0559193899230458,0.0559355854192321,0.0549111415357882,0.0528168608072669,0.0497196570000753,0.0457615810123829,0.0411412272149507,0.0360936341328165,0.030868172523055,0.0257059940964476,0.020819742652681,0.0163775989024845,0.0124945564116891,0.009229121007582,0.00658921564433875,0.00454196710683849,0.0030059588622811,0.0019474945932772,0.00123075844049905,0.00107264143177135
"26",0.0751795067927436,0.0608194738441396,0.0551214896974413,0.0507014530607142,0.0499318982264279,0.0512051897041834,0.0532560907819126,0.0552443039752826,0.056624656956159,0.0570683392525737,0.056408057870835,0.0545994730764729,0.0516970071295179,0.0478365444455556,0.0432183092628863,0.038086603775989,0.0327063363247618,0.0273383164363346,0.0222164593846145,0.0175293590481297,0.0134095918321015,0.00992897748271284,0.00710405643846823,0.00490607201038424,0.0032522070962311,0.00211011910215803,0.00133518423350948,0.00116492275774136
"27",0.0694769293747674,0.056616577310711,0.0519639240748388,0.0485788140406092,0.0485609885357928,0.0504068739136984,0.0529306023826041,0.0553372662083036,0.0571005349518557,0.0578915597784965,0.0575325244627988,0.0559655093568749,0.0532334663312346,0.0494659170649698,0.0448631295956747,0.0396758471419242,0.034180807764595,0.0286543363296437,0.0233475047736537,0.0184656420347607,0.0141559529107273,0.0105015151971104,0.00752632704367121,0.00520538430601909,0.0034550274119188,0.00224429662017687,0.001421469666758,0.00124127141579205
"28",0.0655089471341537,0.0536811167315719,0.049740494363269,0.0470611534221998,0.0475567501750421,0.0497967807420309,0.0526504324715742,0.0553537399501433,0.0573926148143645,0.0584371742146311,0.0583011598114323,0.0569160160422517,0.0543155508803535,0.050623837847694,0.0460404078963677,0.040820049465056,0.0352476536879096,0.0296105942866732,0.0241723926850504,0.019150689568218,0.0147035829696083,0.0109226439767077,0.00783759869125693,0.00542643515218651,0.00360505852081759,0.0023436954471715,0.0014854683153743,0.00129796073687213
