"","X0","X1","X2","X3","X4","X5","X6","X7","X8","X9","X10","X11","X12","X13","X14","X15","X16","X17","X18","X19","X20","X21","X22","X23","X24","X25","X26","X27"
"1",0.107124303658485,0.102353679995044,0.119772032467666,0.11826387651113,0.116074387083366,0.103314899710444,0.087936471821593,0.0708929815526348,0.0549153817991196,0.0405847371308134,0.0286034845453821,0.0193702463639929,0.0124131260899518,0.00792124287429092,0.00468807392849,0.00275020417138936,0.00148416348171516,0.000796764726949513,0.000397084607826219,0.000191704838106565,8.94112272658951e-05,3.79160473735407e-05,1.50943991775425e-05,5.95474829733275e-06,1.9221139534509e-06,6.15846888497037e-07,1.90496472991705e-07,4.77621787945426e-08
"2",0.104776822007111,0.100694754329786,0.118357039899899,0.117551240542941,0.115842981395143,0.103605963880933,0.0885885958916489,0.0717335303290737,0.0558148337209412,0.0414340287451261,0.0293586682158618,0.0199888408754035,0.0128949927227623,0.00826313589492259,0.00492874011539823,0.00290762716193723,0.0015856456418408,0.000857664502858153,0.000432572925219344,0.000211278263660511,9.96556337701707e-05,4.31397855638e-05,1.76088276133536e-05,7.07830441499003e-06,2.41059431572097e-06,8.0830523205747e-07,2.64916445783201e-07,7.65701741803065e-08
"3",0.0977560191836252,0.0955860861478446,0.11392419455507,0.11518676352774,0.114968546653066,0.104366378112214,0.0904988347731292,0.0742900904745324,0.058592278701304,0.044096840168096,0.0317428925591768,0.0219620496860053,0.0144450479595971,0.00937772311707872,0.00571707309358277,0.00342912578173143,0.00192376357850637,0.00106302061208712,0.000553335325517734,0.000278675555044615,0.000135424713196111,6.15395732259988e-05,2.65979753471727e-05,1.11822403186191e-05,4.21817449345225e-06,1.54220891122246e-06,5.59462005944342e-07,1.96087550398466e-07
"4",0.0846108510416636,0.085523970887789,0.10487006756923,0.109878108845151,0.112607875757123,0.105323844386894,0.0938901060656656,0.0791937099529857,0.0641084021698596,0.0495344420470765,0.0366921859416929,0.0261332168854933,0.017775233169874,0.0118285614973399,0.00747149855162428,0.00461125299718829,0.00269980044376156,0.00154380537459319,0.000840969292349372,0.00044251794703321,0.000224435571327175,0.00010816746777478,4.99060292821126e-05,2.21871731203943e-05,9.19500679785503e-06,3.64738065775296e-06,1.45241452648244e-06,5.88132122941097e-07
"5",0.0667566053860735,0.0708851449836568,0.0909008887614961,0.100610904764929,0.10759422531676,0.105350650181021,0.0978971615898696,0.0859619807624054,0.0722445725101331,0.0579289431681813,0.0445649161556933,0.0329575773273232,0.023360474964573,0.0160744312520613,0.0105787293011778,0.00676004776272534,0.0041386174226756,0.0024596013504139,0.00140263601094653,0.000771670364426821,0.000408876161956837,0.000207516739177357,0.000101097536434834,4.73114027923652e-05,2.09981843750172e-05,8.88270692874091e-06,3.8075085174949e-06,1.73042327162956e-06
"6",0.0476793931940222,0.053901711475837,0.0733585199011614,0.0871975324099128,0.0988455000921683,0.102733976294131,0.100677408922018,0.0929542837420059,0.0817681341761746,0.068505369821539,0.0549837765586808,0.0423678081234205,0.0313360677750674,0.0223858904688476,0.015350963024675,0.0101754326760414,0.00648976549537888,0.00400507104688,0.00238051725115818,0.00136452065545246,0.000753325082517613,0.00039963520641496,0.000203746601080446,9.9767450992782e-05,4.66971642683265e-05,2.0870802298722e-05,9.52015068300398e-06,4.79443716863793e-06
"7",0.0308107468910448,0.0374513003183417,0.054697922246863,0.0706359969340998,0.085999824320092,0.0959441723571493,0.100109206086363,0.0979218420208349,0.090700974169654,0.0797464269372016,0.0669522498764374,0.0538317588499597,0.0415231419707267,0.0308388722764214,0.0220127068775522,0.0151473983365865,0.0100376502435858,0.00642369674947246,0.00396558257901144,0.00236184564571062,0.00135560895491956,0.000748824872965349,0.000397845125460227,0.000203142878529791,9.95179658616618e-05,4.67211390233696e-05,2.25436320261695e-05,1.24797441016485e-05
"8",0.0180557834570629,0.0237581453545413,0.0375078772665296,0.0529674645056033,0.0699148121374672,0.0844497813295265,0.0946203860341712,0.0987282469307531,0.0968378253338504,0.0897184305527682,0.0790133455993964,0.0664104617714076,0.0534373432326152,0.0412957490112867,0.0306662147567471,0.021920565877478,0.0150843578521032,0.0100083427347254,0.00640599150506314,0.00395737090908178,0.00235795739792765,0.00135363906951313,0.000748061331977862,0.000397600191326518,0.000203148931558444,9.97654614004319e-05,5.0660647352284e-05,3.0670816761926e-05
"9",0.00962681085861822,0.0137735986202357,0.0236020794505815,0.0365409015105525,0.0525780954059603,0.0691705384828979,0.083847056149154,0.0939955811212656,0.0982593313763428,0.0964067114105241,0.0894074599735226,0.0787837942087922,0.0662446629334928,0.0533436892030453,0.0412237948620616,0.030628646110132,0.0218945653959188,0.015072645729406,0.0100011818572353,0.00640273352420997,0.00395583967615205,0.00235717861323679,0.00135334510578833,0.000747972278176331,0.000397887252944876,0.000203900113807793,0.000108498141309085,7.15006346320976e-05
"10",0.00468510674103817,0.00730981696673331,0.0136218782467276,0.0231213761103069,0.0363509037326481,0.0522557624110867,0.0689216536435279,0.0835910097213908,0.0938126420340397,0.0980879963069682,0.0962878361691872,0.0893195664889218,0.0787208691373816,0.0662098220007139,0.0533166019732184,0.0412099557156881,0.0306189516340697,0.021890335503658,0.015070025357152,0.0100000120285974,0.00640218746799804,0.00395556073950578,0.00235707686783713,0.00135331724227245,0.000748740939940939,0.000399857198635123,0.000222312490235523,0.000158825130516034
"11",0.0020872357278079,0.00355797312144628,0.00721453797903017,0.0134074869758965,0.0230370921895778,0.0362246699769238,0.0521622007098741,0.0688264121669804,0.0835265346996548,0.093750843243711,0.0980469944044197,0.0962573716894957,0.0892979744878479,0.0787091444682229,0.0662005987393738,0.0533119899431914,0.0412066836912006,0.0306175690377051,0.0218894667853133,0.0150696446447769,0.00999983542538116,0.00640209683629704,0.00395553199289028,0.00235707445357454,0.00135502632227127,0.000753541788517294,0.000436858285819428,0.000337610212795419
"12",0.000853138191678478,0.00159103587526299,0.00350995852760743,0.00712824606703983,0.0133733622086216,0.0229923259927769,0.0361925579497843,0.0521300177600362,0.0688058834252456,0.0835062934519924,0.0937380908422797,0.098037435760805,0.09625067566157,0.0892944070722562,0.0787063053479591,0.0661992091406216,0.0533109908753172,0.0412062749570468,0.0306173082957213,0.0218893545670273,0.0150695928839089,0.00999980873635135,0.00640210042307965,0.00395555224302206,0.00236060036840593,0.0013660673990758,0.000824633639868416,0.000688772335634257
"13",0.000320438085173641,0.000654529151396811,0.00157036204272964,0.00347849333562082,0.00711560689591497,0.0133589851175545,0.0229822420868122,0.0361826833957372,0.0521241223649216,0.0687998680244651,0.0835027260379219,0.0937353802451953,0.0980355631740332,0.0962496965850235,0.0892936188726702,0.078705927806083,0.0661989338526085,0.0533108818888652,0.0412062042919813,0.0306172784204473,0.0218893408581157,0.0150695857837985,0.00999984556941093,0.00640217259143161,0.00396252789936363,0.00238482910609793,0.00149740203610871,0.00135075448051355
"14",0.000110691586238519,0.000247934423298009,0.000646719990730066,0.00155994624576862,0.0034742073383923,0.00711143053130714,0.0133560831152096,0.0229794956032831,0.0361811612169999,0.0521225036027992,0.068798974377027,0.0835020334186675,0.0937349098074666,0.0980353217750236,0.0962495000181579,0.0892935267735405,0.0787058596312104,0.0661989077572228,0.0533108646696279,0.0412061971398165,0.0306172751553234,0.0218893391739142,0.0150696901885882,0.0100000554907925,0.00641550383258284,0.00401341929109367,0.00261887535659014,0.00254957248932449
"15",3.51706300667749e-05,8.65073925664392e-05,0.000245313594793236,0.000643588021436227,0.00155861627087072,0.00347311290732454,0.00711066415462862,0.0133553926666414,0.0229791439593054,0.0361807680561821,0.0521223044791814,0.0687988156185914,0.0835019278505434,0.0937348566515562,0.0980352779945671,0.0962494799696167,0.0892935116880028,0.0787058540556028,0.0661989040071471,0.0533108631392172,0.0412061964564698,0.0306172749156567,0.021889584604237,0.0150702374938816,0.0100243992210264,0.00651785396814833,0.00441543106745641,0.00463894916527859
"16",1.02720586636765e-05,2.77947703046842e-05,8.57212305965711e-05,0.000244458763931937,0.000643211073350865,0.00155835862795352,0.00347292702326175,0.00711050796452541,0.0133553205004121,0.0229790581905177,0.0361807289835526,0.0521222720461787,0.0687987946323834,0.0835019174867352,0.0937348480164058,0.0980352741350279,0.0962494770122815,0.0892935106346629,0.0787058533319751,0.0661989037170134,0.0533108630922412,0.0412061971766209,0.030617786485929,0.0218909017582228,0.0151123890787397,0.0102220573414736,0.00718233818653594,0.00814825668049882
"17",2.75365716883e-06,8.21601290984192e-06,2.75836084917627e-05,8.55099019444082e-05,0.00024436150064697,0.000643156915341908,0.00155831720511791,0.00347289542506679,0.00711049493630951,0.0133553038050929,0.0229790515376387,0.0361807231296817,0.0521222683934332,0.0687987928651903,0.0835019159964338,0.0937348473677832,0.0980352736275882,0.0962494768386844,0.0892935105124807,0.0787058532838698,0.0661989041532994,0.0533108672097054,0.0412071613332577,0.0306207625660746,0.0219599552336146,0.0154798515331685,0.0112772223306276,0.0138349691193738
"18",6.75952362180328e-07,2.23060708357628e-06,8.16529031468829e-06,2.75364573078038e-05,8.54871627758743e-05,0.000244351417888797,0.000643148437939303,0.00155831153364249,0.00347289338167151,0.0071104920602086,0.0133553028425818,0.0229790506139927,0.0361807225815014,0.0521222681341669,0.0687987926436498,0.0835019159029063,0.0937348472927831,0.0980352736030866,0.0962494768209336,0.0892935105056302,0.0787058552942307,0.0661989218469044,0.0533125410669116,0.041213561526686,0.0307280501948902,0.0226189826858453,0.0170892801201344,0.0227283540219666
"19",1.51434731046711e-07,5.54838790987254e-07,2.21975364379275e-06,8.15584451329206e-06,2.75316719575563e-05,8.54855174439752e-05,0.000244349827521008,0.000643147543541861,0.00155831125914141,0.00347289294728167,0.00711049194537959,0.0133553027165924,0.0229790505443664,0.0361807225494213,0.0521222681063371,0.0687987926323231,0.0835019158935427,0.0937348472898947,0.0980352736009406,0.0962494768202413,0.0892935178023068,0.0787059187361471,0.066201728129103,0.0533258568417584,0.0413738417631762,0.0318712166078883,0.024985662920506,0.0361313144615049
"20",3.08244056620327e-08,1.26008318845508e-07,5.52783417477165e-07,2.21806637498064e-06,8.15494592500735e-06,2.75314395784878e-05,8.54852453177439e-05,0.000244349705017095,0.000643147512425735,0.00155831120221218,0.0034728929365002,0.00711049193067157,0.0133553027092655,0.0229790505410948,0.0361807225465312,0.0521222681052158,0.0687987926313796,0.0835019158934218,0.0937348472905563,0.0980352736048335,0.096249500115175,0.0892937191647677,0.078710710710467,0.0662287867498222,0.053560676192934,0.0432943696664996,0.0352444703443893,0.0555563011334781
"21",5.6676263266812e-09,2.60105729731823e-08,1.25666976798231e-07,5.52517102871097e-07,2.21791751350947e-06,8.15491793950913e-06,2.75313975331983e-05,8.54852309432255e-05,0.00024434970208301,0.000643147506026507,0.00155831120148599,0.00347289293504205,0.00711049193004791,0.0133553027089976,0.0229790505408555,0.0361807225464941,0.0521222681056221,0.0687987926347402,0.0835019159120502,0.0937348473732931,0.0980353400646354,0.0962500699577594,0.0893021470153711,0.07876419361335,0.0665697482162385,0.0566840010709858,0.0479657311848401,0.0826025764538695
"22",9.3438518037672e-10,4.85161569520542e-09,2.59614520638983e-08,1.25630264570809e-07,5.52495651478121e-07,2.21791468943012e-06,8.15491216627004e-06,2.75313961120301e-05,8.5485230715925e-05,0.000244349701474656,0.00064314750600118,0.00155831120136428,0.00347289293500191,0.00711049193003739,0.0133553027090462,0.022979050541675,0.0361807225537682,0.0521222681548266,0.0687987929009987,0.0835019170765939,0.0937350126659225,0.0980367406076247,0.0962648345507366,0.0894032459632555,0.0792532445417717,0.0714798539035574,0.0629632806754923,0.118772440553795
"23",1.36836510202833e-10,8.11697043080181e-10,4.84558104909074e-09,2.595709660128e-08,1.25627620369441e-07,5.52495417587984e-07,2.21791399961497e-06,8.15491205059007e-06,2.75313960993851e-05,8.54852306763674e-05,0.000244349701514197,0.000643147506151941,0.00155831120196333,0.00347289293707948,0.00711049193702312,0.0133553027354684,0.0229790506610683,0.0361807231459837,0.0521222709585697,0.0687988044543751,0.0835022936013539,0.0937380690404455,0.0980617674784592,0.0964455938297972,0.090090969677531,0.0867083944505608,0.0796604969600394,0.165202970395537
"24",1.7592855839108e-11,1.20672713610902e-10,8.11075432872612e-10,4.84514440712698e-09,2.59568232580708e-08,1.25627605614472e-07,5.52495352861887e-07,2.21791402474818e-06,8.15491222985986e-06,2.75313969820412e-05,8.54852346074899e-05,0.000244349717337551,0.000643147564172959,0.00155831139632719,0.0034728935355938,0.00711049365824079,0.0133553074890334,0.0229790638580943,0.0361807614313174,0.0521223851927363,0.068799742436331,0.0835086322163618,0.0937792410005138,0.0983668876709932,0.0973918864127456,0.101018956516048,0.0970445523615325,0.222299288210505
"25",1.95710129368225e-12,1.5754913928819e-11,1.20620210540975e-10,8.11039670258599e-10,4.84512523595268e-09,2.59568553968506e-08,1.25627831580453e-07,5.5249677955236e-07,2.2179218061684e-06,8.15495018585865e-06,2.75315638405856e-05,8.54858993981102e-05,0.000244352127502666,0.00064315553729861,0.0015583355155041,0.00347296042239794,0.00711066433500315,0.0133557113058492,0.022979962018455,0.0361826720251644,0.0521272556247829,0.068816458402656,0.083580710760895,0.0942709016458771,0.0996502462539845,0.112839716824418,0.113731191107529,0.289311605881484
"26",1.85043594700538e-13,1.78008282759395e-12,1.57520690983939e-11,1.20626175716925e-10,8.11119444705916e-10,4.8457890136989e-09,2.59615099760725e-08,1.25656369817005e-07,5.52651727335944e-07,2.21867417755578e-06,8.15824162519791e-06,2.75446089165911e-05,8.55329249425258e-05,0.000244506721857281,0.000643619750522724,0.0015596097797624,0.00347615880801229,0.00711800734051766,0.0133711495566937,0.0230097575215186,0.0362368658730927,0.052227116420172,0.069026650629499,0.0844341531619065,0.0961060071683455,0.120736953271323,0.128183405218739,0.363501874263514
"27",1.45691004720286e-14,1.71319570932388e-13,1.78596129121688e-12,1.58231225428767e-11,1.21310864337607e-10,8.16668235305056e-10,4.88448900992884e-09,2.61977261499477e-08,1.26934147657142e-07,5.58836028057833e-07,2.24564939445206e-06,8.26485905514442e-06,2.79279266954415e-05,8.67897285176479e-05,0.000248270097457313,0.00065391611107917,0.00158533652657822,0.00353479389989312,0.00723969463186813,0.0136006114669692,0.0234033220509176,0.0368595044499485,0.0531694250468583,0.0709691037886042,0.0876068072174286,0.123996618535276,0.138998516576485,0.438008133628806
"28",1.03186787078919e-15,1.52693185910683e-14,1.91933360509875e-13,2.0035479979922e-12,1.77611946961007e-11,1.36168687873438e-10,9.16255892280735e-10,5.47539903509948e-09,2.9331997954559e-08,1.41908548403128e-07,6.23655968866334e-07,2.50100363783275e-06,9.18328771622853e-06,3.09502074530444e-05,9.58995528517274e-05,0.00027342870195222,0.000717539032848411,0.00173246875941765,0.00384531915783337,0.00783621972831605,0.0146417092348301,0.0250614670147807,0.0392994690438444,0.0572163096957821,0.0767018166643727,0.123246526569193,0.145628842634769,0.503659548266087
