"","X0","X1","X2","X3","X4","X5","X6","X7","X8","X9","X10","X11","X12","X13","X14","X15","X16","X17","X18","X19","X20","X21","X22","X23","X24","X25","X26","X27"
"1",0.408799563002548,0.233703227828447,0.149465462330013,0.0906646440283904,0.0515955067403688,0.028167891966293,0.0151540790237338,0.00831953568878791,0.00482493354592968,0.00300297675587957,0.00198554778251641,0.00136179858027345,0.00094744389594693,0.000658901780182513,0.000454431735075102,0.000309631054018875,0.000208060746570957,0.000137760396137421,8.98225737794116e-05,5.76382270090638e-05,3.63730297726832e-05,2.25522375623729e-05,1.37248197609843e-05,8.19208837857276e-06,4.80081395174288e-06,2.78814035518593e-06,1.63660236623098e-06,1.0745859414549e-06
"2",0.408454823035956,0.233535473430749,0.149399946312596,0.0906738273624819,0.0516503622856096,0.0282436177466481,0.015233804838873,0.00839366214462088,0.00488910811296598,0.00305605531103921,0.00202806784441603,0.00139503330193062,0.000972888555538325,0.000678020470318535,0.000468543465637921,0.00031986692520763,0.000215357180901104,0.000142870795940795,9.3338039716219e-05,6.00119183772817e-05,3.79448621265325e-05,2.35718924362243e-05,1.43720553590438e-05,8.59373886056103e-06,5.04475483789612e-06,2.9345421208786e-06,1.72507804521244e-06,1.13399668122835e-06
"3",0.407351310957914,0.232997831849427,0.149188936802072,0.0907015643994987,0.051824336000604,0.0284847605403954,0.0154882770129657,0.00863075021276822,0.0050947969284456,0.00322655592219529,0.00216496936181685,0.00150229708921963,0.00105521378227064,0.00074003433387553,0.000514433320216958,0.000353238099298588,0.000239205918275369,0.000159616684620441,0.000104886323873128,6.78284484132945e-05,4.31330522350016e-05,2.69450620865003e-05,1.6517759550229e-05,9.92793200910589e-06,5.85656726859261e-06,3.42258676092241e-06,2.02046956492045e-06,1.33258234756081e-06
"4",0.404997823153195,0.231848508207915,0.148733654864223,0.0907539672787704,0.0521887709943411,0.0289939130276538,0.0160279840493481,0.00913557326652899,0.00553451670356142,0.00359258239010493,0.00246015987480441,0.0017346367893263,0.00123436820225862,0.00087562755163298,0.000615250823420679,0.000426903451324748,0.00029210150034876,0.000196933164251915,0.000130739263326099,8.54057460524996e-05,5.48503813825076e-05,3.45946496192306e-05,2.14026491976989e-05,1.29763559062021e-05,7.7176540226993e-06,4.54490195877398e-06,2.70162690241098e-06,1.79147861034978e-06
"5",0.401074747804862,0.229925697331855,0.147961040116896,0.0908236892668696,0.0527789561011485,0.0298290847917087,0.0169195877267821,0.00997472980214257,0.00627002947350687,0.00420883078039602,0.00296053417654047,0.00213124120388043,0.0015423772096862,0.00111043298343634,0.000791103905161003,0.000556326216877737,0.00038570028193167,0.000263430552037396,0.000177126121742189,0.000117154239388039,7.61497537212696e-05,4.85841265510491e-05,3.03869054445265e-05,1.86126120403206e-05,1.11753761576215e-05,6.63939740170907e-06,3.97785851313909e-06,2.65388330947129e-06
"6",0.395465918275843,0.227162718662006,0.146829054985496,0.0908880316648678,0.0535878977304034,0.0309956125001789,0.0181776704153946,0.0111691992364987,0.00732613937175017,0.00510171902208083,0.0036923420663758,0.00271686641271253,0.00200161846738573,0.00146395626822229,0.00105845274721465,0.000754988978981102,0.000530739924614685,0.000367431848274908,0.000250328647570952,0.000167690353102573,0.000110333157764682,7.12105054785094e-05,4.50233137469458e-05,2.78562048228884e-05,1.68808995450063e-05,1.01148974424299e-05,6.10604114445349e-06,4.09740106778052e-06
"7",0.388172170298064,0.223546531319795,0.145311342164324,0.0909125184447233,0.054581111427969,0.0324656675240431,0.019784658015005,0.0127123709903344,0.0087059203295136,0.00628172136010367,0.00467092318127195,0.00350939358756586,0.00263062608535836,0.00195399818820993,0.00143345676889238,0.00103690954956535,0.000738915636672524,0.000518358381780066,0.000357692078891183,0.000242563297725321,0.000161464939031159,0.00010535937756541,6.72971454743944e-05,4.20305204771362e-05,2.56906416991525e-05,1.55152684541031e-05,9.43120401629942e-06,6.36227346019918e-06
"8",0.379226774499651,0.219077502418025,0.143382901078511,0.0908552588164647,0.0557119099872322,0.0341979329992002,0.0217105967501511,0.0145876660637548,0.0104053540514765,0.00775501560221729,0.00590973292712964,0.00452671491003059,0.00344929887195245,0.00260057747882232,0.0019349236428739,0.00141885474092393,0.00102453772997533,0.000727964684726887,0.000508537438150826,0.000348920826159026,0.000234849767337562,0.000154841158267492,9.98571366749246e-05,6.29173517665731e-05,3.87669573708129e-05,2.35839220397689e-05,1.44278296174211e-05,9.78035948142031e-06
"9",0.368658186552396,0.213752167288645,0.141014697893117,0.0906699887607948,0.0569291257231178,0.036146884655933,0.0239220120150671,0.0167760204959375,0.0124191911916239,0.00952786203965387,0.00742353253848096,0.00578904511412793,0.00448059731401145,0.00342721155278687,0.00258530965278241,0.00192114635584822,0.00140519394577256,0.00101088563704947,0.000714609841922653,0.000495869742392647,0.000337315019847033,0.000224605425164595,0.000146172622898637,9.28679739472636e-05,5.76539527119339e-05,3.53143308034521e-05,2.1733251708257e-05,1.47991114425569e-05
"10",0.356491002267487,0.207564531552177,0.138175455567331,0.0903080289912203,0.0581787497374412,0.0382637548417085,0.0263820692536958,0.0192553167668744,0.0147398499526619,0.0116052078958825,0.00922692055340549,0.00731755078741164,0.00574938005726935,0.00446001154114059,0.00341007816205973,0.00256725593261446,0.00190153548286474,0.00138456279550982,0.000990096754269726,0.000694545526076822,0.000477301317824465,0.000320832039268271,0.000210613687347165,0.000134867449155538,8.43256246279872e-05,5.19844332078208e-05,3.21716286773352e-05,2.19994007733162e-05
"11",0.34276392753636,0.200515741693929,0.134836874943827,0.0897200998971102,0.059403260445357,0.0404941926742227,0.0290472095865538,0.0219964853600571,0.0173533548702299,0.0139867413723018,0.0113307023156524,0.00913116612234982,0.00727973408211074,0.00572554109250413,0.00443605861009024,0.00338260596508089,0.00253644604177628,0.00186870199946824,0.0013512989605091,0.000957931407067296,0.000664777273895277,0.000450902462396449,0.000298452068787129,0.000192548083375569,0.000121202285508963,7.51716057813003e-05,4.67659901687833e-05,3.21052535121053e-05
"12",0.327549193009534,0.192624657972389,0.13097955129342,0.0888587131224216,0.0605414489843274,0.0427763446742787,0.0318641048456928,0.024959790303782,0.0202352976474753,0.0166627978197121,0.0137379548282348,0.0112429779668762,0.00909178949015399,0.00724811946524932,0.00568925035963505,0.00439284949302911,0.00333374566438466,0.00248433489854779,0.00181597836307726,0.00130042408797706,0.000910963111341812,0.000623232193899651,0.000415764805361821,0.00027013718008916,0.000171124057910948,0.000106740188692385,6.67327947291521e-05,4.59813777611372e-05
"13",0.310966373613053,0.183935916147799,0.12659827836525,0.087681381549629,0.0615299439620441,0.0450410113990472,0.0347686890109541,0.0280929489078435,0.0233482595932267,0.0196113087901757,0.0164407281441315,0.0136568909718503,0.0111985286686864,0.00904691156598589,0.00719228178509601,0.0056217393573201,0.00431647116060698,0.00325248148993807,0.00240235444668923,0.001737106911959,0.00122782235388267,0.000846927471106761,0.000569210291235401,0.000372315864262368,0.000237264641205944,0.000148789878348546,9.34510226369645e-05,6.46126360187284e-05
"14",0.293189232968918,0.174524724825622,0.121706320769692,0.086154491803432,0.0623064849176543,0.0472140815635366,0.0376875736041434,0.0313314581294975,0.0266410953742438,0.0227961875037378,0.0194177430162738,0.0163648787044907,0.0136028304354557,0.0111329773475254,0.00896163312943939,0.00708864125572413,0.00550474521358799,0.00419239672494388,0.00312771539137471,0.00228268915237956,0.00162728007744018,0.00113122902042887,0.00076564604360277,0.000503965297558528,0.000322968081090368,0.000203552868254601,0.000128397466730779,8.90593132041747e-05
"15",0.274446421280488,0.164498658647531,0.116338530237364,0.0842574517323577,0.0628144527349329,0.0492207837875731,0.0405415038461739,0.0346009345688032,0.0300500298725394,0.0261672183206523,0.0226332291559497,0.0193450026746891,0.0162949356700114,0.0135064478163847,0.0110047571887212,0.0088057863511013,0.00691329323939948,0.00531942952207931,0.00400664936533186,0.00295010223520862,0.00212015081463939,0.00148472352275575,0.00101156986920902,0.000669784828224418,0.000431496521223212,0.000273230883840226,0.000173041905096141,0.000120383407702028
"16",0.255017177143797,0.15399683615505,0.110553181066557,0.0819866217826202,0.0630079932968821,0.050991091733384,0.0432503067405928,0.0378210923698297,0.0335013765898179,0.0296614226044127,0.0260370031523989,0.022560381824516,0.019250559301314,0.0161540605919109,0.0133173139412215,0.0107754475570648,0.00854875360155407,0.00664260138880007,0.00504896929980795,0.00374879901608219,0.00271480227310925,0.00191433554729369,0.00131238904298251,0.000873782346896958,0.000565687318355237,0.000359769970764841,0.000228700148191697,0.00015954419477434
"17",0.23522292561819,0.14318673622767,0.104432325251037,0.0793584939450849,0.0628570270767205,0.0524655596949427,0.0457387062607131,0.0409108991151713,0.0369156081738283,0.0332058162745074,0.0295658593625106,0.0259593054782778,0.0224299192086896,0.0190473632433635,0.015880831507981,0.0129873311481269,0.0104070362984471,0.00816211572619618,0.00625749725284893,0.00468288088643434,0.00341564453290769,0.00242416168701983,0.00167155826519915,0.00111866270351155,0.000727535321250942,0.000464582449414756,0.000296350550065865,0.000207266739870662
"18",0.215415483562048,0.132258833261614,0.0980804553264537,0.0764115985399883,0.0623514475601331,0.053600845169348,0.0479423221617813,0.043794360318016,0.0402124055242905,0.0367213744636898,0.0331462680400913,0.0294766359047309,0.025777942888971,0.022141918968631,0.0186611624111407,0.0154165534991762,0.0124710753227072,0.00986710182735889,0.00762596287296389,0.00574925619870892,0.00422160056069954,0.00301426141844972,0.00208966726482527,0.00140516912595266,0.000917736343985739,0.000588239119281291,0.000376428705430252,0.000263893639514964
"19",0.195962596577029,0.121419277132962,0.0916213389984287,0.073206703224781,0.0615038725613946,0.0543741897674197,0.0498131285458669,0.0464062927683528,0.0433161869588897,0.0401278791970382,0.0366982410191145,0.0330365346685432,0.0292258334978254,0.025377807111748,0.0216080979363927,0.0180225969016035,0.0147093661704053,0.0117339570242004,0.00913733475335875,0.00693609589905871,0.00512476975176994,0.00367956599998865,0.00256359586264118,0.00173146023543623,0.00113524760830421,0.000730168437069737,0.000468624331491321,0.000329237058867141
"20",0.177231460924441,0.110880845447953,0.0851929444893303,0.0698249520550784,0.0603503901397674,0.0547861731143929,0.051323641918655,0.0486973896002738,0.0461615204536731,0.0433492033112537,0.0401400975854993,0.0365564320789645,0.0326940883739745,0.0286816567271558,0.0246564852230116,0.0207496530967034,0.0170757206933352,0.0137257084732983,0.0107629699501987,0.00822191944123316,0.00610955827617988,0.00440912004414131,0.00308589732594587,0.0020926380534135,0.00137694472558981,0.000888416064111051,0.000571715806607712,0.000402456605799457
"21",0.159570824766984,0.100852417733227,0.0789404661707062,0.0663637295276836,0.0589488886539091,0.0548611792759609,0.0524691869251047,0.0506379010513849,0.04869778659388,0.0463185019664543,0.0433937504782945,0.0399520332603112,0.0360969409160531,0.0319703458578692,0.0277291111985226,0.0235287109466899,0.019510646357428,0.015792813620825,0.0124629810130242,0.00957566813946227,0.00715257828918869,0.00518589842067056,0.00364459572533954,0.00248056271963963,0.00163747032479755,0.0010595295186963,0.000683485891684287,0.000481994656191174
"22",0.143292525799863,0.0915274535606417,0.0730077255741244,0.0629303311530196,0.0573748608678839,0.0546452867058621,0.0532678013793934,0.0522193896121073,0.0508925059316867,0.0489827413903163,0.0463900127907803,0.0431429749287438,0.0393479778894458,0.0351562625113388,0.0307413821861115,0.0262815259827405,0.0219445651168662,0.0178756585791025,0.0141880930274028,0.010958026944957,0.00822354831155168,0.00598739269992356,0.00422355075402764,0.0028840690426009,0.00190935676892782,0.00123862508704783,0.000800757640139357,0.00056559776337478
"23",0.128653802317248,0.0830723280864923,0.067527601956811,0.0596339231981163,0.0557149775006981,0.0542016737626447,0.0537576671942014,0.0534542590180866,0.052732880856827,0.0513060171954593,0.0490733376976147,0.0460585592570362,0.042366418456301,0.0381537049978769,0.0336074839126154,0.0289262644469,0.0243027613400641,0.0199087218478478,0.0158830138971261,0.0123240518953064,0.00928726745424708,0.00678704130361645,0.00480345675835932,0.00328963977992186,0.00218346506350468,0.00141966777526636,0.000919572373308911,0.000650440656483202
"24",0.115841958077283,0.075615602066875,0.0626124166600094,0.0565766000950699,0.054059091638148,0.0536040112274372,0.0539923144409416,0.0543730660522799,0.0542253325775506,0.0532712463737142,0.0514054268214054,0.0486429093084622,0.0450833658356822,0.040885750526951,0.0362474091230885,0.0313842938405879,0.0265116281333621,0.0218260704574441,0.0174910740424097,0.0136269344017706,0.0103065533682204,0.00755643613273519,0.00536343795372679,0.00368251608313682,0.0024497311342936,0.001595961156351,0.00103550919600778,0.000733353275037935
"25",0.104964013063266,0.0692399914462897,0.0583457653315832,0.0538448576784347,0.0524918058947539,0.0529287459586699,0.0540342262309977,0.0550199287148115,0.055393017194647,0.0548798986629245,0.0533670917227696,0.0508587070902849,0.0474470399307124,0.0432905225147872,0.0385937759473865,0.0335870954712765,0.0285052844162525,0.0235673855688288,0.0189594691662414,0.0148223712676372,0.0112457369018597,0.0082680055883611,0.00588302688479437,0.00404809957690863,0.00269812341332376,0.00176078515197876,0.00114410628025826,0.000811122929942362
"26",0.0960642287609023,0.0639909843735282,0.0547859007685628,0.0515088810732926,0.0510888803860578,0.0522497792633192,0.0539487294679817,0.0554463564129903,0.0562701321355129,0.0561471501716107,0.0549544774934744,0.0526845758801014,0.0494212899106554,0.045320710733699,0.0405921676511058,0.0354772022013059,0.0302268855265219,0.0250794420043598,0.0202407429162696,0.0158699311240388,0.0120718398503023,0.00889597248658439,0.00634290361181119,0.0043724955805518,0.00291902494457899,0.0019076567890904,0.00124103648749992,0.000880621994272965
"27",0.0892349792427603,0.0599414736364001,0.0520084540288096,0.0496491981772213,0.0499316752297588,0.0516436063764018,0.0538017739032629,0.0557029821732602,0.0568886160592458,0.0570844894422785,0.0561585490245687,0.054092478122768,0.0509619575991439,0.0469199152327335,0.0421783677306973,0.0369870752699205,0.0316096947315572,0.0262997142188676,0.0212790600889649,0.0167219454778874,0.0127458902602307,0.00940980079495846,0.00672012635052399,0.00463916638258908,0.00310096440314446,0.00202882721980003,0.00132111845258947,0.000938100369637435
"28",0.0844717391307736,0.0571043237054237,0.0500443590630707,0.0483125314739203,0.0490767962046097,0.051170097984001,0.0536504759975022,0.0558392293523782,0.0572865200239745,0.0577162387866052,0.056988878251463,0.0550775031045847,0.0520510746180523,0.0480594608549574,0.043315956630552,0.0380757663748857,0.0326113517577249,0.0271871495812002,0.0220367891956833,0.0173456090097611,0.0132406067328478,0.00978781055807166,0.00699821322115696,0.00483611187182999,0.00323554713303942,0.00211858447926864,0.00138050980463663,0.000980765098007743
