"","X0","X1","X2","X3","X4","X5","X6","X7","X8","X9","X10","X11","X12","X13","X14","X15","X16","X17","X18","X19","X20","X21","X22","X23","X24","X25","X26","X27"
"1",0.333226749328297,0.106067056925474,0.0864879518172694,0.0771976452897169,0.0698703637140058,0.0625185028927961,0.0547157067615939,0.0467108903716422,0.0388749298531418,0.031543078828696,0.0249591548493803,0.0192653249779248,0.0145104601324954,0.0106680215128351,0.00765808051050596,0.00536928854738113,0.00367784279214987,0.00246186843127873,0.00161086081298505,0.0010307008837401,0.000645217815805717,0.000395397067677843,0.000237265040387668,0.000139391577856649,8.00317999560351e-05,4.33016328668067e-05,2.31169667159116e-05,1.17988654164449e-05
"2",0.330544506804128,0.105440012556194,0.0861827761392815,0.077103162806039,0.0699398251720912,0.06271772397063,0.0550121469051345,0.0470709831318213,0.0392663016514706,0.0319372625607241,0.0253335651432795,0.0196041266312274,0.0148044325424692,0.0109136932356523,0.00785645095788967,0.00552442488532523,0.0037955712412007,0.00254869565629161,0.0016731824714432,0.00107429389067841,0.000674974658371686,0.000415243172316253,0.00025020146519446,0.000147625210189956,8.51284533807512e-05,4.62382474662231e-05,2.47740210721651e-05,1.26764190291136e-05
"3",0.322189092763235,0.10347121420554,0.0852075377050525,0.0767796469860392,0.070126727896875,0.063312303376234,0.0559158436245859,0.0481808868452072,0.0404820082657526,0.0331694693666207,0.0265105107308134,0.0206746468092302,0.0157378742501308,0.0116974853172879,0.00849229322047976,0.00602399224993581,0.00417643275103709,0.00283089629621539,0.00187669143213185,0.00121733012907715,0.000773094990331021,0.000481017545610175,0.000293299459985334,0.000175199361595748,0.000102282878815759,5.61642440499833e-05,3.0396083962927e-05,1.56612141587844e-05
"4",0.30527788939486,0.0994255506245449,0.0831368883380991,0.0760094849811374,0.0703878942500677,0.0644115855311697,0.0576649698749924,0.0503783494437151,0.0429266562184048,0.0356783915870109,0.0289331439790263,0.0229003127327758,0.0176969278801335,0.0133574689015842,0.00985092903349512,0.00710081783803297,0.00500455426185183,0.00344986186090792,0.00232699735574618,0.00153666789493341,0.000994168439955069,0.000630611468286311,0.000392261823608941,0.000239122663282214,0.000142414928594952,7.95633451836296e-05,4.37388369431961e-05,2.27765116474535e-05
"5",0.279331664490042,0.0930687140672921,0.07972069855347,0.0745405814191101,0.0704941320668758,0.0658329097787903,0.0601409350885364,0.053617778211016,0.0466274742696121,0.0395559476549824,0.0327442604913934,0.0264580602134992,0.0208756482665599,0.0160896090868122,0.0121181786777326,0.00892224705286609,0.0064241288070199,0.00452508947210003,0.00311973461449629,0.0021064704540619,0.00139408583977734,0.0009050399598093,0.000576396488247257,0.00035973863488444,0.000219148764162494,0.000124796025810117,6.97803814118748e-05,3.67511696184343e-05
"6",0.246380680958197,0.084718849531216,0.0749366742628666,0.0721344912504128,0.0700670543688071,0.0671221031527742,0.0628703787771626,0.0574545217875619,0.0512040897251457,0.0445072489176255,0.0377416119675041,0.0312337158196579,0.025235141370887,0.0199130397729391,0.0153528604962648,0.0115698854083007,0.00852566627623309,0.00614578882352156,0.00433623673220525,0.00299672580100019,0.00203036518307639,0.00134976073476726,0.000880334441652644,0.000562442712346392,0.000350287766847152,0.000203164926226301,0.000115437786214532,6.14412485757638e-05
"7",0.209742248763835,0.075016662985932,0.0689382048614516,0.0686233055584656,0.0687068387073289,0.0677227841300431,0.0652119571541944,0.0612297391353213,0.0560375571796982,0.0499955692647752,0.0434956942771023,0.0369133708476846,0.0305717614131422,0.0247194789260211,0.0195219648007744,0.0150645700155854,0.0113639891549144,0.00838426089526154,0.00605389033053316,0.00428157244756502,0.00296902663360422,0.00202040295317864,0.00134875195652953,0.000881460320823434,0.000560690902020576,0.000330863249858677,0.000190826657775588,0.000102556476569285
"8",0.172742301624011,0.0646775665330722,0.0619901042145182,0.0639612582163319,0.0661226805693823,0.0671561274075372,0.0665596921954729,0.0642752534409532,0.0604598005809178,0.0554055158510473,0.0494816976937927,0.0430840459302573,0.0365898140774545,0.0303231281810319,0.0245334190861662,0.0193872444130215,0.0149715099060298,0.0113047423618225,0.00835264767345139,0.00604471400997678,0.00428951148771772,0.00298737701379997,0.00204061452957449,0.00136356785559179,0.00088531176679138,0.00053113345172507,0.000310707812767538,0.000168512115773397
"9",0.13797524157324,0.0543411727742474,0.0544231095686775,0.0582497344632882,0.0622099850647003,0.065133954824926,0.0664756989976834,0.0660502573256014,0.0638810573981606,0.0601518333191228,0.055164729950317,0.0492945178622204,0.0429403504954321,0.036481739321087,0.0302444674534725,0.0244794684172138,0.019354855547373,0.014959028751557,0.0113114340380201,0.00837746805877674,0.00608454172632973,0.00433726543401303,0.00303157588548443,0.00207090956460479,0.00137190474493172,0.000836371422370785,0.000495985679230645,0.00027134033790638
"10",0.107088140295278,0.0445114758567078,0.0465992751064297,0.0517263594419736,0.0570642535650502,0.0615957699407001,0.0647451493779982,0.0662062547331908,0.0658558753666807,0.063738415733609,0.0600460920075543,0.0550860608362413,0.049236441319117,0.0428987070216076,0.0364541642213964,0.0302302677685108,0.0244796701107081,0.0193720178472695,0.0149962387262208,0.0113702711483229,0.00845513411480779,0.00617088831790278,0.00441430510910651,0.0030826802212865,0.00208321749022532,0.00129005959703173,0.000775189956430331,0.000427624768631085
"11",0.0808742004300555,0.0355476540224404,0.0388780960862366,0.0447243107813343,0.0509469718044341,0.0566898829989402,0.0613760037486522,0.0646038440769117,0.0661116690435766,0.065791487962767,0.0636940238894775,0.0600153355600995,0.0550652632863273,0.0492239644616718,0.0428947479169218,0.0364609066692062,0.0302521127140217,0.0245229804189779,0.0194434891289343,0.0150995871954578,0.0115015907444876,0.00859818424509185,0.00629653768985483,0.00449534971529368,0.00309835637579934,0.00194829621375924,0.00118578496854185,0.000659367850716156
"12",0.0594813147684491,0.0276743393953931,0.0315819778622518,0.0376162130496559,0.044225343319103,0.0507225117195337,0.0565662638944375,0.0613015808979951,0.0645574881447693,0.0660826509024099,0.0657734133458045,0.0636832116037652,0.060010163818121,0.0550659695841642,0.0492328761985092,0.0429168454335508,0.0365043408159107,0.0303278377901781,0.0246421450940543,0.0196121288808435,0.0153112337614086,0.0117299193570146,0.00879644622480084,0.00642086730077425,0.00451277723670167,0.002880502804872,0.00177501775836542,0.000994619037151508
"13",0.0426263464375695,0.0209975789905451,0.0249663292684134,0.0307578264093311,0.0373048749012833,0.0440931184419917,0.0506534033813863,0.0565268310829552,0.0612785444288234,0.0645443619123682,0.0660757964816064,0.0657710990355743,0.0636854159871863,0.0600188393943192,0.0550857892814904,0.0492723297234981,0.0429891280097862,0.0366267628440952,0.0305176941768278,0.0249083734182024,0.019943794883776,0.0156663120626517,0.012034888940653,0.00898215201314247,0.0064361772298556,0.00416873124974844,0.00259988932183147,0.00146761069107646
"14",0.0297743319447242,0.0155237422088653,0.0192006237319463,0.0244431915463869,0.0305685287198547,0.0372286145275163,0.0440549919754707,0.0506326061074927,0.056515435829538,0.0612729342575494,0.0645428045755129,0.0660780355711562,0.0657785804671727,0.063702054305994,0.060052393006046,0.0551496453693104,0.0493868575773306,0.0431806823574202,0.036921256281569,0.030927770498771,0.0254158821044033,0.0204830846551178,0.0161243523090082,0.0123052706011158,0.00898754409822415,0.00590492683777952,0.00372576191276365,0.00211809662194856
"15",0.0202754390294157,0.0111815728252095,0.0143637162709727,0.0188776098875069,0.0243311129258282,0.0305256574734595,0.0372080827752212,0.0440443377722793,0.0506273699712004,0.0565138842671146,0.0612747003771909,0.0645489156027512,0.0660915715533623,0.0658060328208391,0.0637555011804114,0.0601521826388695,0.0553263226494435,0.0496794841993338,0.0436270401042182,0.03753857285178,0.0316866777257919,0.0262161558126048,0.0211549468898685,0.0165080488548506,0.0122867928465028,0.00818556712885826,0.00522312323414033,0.00298958033096389
"16",0.0134630858766232,0.00784646431675103,0.0104525431936403,0.0141696164722945,0.0188130404544709,0.0243077398147877,0.0305150445020426,0.0372030755370714,0.0440426741619693,0.0506285953027005,0.0565187475034287,0.061285582480494,0.0645709834960116,0.0661348803309384,0.065888741514941,0.0639077237292065,0.0604186023263606,0.0557634239565048,0.050340949145083,0.0445354572839537,0.0386476692806878,0.0328469776079704,0.0271785467805136,0.0216854270532158,0.0164427947467194,0.0111033077271951,0.00716213539106421,0.00412617001334855
"17",0.00871848827677836,0.00536454644365438,0.00740023966153601,0.0103390119977678,0.0141334577611758,0.0188007796251172,0.0243026730140504,0.0305133151274661,0.0372038426464708,0.0440464661610468,0.050637274258088,0.0565363599919108,0.0613201264419034,0.0646374691127793,0.0662598953192573,0.0661157915800468,0.0643006351050637,0.0610570905449479,0.0567218172765274,0.0516476352303123,0.0461194323263046,0.0402911693385941,0.0341929858004387,0.0278926685712957,0.0215382604990678,0.0147357196551041,0.00960488642672469,0.00556796180655872
"18",0.00550720740968724,0.00357381521820984,0.00509847697966202,0.0073356075002349,0.0103193745514793,0.0141273920023431,0.0187988453032612,0.0243030583905294,0.0305161860757391,0.0372106515116409,0.0440603952777717,0.0506645819725186,0.0565889295992465,0.0614197603986974,0.0648221735456598,0.0665910672443991,0.0666824646861441,0.0652125975876799,0.0624145982640086,0.058558834922958,0.053858033215482,0.048393345879912,0.0421288999752167,0.0351283720424826,0.0276127394795642,0.019131809528022,0.012595680294104,0.00734510114333492
"19",0.00339373666817288,0.00232028334243688,0.00341925359371997,0.00506269046016559,0.00732533474283767,0.0103167348210599,0.0141273501189911,0.0188009082582901,0.0243082402099457,0.0305269876054889,0.0372319708998319,0.044101486309954,0.0507426003052975,0.0567347851049444,0.0616865333345388,0.0652945113936249,0.0673902426723423,0.0679560013710214,0.0670921562900215,0.0649384258991261,0.061572366372829,0.0569306549657857,0.0508421030019472,0.0433199323733347,0.0346458115666265,0.0242977001764104,0.0161502105882163,0.0094709875530279
"20",0.00204046807826642,0.00146837082354739,0.00223282224581952,0.00340002510206725,0.00505762517087494,0.00732464847627187,0.0103180478403729,0.0141311162367665,0.0188090123032106,0.0243245061910792,0.0305586025255381,0.0372922100566687,0.0442145092006925,0.0509512195770563,0.0571114408078677,0.0623452252205466,0.0663965034272777,0.0691288756415765,0.0704995018577725,0.0704802193970002,0.0689516760363136,0.065626446424163,0.0601142495693692,0.0523146786152351,0.0425434910561012,0.0301837531999438,0.0202451935275669,0.0119355613910227
"21",0.00119705948437486,0.00090591791045192,0.00142018666318992,0.00222286232935072,0.00339784516860635,0.0050581800997942,0.00732719879309942,0.0103238556293889,0.0141430911244442,0.0188327031187833,0.0243701280083402,0.03064471233634,0.0374520283281356,0.0445059733736167,0.0514709179178207,0.0580093176797289,0.0638305855091329,0.068716412101562,0.0724923258545401,0.0749428427440055,0.0757000284791483,0.0741737361518301,0.0696637364547063,0.0618799737912609,0.0511314727285023,0.0366761498614378,0.024810697288996,0.014700061069401
"22",0.000685241755812652,0.000544959317975418,0.000880111010587604,0.00141530986653538,0.00222233104678109,0.00339936285353708,0.00506210184131867,0.00733560744350283,0.0103409350830199,0.0141766211825191,0.0188968093276087,0.0244901080146782,0.0308651637263359,0.0378495327691469,0.0452063208429224,0.0526666810913825,0.059965595330013,0.0668551539121985,0.0730615766796987,0.0781840786636521,0.0815723059940749,0.0822659434923038,0.079167095906053,0.0717145342508181,0.0601584136146336,0.043595870435353,0.0297274924933351,0.0176947420541913
"23",0.000382739654189101,0.000319682619554364,0.000531573948707101,0.000877995071298473,0.00141581223418628,0.00222477453918044,0.00340494100762891,0.00507382554728898,0.00735925014552089,0.0103870900244745,0.0142643093076107,0.0190596581080024,0.0247865468225883,0.0313940263389135,0.0387707836061996,0.0467614057794032,0.0551832235518986,0.0638173208187471,0.0723379165630065,0.0801817811119508,0.0864050288992425,0.0896302772654988,0.0882888467285465,0.0814712216610683,0.0693109456874568,0.0507070650429001,0.0348311987715131,0.0208207591434136
"24",0.000208583029728344,0.000182904573215857,0.000313029712283999,0.000530979153492241,0.000879261752237528,0.0014192760110852,0.00223238265371137,0.0034207946647939,0.0051056405873147,0.00742105540737477,0.0105038293882333,0.0144795574800062,0.0194480976574502,0.0254726798670422,0.0325764502380914,0.0407450032993125,0.0499224906121787,0.0599735233635438,0.0705736619899552,0.0810359922619804,0.090135470885136,0.0960578458140915,0.096715661690919,0.0907892913794607,0.0782401404044613,0.057735406735354,0.0399240935872954,0.0239568958002397
"25",0.000110917062905086,0.000102102014762953,0.000179837216255543,0.000313334717791063,0.00053294305449576,0.000883935551172192,0.00142937737300722,0.00225329895866424,0.00346255661745361,0.00518634326732085,0.00757257466073992,0.0107812188182718,0.0149759418312284,0.020316546908012,0.0269538774156765,0.0350234137317698,0.0446225576530697,0.055740976021847,0.0681050269512209,0.0809507603492581,0.0928043136670268,0.101424143269607,0.104188547507499,0.0993309641127937,0.0865958913052766,0.0643943929706287,0.0447935473320389,0.0269706596601968
"26",5.76266269550664e-05,5.57103850686464e-05,0.000101025808808997,0.000180918550185807,0.000316317769816432,0.000539548719091437,0.000897839085300651,0.00145762766789782,0.00230883799874573,0.0035684401510983,0.00538265487806926,0.00792756063587051,0.0114085681960477,0.0160596106149638,0.0221412959937697,0.0299309534235235,0.0396854650011627,0.0515418356531002,0.0653137679601705,0.0802055663022067,0.0945404164040483,0.105687154899753,0.110511244694483,0.106795513192863,0.0940421323019185,0.0703976987010643,0.0492209469246241,0.0297237214593821
"27",2.9691478247051e-05,3.01773005239951e-05,5.63924061256092e-05,0.000103923550694061,0.000187027764866732,0.000328553114735964,0.000563467455856672,0.000943544551471586,0.00154293641609173,0.00246438431993198,0.00384577933605545,0.00586693593009349,0.00875666650306868,0.012799883166346,0.0183418267762199,0.0257789176130257,0.0355124186504268,0.0478245477005119,0.0626316453186083,0.0791412572623329,0.0955271189939364,0.108834593371285,0.115482108187962,0.112843006970066,0.100182179712271,0.0753992526462053,0.0529374359906923,0.0320443275123374
"28",1.59562071788734e-05,1.70332430576806e-05,3.2794780442819e-05,6.22035742550401e-05,0.000115259871115456,0.000208587705916047,0.000368746226175015,0.000636897736812631,0.00107493230617217,0.00177317048063475,0.00285974732281116,0.00451183291895916,0.00696876826960731,0.0105462452494373,0.0156470828785386,0.0227552256903772,0.0323848763467205,0.0449392829822683,0.0604299137252063,0.0780865702726122,0.0959859765030102,0.110935063755114,0.119007581313905,0.117249875155437,0.104726418283483,0.079134206818432,0.0557309039612105,0.0337948464211005
