"","X0","X1","X2","X3","X4","X5","X6","X7","X8","X9","X10","X11","X12","X13","X14","X15","X16","X17","X18","X19","X20","X21","X22","X23","X24","X25","X26","X27"
"1",0.174712341870414,0.0944369870162902,0.0944937760593564,0.087544485054366,0.0846202290306933,0.0795143327703607,0.0725924702872481,0.0643271062983163,0.055360753737083,0.0462899867741444,0.0376203815145281,0.0297312982810953,0.0228604338075265,0.0171106419828951,0.0124733109497056,0.0088599969241704,0.00613477567585227,0.0041421430995163,0.0027279196583018,0.00175272490731293,0.00109896128306391,0.000672861703387269,0.00040314039952777,0.00023747175755622,0.000138006145882959,7.80279894266335e-05,4.1365825328984e-05,2.40691966425842e-05
"2",0.172853547360655,0.0935923123152668,0.0938075438400159,0.0871104286243664,0.0843847550995027,0.0794762035676937,0.0727315625452042,0.0646098492709841,0.0557452188118513,0.0467325700416371,0.0380811712615782,0.0301776844527311,0.0232688807206604,0.0174668379890667,0.0127711156038255,0.00909968477870836,0.00632104075136975,0.00428221947221808,0.00283003717113909,0.0018249922428027,0.00114867320693521,0.000706165795120013,0.000424958563516512,0.000251547607449138,0.000146973868862784,8.35473523892774e-05,4.44971769325787e-05,2.59805075111335e-05
"3",0.16710311213557,0.0909649366347033,0.0916586274926057,0.085731498080206,0.083614711212183,0.0793165540638555,0.0731253937639905,0.0654575761223058,0.0569196678548568,0.0480994518781753,0.0395159052018013,0.0315770571113501,0.0245571254477723,0.0185966529836455,0.0137208292373737,0.0098680746609957,0.00692124959806333,0.00473590325157822,0.00316247042992452,0.00206146176461724,0.00131218663202328,0.000816297952887399,0.000497516959740905,0.000298645736631473,0.000177175276068293,0.000102249042949348,5.51590702758997e-05,3.25104038422139e-05
"4",0.155619490016181,0.0856627515065772,0.0872661346775018,0.0828364784158187,0.0819133471708336,0.0788324817250684,0.0737658992193931,0.067040843878327,0.0592022114186243,0.0508160662083764,0.0424139860175126,0.0344417132901342,0.0272256109761764,0.0209625872407502,0.0157302402499043,0.011510106406026,0.0082164263290865,0.00572434672823421,0.00389369779589075,0.00258660519603432,0.00167883531866429,0.00106570368637691,0.000663551455680559,0.000407637591591112,0.000247896956061118,0.000146527368829645,8.06230151745691e-05,4.820014116287e-05
"5",0.138376421436776,0.0775679946154559,0.0804252325693867,0.0781436956675553,0.0789541416044299,0.0776916678016466,0.0743556949182764,0.0691314930719215,0.0624561679692023,0.0548450745329132,0.0468317568128827,0.0389056728603341,0.0314639969401249,0.0247861943043091,0.0190308717685158,0.014249496848679,0.0104099248880036,0.00742321861727797,0.00516890335167202,0.00351576132151167,0.00233704080232845,0.0015200984810477,0.000970764579786976,0.000612681306215159,0.00038326735982041,0.000232641898847586,0.000130764825524087,7.93588455467019e-05
"6",0.117157006857842,0.0673671278591273,0.0715615261885481,0.0717336266175012,0.0745581120261728,0.0755012658094645,0.0743575594387965,0.0711262093140564,0.0660864263256595,0.0596588822410068,0.0523476318509687,0.0446701621495653,0.0370943875935159,0.0299949767761867,0.0236324682660551,0.0181527208180247,0.0136011219357576,0.00994514656337906,0.00709955423760046,0.00495002873320229,0.00337281930138485,0.0022491989284962,0.00147377522850292,0.000955722491800724,0.000614828188507317,0.000382931558246437,0.000219628058446787,0.00013515464217533
"7",0.0945547909883683,0.0561539754659939,0.0614646446124345,0.0639550812174874,0.0687228202830302,0.0719362591760903,0.0731898588030202,0.0722754329545005,0.0692721514959971,0.0644541256022098,0.0582452045023554,0.0511502338208509,0.0436824565657294,0.0363027937305772,0.0293791349656092,0.0231674125599799,0.0178117159954818,0.0133582312255725,0.0097771075647812,0.00698702180416573,0.00487863912945624,0.00333425015192334,0.0022406492055235,0.00149223139024698,0.000986489200710217,0.000629745666997218,0.000368096129422844,0.000229445791474952
"8",0.0729599657651439,0.0450124538117759,0.0509952422533693,0.0553046138338281,0.0616312034582261,0.066859360554297,0.0704272322914015,0.071929840615653,0.0712253840411291,0.0683952300458561,0.0637237415735167,0.0576435236105129,0.0506636260837514,0.0432980520197736,0.0360070247191797,0.0291577850458793,0.0230063832865249,0.0176979110992125,0.0132802977475902,0.00972619812758438,0.00695818269480606,0.00487282827403607,0.0033579316620244,0.00229643031138627,0.00155965317175419,0.00101985984617471,0.000607043682181158,0.000383000373422142
"9",0.0540061243388541,0.0347714543226742,0.0408982942733845,0.0463315029552561,0.053634460673545,0.060378773391633,0.0659195864372197,0.069699661670657,0.0713668274206213,0.0707846897433707,0.0680463664169738,0.0634467858895695,0.0574252854167202,0.0504943716508211,0.0431695933798484,0.0359119526608414,0.029089356913427,0.0229586788357794,0.0176661328270036,0.0132615752464119,0.00972185280976047,0.00697729598704737,0.00493173276409527,0.00346444577125596,0.00241758629196685,0.00161888580216178,0.000980737309343306,0.000625988799747605
"10",0.0384705898823276,0.0259310876510777,0.0317215673146856,0.0375644945454647,0.0452003326999378,0.0528305176441047,0.059813632939671,0.065511894392463,0.0694079372660147,0.0711553658140586,0.0706279754798095,0.0679280919124872,0.0633568922991746,0.0573573141413064,0.0504437539069894,0.0431327747642505,0.0358860449153099,0.0290720780522286,0.0229486008190422,0.0176639188113969,0.013273774255915,0.00976687371976478,0.00708446879074584,0.00511491618843533,0.00366864964533503,0.00251542518097238,0.00155035187795707,0.00100067508906453
"11",0.0264417094935374,0.0186941162831495,0.0238004208265899,0.0294522667375721,0.0368352538604299,0.0447034329058282,0.0524991999753905,0.0595887084336298,0.0653627171432894,0.0693086126323671,0.0710875841210338,0.0705802563044104,0.0678936860260996,0.0633318737250858,0.0573393032581928,0.050431221057134,0.0431247324941956,0.0358820037349105,0.0290724573835373,0.0229567778939531,0.0176924454626309,0.0133540105206836,0.0099471008165632,0.00738651923683771,0.00544778211106713,0.00382445991564452,0.00239726478953376,0.00156408285669304
"12",0.0175721385507529,0.0130407285844476,0.0172770100756934,0.0223195886167106,0.0290014379104239,0.0365379531672319,0.0445130796555002,0.0523759563894501,0.0595121773910785,0.0653158778328453,0.0692795398416265,0.0710689219218801,0.0705678426566277,0.0678853009110152,0.0633264002852774,0.0573362762955429,0.0504306486547567,0.0431271636582798,0.0358892610679325,0.029090970918973,0.0230074935569959,0.0178259069573358,0.0136466740688425,0.010431643410333,0.00791525381963641,0.00568908184816999,0.00362548524418383,0.00239018670844702
"13",0.0113084635274165,0.0088093294542829,0.0121367850491453,0.0163461075793001,0.0220510498495318,0.028828867111771,0.0364307332251526,0.0444459458715236,0.0523363153392949,0.0594896142936623,0.0653031531392819,0.069272256830726,0.0710646909185767,0.070565532038676,0.0678845566576853,0.0633274212133469,0.0573397840452923,0.0504381214099133,0.0431420669456298,0.0359223196409343,0.0291755515147857,0.0232225918323986,0.01828928187327,0.0144054496303649,0.011251479121505,0.00827932192788104,0.00536226994830401,0.00357094001033755
"14",0.00705497560530264,0.00576641665693275,0.00825352256308508,0.0115711918750373,0.0161916224969527,0.0219539078598026,0.0287698632176234,0.0363945852720744,0.044425321951828,0.0523251997521479,0.0594838617701079,0.0653003002566363,0.0692710588926778,0.0710647311491166,0.0705670157488312,0.067888284351415,0.0633349171711758,0.0573537572447194,0.050464434989518,0.0431978521320422,0.0360592594034965,0.0295140137135193,0.0239394004341525,0.0194500110583499,0.0156467550352978,0.0117866911698802,0.00775577706398261,0.00521527116428443
"15",0.00426969941104486,0.00365958853250921,0.00543595007963279,0.00792074720699143,0.0114853022683935,0.0161386992842977,0.0219223577633681,0.0287507999612959,0.0363839469181214,0.0444198092537434,0.0523225750909255,0.0594828619942787,0.0653004231350648,0.0692724268990791,0.0710681062526016,0.0705739625858401,0.0679014862630446,0.0633589569060971,0.0573981610877948,0.0505558458756897,0.0434144002243789,0.036579940454817,0.0305977734230557,0.0256740954911841,0.0212852411144921,0.0164131662216164,0.010968573306188,0.00744510299444412
"16",0.00250759926518446,0.00225278412109605,0.00346926448897554,0.00524616340179359,0.00787460994693181,0.0114574666324258,0.0161223992243013,0.0219126040516231,0.0287454438366856,0.0363812751700353,0.0444187086535952,0.052322520972636,0.0594838793552693,0.0653031493753513,0.0692783331906877,0.0710798758960621,0.0705960541987813,0.0679413727277804,0.0634317004298055,0.0575442265311275,0.0508905804364903,0.0441976056749829,0.038181400655614,0.0331303597652366,0.0283233229629791,0.0223537933225339,0.0151659885553299,0.0103875171566749
"17",0.0014292262030064,0.00134556713597346,0.00214654178543166,0.00336431592795434,0.00522223163701827,0.00786050647429353,0.0114493681389528,0.0161175973468356,0.0219100176435712,0.0287442487333588,0.0363810107758755,0.0444193335016286,0.0523245155205513,0.059488496487854,0.0653128693306805,0.0692975197921861,0.0711156845206666,0.070660324416336,0.0680573308698809,0.0636593875499219,0.0580499516260578,0.0520423516927984,0.0465102414493766,0.0417930592896662,0.0368637555649025,0.0297730458389441,0.0204989223582198,0.0141625783880476
"18",0.000790392874314679,0.00077991492616231,0.00128808919607002,0.00209027857883036,0.0033523345021874,0.00521535819759113,0.00785665118156693,0.011447112583639,0.0161164354524193,0.0219096151413988,0.0287445409823663,0.0363823310044076,0.0444226582670476,0.0523319307913792,0.0595039532932155,0.0653432211075207,0.0693539165104246,0.0712163809741947,0.0708402595714494,0.0684035312296739,0.0644059976705873,0.0597056045600943,0.0553055850032536,0.0515405052350594,0.0469284107553552,0.0387763747246767,0.0270816362092092,0.0188669794758953
"19",0.00042395128974854,0.000438642238671708,0.000749793340919329,0.00125885876374955,0.00208449024570608,0.00334911527318349,0.00521360650942278,0.0078556566756815,0.0114466745395667,0.0161164995817139,0.0219103964604556,0.0287467430248407,0.0363875627194054,0.0444341785232636,0.0523558118703999,0.0595506460429566,0.0654296256126262,0.0695074413755812,0.0714882996050015,0.0713537720313896,0.069480461238853,0.0667320925888103,0.0642042269466555,0.062147009417617,0.0584337613546853,0.0493798821285117,0.0349662537871919,0.0245545468133823
"20",0.000220437566350584,0.000239313056098094,0.000423362909850151,0.000735085024498603,0.00125616062460431,0.00208304286860768,0.00334836253136992,0.00521321788931792,0.00785559951735048,0.0114470790129507,0.0161178341034378,0.0219138080346213,0.0287546984596988,0.0364049670799783,0.0444700935963136,0.0524257412853737,0.0596795251892093,0.0656575418199349,0.0699077946644678,0.0722313913658776,0.0728713164620477,0.0726740146415511,0.0727901266564802,0.0732885713582622,0.0711743883502224,0.0614829831261698,0.0441174762147035,0.0312160665906421
"21",0.000111037521989484,0.00012659065240352,0.000231817239208997,0.000416199618393326,0.000733871984772003,0.00125553834198731,0.00208274724051683,0.00334826584676371,0.00521339364217489,0.00785633410348207,0.0114491266867893,0.0161229201514984,0.0219255687477216,0.0287802994597377,0.0364575622753434,0.0445720667009828,0.0526129085203689,0.0600089925850159,0.0662317755929894,0.0709565792196292,0.0743197819028404,0.0771547823207197,0.0806413831692346,0.0845647983407923,0.0848201118620193,0.0748504844959955,0.0543927240313717,0.0387623377452483
"22",5.41443348363564e-05,6.48835353092596e-05,0.000123037199817627,0.000228443275624873,0.000415674567066322,0.00073362017169979,0.00125544875308751,0.00208280491070775,0.00334863015979483,0.00521451824989047,0.00785933099986675,0.0114564845791567,0.0161398362093725,0.021962219000772,0.0288552567038012,0.0366022679075957,0.0448365818579473,0.0530764310754685,0.0608109440447593,0.0676746734650027,0.0737618564395769,0.0799307796600889,0.0873861517256324,0.0955365064820681,0.0989309229931193,0.0891103629263375,0.0655333255500326,0.0470148632215576
"23",2.55386276330006e-05,3.21983975295851e-05,6.32571660182614e-05,0.000121501826335873,0.000228226018103157,0.000415585012033375,0.000733628072790901,0.00125561026735888,0.00208336763199841,0.00335024907103851,0.0052187619685668,0.00786967641353177,0.0114801475411036,0.0161908652674403,0.0220661130630225,0.0290549649674631,0.036965850050122,0.0454709209213504,0.0541663455109467,0.0627449104779339,0.0713510329384108,0.0809376361175226,0.0927574737345381,0.105774558806696,0.112990759307481,0.10377150549097,0.0771713045867413,0.055708010745311
"24",1.16425920161942e-05,1.54574840184363e-05,3.14804468597814e-05,6.25831990881695e-05,0.000121418253099235,0.000228208275364584,0.000415648588615564,0.000733884848382535,0.00125641067482664,0.00208561582935367,0.00335608723129876,0.00523290774647544,0.00790186744844604,0.0115492378741851,0.0163308895376479,0.0223341150880802,0.0295409262253579,0.0378101020777614,0.0469120733125047,0.0566908676909915,0.0674437168532039,0.0803085465666719,0.0966349477337669,0.114911814886768,0.126457306015439,0.118262618264496,0.0888543836202948,0.0645052416349773
"25",5.12566597861701e-06,7.17260693025329e-06,1.51525589355436e-05,3.1196823207573e-05,6.2558443257359e-05,0.000121438908766978,0.000228322094301053,0.000416024259897338,0.000735001442159793,0.00125948436147268,0.00209350019092554,0.00337502224308892,0.00527569278563744,0.00799313305286914,0.0117331854464921,0.0166812189054052,0.0229665346360519,0.0306346637854441,0.0396650778999394,0.0501221342501926,0.0625478070885852,0.0783574994642052,0.0990620956399206,0.122687120140667,0.138819708164144,0.131987873850192,0.100087444010099,0.0730288112812242
"26",2.17897408113949e-06,3.216755619992e-06,7.05434366590072e-06,1.50526674690711e-05,3.12264100938838e-05,6.26615574774479e-05,0.000121718525087859,0.000229058389488882,0.000417933725855261,0.000739808791404175,0.00127109829533862,0.0021202643198273,0.00343374408316947,0.00539825113956917,0.00823606394173833,0.0121898545262805,0.0174970079475948,0.0243644549144726,0.0329813840907524,0.0436657509781239,0.057265338028547,0.0755445441759491,0.100237842470708,0.128958725879367,0.149624323702337,0.144353926235461,0.110353033664269,0.0808744814662423
"27",9.06203085237613e-07,1.41285605991618e-06,3.21920331262262e-06,7.12569067817823e-06,1.53082073896514e-05,3.17902768215308e-05,6.38751957455828e-05,0.000124307083998396,0.00023455442417022,0.000429530080791126,0.000763994786994569,0.0013206379587951,0.00221931397200795,0.00362596017736858,0.00575819661014381,0.00888325551656694,0.0133057509040606,0.0193531231610291,0.0273943017451375,0.0379907940176515,0.0523064345375469,0.0724763352857388,0.100491935956259,0.133639827072763,0.158369099831633,0.154647943147551,0.119008738269092,0.0875323278276001
"28",3.91963984272777e-07,6.44123305724042e-07,1.522999696815e-06,3.49322919796424e-06,7.76541769973118e-06,1.66788044442143e-05,3.46522133564995e-05,6.97320602397696e-05,0.000136095553037567,0.000257925946934401,0.000475147765446992,0.000851480703507674,0.00148502124974099,0.00252079221278182,0.00416304770278537,0.00668314666124232,0.0104196663848719,0.0157768448203569,0.0232550971591689,0.033613162069248,0.0482883357971838,0.0697471988210934,0.100225890560042,0.136784836047074,0.164730244258742,0.162327893749264,0.125539488366855,0.0925838033586889
