"","X0","X1","X2","X3","X4","X5","X6","X7","X8","X9","X10","X11","X12","X13","X14","X15","X16","X17","X18","X19","X20","X21","X22","X23","X24","X25","X26","X27"
"1",0.124408440414062,0.0817704328961782,0.097199433880855,0.0992842330911833,0.0997219370694786,0.0950012535156799,0.0862530125293071,0.0749652384419932,0.0625546916350337,0.0501798283016523,0.0387679864510089,0.0288903191499452,0.0207929914526735,0.0144703027011192,0.00973914737570773,0.00634465931340222,0.00400142354292358,0.00244309234553021,0.00144377194588232,0.000825350179605329,0.000456403672173752,0.000243827904872083,0.000125720275387713,6.25356004585101e-05,3.00008604842346e-05,1.37644907063484e-05,6.21739056742652e-06,3.98357212654173e-06
"2",0.122465720728679,0.0807610621936323,0.0962218582421831,0.0985542713438133,0.0993045510726378,0.094917490681638,0.0864699099431231,0.0754119854818387,0.0631467470641691,0.0508358080124462,0.0394198534616134,0.0294885740819338,0.0213080229322261,0.0148901933204407,0.0100655807791986,0.0065875335251366,0.00417491726934054,0.00256234730029953,0.00152276751610232,0.000875832174736147,0.000487533181386503,0.000262370736346666,0.00013636899556574,6.84429241977509e-05,3.31767860947529e-05,1.53954286655449e-05,7.05852521176328e-06,4.62629734131259e-06
"3",0.116538597138761,0.0776453891631716,0.0931751513619462,0.0962421466550684,0.0979360303661183,0.0945735835094844,0.087064572108155,0.0767383982315518,0.0649486078191547,0.0528611149761378,0.0414537348870511,0.0313717215437922,0.0229421547564837,0.0162323839773893,0.0111164336994409,0.00737486815589496,0.00474124755353749,0.00295433998642398,0.00178426601483851,0.0010441535804719,0.000592111101985411,0.00032515297931524,0.000172718517277376,8.87840737228117e-05,4.42171299178716e-05,2.11208540721834e-05,1.00489062894741e-05,6.95095254429129e-06
"4",0.10501650381336,0.0714535657559826,0.0870084504508162,0.0914208910246826,0.0949054631337691,0.0935555825338829,0.0879493377351263,0.0791614330335485,0.0684212166014706,0.0568810182611663,0.0455762982398377,0.0352551103933052,0.0263640585953937,0.0190831293022359,0.0133785260687668,0.00909204510532207,0.0059924934693553,0.00383163920240332,0.00237716802979581,0.00143086983964293,0.000835676500496429,0.000473452759113661,0.000259839471259556,0.000138296038366276,7.1544643044377e-05,3.5535942604847e-05,1.77441743067644e-05,1.3109880941395e-05
"5",0.0884422894523454,0.0622413189654683,0.0775710644389575,0.0837118969792632,0.0896474328529642,0.091218992340397,0.0885189352365683,0.0822122823675222,0.073286100390584,0.0628173136113874,0.0518853045399176,0.0413685388012382,0.0318846360573793,0.0237861880903993,0.0171892040358173,0.0120434512339499,0.00818569397212688,0.00539947199497049,0.00345743329854586,0.00214930839350208,0.00129723640481967,0.000760264283109302,0.000431856458735761,0.000238205920785287,0.000127997461095499,6.6018409978572e-05,3.45084874601335e-05,2.70555207078195e-05
"6",0.0692728265614831,0.0510835125982423,0.0656920148614457,0.0734407765734004,0.0819354821931245,0.0868702072169478,0.0877804172058994,0.0847950460994137,0.0785155884576128,0.0698268078650307,0.0597782022106473,0.0493548147166363,0.0393608029942538,0.0303618179991216,0.0226754211208354,0.0164115136512231,0.0115188194677019,0.00784450668725638,0.00518545132299167,0.00332788236473188,0.00207382175094942,0.00125538770083331,0.000736537293138683,0.000419952379413464,0.000233660315159766,0.000124683737087085,6.79300182421095e-05,5.61146371727677e-05
"7",0.0504947220669131,0.0394962736315711,0.0527520795625034,0.061479559631735,0.071984769949063,0.0800644711264124,0.0847563512674689,0.0856081827620531,0.0827109152560461,0.0766051241216289,0.0681748990155727,0.0584196966618133,0.0482878417937773,0.0385586228826198,0.0297810571430387,0.0222716506843394,0.016140876376462,0.0113438921829105,0.00773543368778957,0.00511983170973033,0.00328993904313366,0.00205399567769041,0.00124244891983029,0.000730870697678832,0.000420227465178972,0.000231455594875303,0.000131133202183694,0.00011367788597643
"8",0.0343768816900504,0.0288319822951533,0.0401716634006765,0.0489782123604341,0.0604600671793108,0.0708518842456288,0.0788883917460161,0.0836110505897413,0.0845491410467924,0.0817612929779428,0.0757979868590812,0.0675198399564247,0.0579106922822856,0.0479086455625962,0.03828618944235,0.0295929904922848,0.0221464033899247,0.0160604168846896,0.0112940274740256,0.00770565137033474,0.00510284519921633,0.00328340537244442,0.00204580888593587,0.00124044481395097,0.00073636843123276,0.000418152411820572,0.000246139550432709,0.000223424089218954
"9",0.0219688505709353,0.019939877746766,0.0290450479959825,0.037080502843332,0.0483525226374792,0.0598396563570936,0.0702565161663563,0.0783396363124974,0.0831235560149491,0.0841222182697928,0.0814051072698192,0.0755129860467539,0.0673008874803701,0.0577491301201421,0.0477934822215738,0.0382072607501337,0.0295407646769638,0.022113063591948,0.0160399018596162,0.0112819487754629,0.00769909475484728,0.00510504498061438,0.00327520547290409,0.00204617191314252,0.00125375831978872,0.00073359048908091,0.000448533123189554,0.000425683238460806
"10",0.013252853999277,0.0131156640989417,0.0199782242011743,0.0266784446435597,0.0367383248567518,0.0480434060139351,0.0595640620333585,0.0700164203035458,0.0781354836954219,0.0829492645445063,0.083979729426381,0.0812928388695418,0.0754277834663425,0.0672386488271932,0.0577051269897516,0.0477635459688878,0.0381875840065867,0.0295282995462764,0.0221055044071228,0.0160357101303052,0.0112803174934938,0.00770944988342275,0.00509243236771306,0.00327788920326871,0.00207320802493981,0.00124953878768426,0.000793633277479867,0.000786610933132508
"11",0.0075893605375159,0.00823607187637677,0.0131059445080169,0.0182672648848815,0.0265098022719874,0.0365974875922612,0.0479262535433609,0.0594677370611205,0.069938372390285,0.0780706702144638,0.0828974554498264,0.083939596460334,0.0812627858983036,0.0754060665623472,0.0672234266550499,0.0576948511335635,0.0477568450400499,0.0381834110864107,0.0295259329688373,0.0221047009391713,0.0160367860260861,0.01130194224561,0.00768702177030625,0.00509867910059572,0.00332972406655396,0.00206693754591044,0.00136414280603802,0.00141072936473193
"12",0.0041463443702783,0.00495282132539241,0.00822187423526657,0.0119353008832608,0.0181917597338044,0.0264508834949145,0.0365515936965885,0.0478906970083865,0.059440429319198,0.0699163729833084,0.0780535232433389,0.0828844242963274,0.0839299833296588,0.0812559210583022,0.0754012995130766,0.0672202376201448,0.0576928049711227,0.0477556766334882,0.0381830715541843,0.0295269191230595,0.0221082499178423,0.0160768252203896,0.0112616894107513,0.007699737402109,0.00519457700548813,0.00332121312965143,0.00227881750800864,0.0024569520126538
"13",0.00216943311405377,0.0028575226772417,0.00494383981011011,0.00746557387121734,0.0119044158832043,0.0181690555967038,0.0264342693884215,0.0365394843275191,0.047881937317216,0.0594336052592449,0.0699112049584663,0.0780496809671381,0.0828816382139748,0.0839280201064671,0.0812545724206592,0.0754004118188208,0.0672197117747575,0.0576927065211242,0.0477563559523139,0.0381857648217516,0.0295340848754194,0.0221790773888565,0.0160062622541091,0.0112863287643558,0.00787177238581938,0.00518482721716762,0.00370106581345068,0.0041573765004117
"14",0.00108938909949585,0.00158213183362022,0.00285319684587885,0.00448424893989131,0.00745398617863921,0.0118963386312617,0.0181634861069946,0.0264304558784762,0.0365369050648015,0.0478800015036319,0.0594321870830805,0.0699101773517899,0.0780489508363478,0.082881131664703,0.0839276776856173,0.0812543627291581,0.0754003676505713,0.0672201262862521,0.0576943820092504,0.0477616326811542,0.0381990468283737,0.0296553689364431,0.0220589732679536,0.0160523367418542,0.011585981904861,0.00786447808710626,0.00584559312551733,0.00683708504727098
"15",0.000525167147007272,0.000839515240051153,0.00158037076330102,0.00259146558258904,0.00448025069426084,0.00745132925830436,0.0118946072762018,0.0181623735547776,0.0264297582142664,0.0365364026822442,0.0478796474028484,0.059431938252115,0.0699100048779056,0.07804883355139,0.0828810564384519,0.083927658508845,0.0812545199154096,0.0754012856437429,0.0672233317573635,0.0577040327824931,0.0477852817449306,0.0384006095554959,0.0294569675568764,0.022142262482662,0.0165593215545191,0.0115900603341058,0.00898033517975125,0.0109316120480864
"16",0.000242694559114855,0.000425808194801483,0.000838885372224474,0.00144107535584112,0.0025901948772572,0.0044794420121908,0.00745082977864794,0.0118943061893883,0.0181622001393407,0.0264296389234096,0.0365363223119694,0.0478795929853625,0.0594319017197265,0.0699099810336547,0.0780488241156699,0.08288110512941,0.0839279959757678,0.0812561979756561,0.0754070571735468,0.0672403222959255,0.0577447635917437,0.0481106204021086,0.0380824071251432,0.029602596647688,0.0229757121465502,0.0165929468692545,0.01342025313258,0.016996323966022
"17",0.000107220784706117,0.000205751686434269,0.00042560664920419,0.000769729999035864,0.00144070314303004,0.00258996711824091,0.00447930827759163,0.00745075413085523,0.01189426658189,0.0181621742209223,0.0264296223565489,0.0365363115942297,0.047879586157724,0.0594318982899696,0.0699099899767611,0.0780489262727714,0.0828817038434358,0.0839309041200803,0.081266199835715,0.0754359845758009,0.0673082783827282,0.0582549523275408,0.0476149554615059,0.038328839921295,0.0309342284351254,0.0230722467633948,0.0195094652082737,0.0257004238851849
"18",4.51278266075922e-05,9.43768650110992e-05,0.000205693448599369,0.000393613113574621,0.000769629539555616,0.00144064382708164,0.0025899339061756,0.00447929062755031,0.00745074582268684,0.0118942614272624,0.0181621711197005,0.0264296204619406,0.0365363106158146,0.0478795874256357,0.059431918141789,0.0699101659986764,0.0780499354404604,0.0828865650081154,0.0839476570778192,0.0813139002045352,0.0755459072145017,0.0680857539078799,0.0575049846935743,0.0480189434393928,0.0403971960708881,0.0311505284179242,0.0275888482630674,0.0377966900941755
"19",1.80279272770188e-05,4.09541470344373e-05,9.4361597126337e-05,0.000191908945452018,0.00039358815909208,0.000769615275614006,0.00144063618732591,0.00258993008378922,0.00447928902873799,0.00745074488365951,0.0118942608998228,0.0181621708293946,0.0264296206390913,0.0365363142315876,0.04787962167119,0.0594322096325257,0.0699118182414443,0.0780578241154405,0.0829137761461015,0.0840239673014305,0.0814864608412917,0.0766974191731967,0.0669839835153132,0.0581477203150541,0.0511433546584826,0.0408248661149471,0.0379482336614503,0.0540573217771232
"20",6.81111759131457e-06,1.67613976254475e-05,4.09505090260786e-05,8.88325086869529e-05,0.000191903251953909,0.000393584999009325,0.00076961365146793,0.00144063542012526,0.00258992980221269,0.0044792888720248,0.00745074480394341,0.011894260894601,0.0181621715062586,0.0264296277231785,0.0365363728834316,0.0478800987486949,0.0594348633583328,0.0699243058308008,0.0781007920020114,0.0830323652869433,0.0842870714687961,0.0831441658411233,0.0751269922110536,0.067977874359363,0.062738886868051,0.0519219532966232,0.0507662207543931,0.0751729206326726
"21",2.42555356112643e-06,6.45268233480678e-06,1.67606100720005e-05,3.88865632483922e-05,8.88313191773432e-05,0.000191902609022496,0.000393584680925022,0.000769613509150047,0.0014406353749644,0.00258992977834106,0.0044792888671981,0.0074507449073177,0.0118942623574963,0.0181621853044425,0.0264297297077732,0.0365371486803399,0.0478842897672372,0.0594541657921411,0.0699902858596594,0.0782798227153561,0.0834220147038294,0.0866065400185612,0.0809736307445605,0.0766210096327099,0.0745400236817996,0.0640679179872756,0.0660452680771,0.101622648514402
"22",8.11691327944266e-07,2.3311209818931e-06,6.45252780993156e-06,1.60439461378799e-05,3.88863366247504e-05,8.88311995608433e-05,0.000191902551877177,0.00039358465663623,0.000769613502692186,0.00144063537215713,0.00258992979545357,0.00447928914041151,0.00745074792367808,0.0118942886488667,0.0181623616510951,0.0264309726935896,0.0365436284197321,0.0479133595167147,0.0595525635194314,0.0702526473603033,0.0788400862671451,0.0865759961881819,0.0836982530097148,0.0831550060432837,0.0857409933577806,0.0766867007378235,0.0835543276196889,0.133529755201296
"23",2.54513906957635e-07,7.88584613870081e-07,2.33109362079073e-06,6.22122210300526e-06,1.60439069873737e-05,3.88863164053674e-05,8.88311902652113e-05,0.000191902548373607,0.000393584657118431,0.0007696135083207,0.00144063543156384,0.00258993044942692,0.00447929512601787,0.00745079595609925,0.0118945857611449,0.0181643050126603,0.0264407307268177,0.036586180957424,0.0480557079870031,0.0599255486539483,0.071034483257087,0.0830074637710957,0.0827986401993935,0.0867895122065371,0.0954758173143852,0.0890417211543414,0.102794451481278,0.170521737012057
"24",7.45689145364848e-08,2.4927798657326e-07,7.8858030582792e-07,2.26177641139321e-06,6.22121652337401e-06,1.60439056199803e-05,3.88863204563092e-05,8.88312060475361e-05,0.000191902595794627,0.000393584794451607,0.000769613968689851,0.00144063760651703,0.00258994347052493,0.0044793824004957,0.00745128623733755,0.011897548180966,0.0181786012704879,0.0265012433848045,0.0367859283355764,0.0485701093719255,0.0609844109325418,0.0763847137032459,0.0782528967677471,0.0870494348748543,0.10296715378027,0.100328654580738,0.123004343114652,0.21162525377611
"25",2.0355772556274e-08,7.3474492340503e-08,2.49278910058687e-07,7.69327465859311e-07,2.26179679154877e-06,6.22128660779311e-06,1.60441229697553e-05,3.88869461699311e-05,8.88328931163006e-05,0.000191906887635479,0.000393595277039765,0.000769639706562088,0.00144070674390424,0.0025901806059642,0.00448032408813839,0.00745595146678826,0.0119183578565441,0.0182629042407433,0.0267742477390566,0.0374758190632055,0.0499641251117016,0.0676607898395893,0.0705900735019147,0.083926992735962,0.107693141115704,0.109809448041623,0.143216321693221,0.255232114802402
"26",5.16288233601393e-09,2.01526409055702e-08,7.35046701978431e-08,2.44444058722809e-07,7.69741154447923e-07,2.26316347123709e-06,6.22547400791095e-06,1.60560537519258e-05,3.89186453379029e-05,8.8911692111641e-05,0.000192091029769588,0.000394003191371559,0.000770509420576122,0.00144256893755631,0.00259438701324528,0.00449195528780356,0.00749310223912049,0.0120450138053758,0.0186441895201541,0.0276997248833125,0.0392946595373697,0.0581026341903368,0.060883117280626,0.0779960782993706,0.10955133406992,0.116962717388688,0.16230072128718,0.298987704584133
"27",1.22455079378529e-09,5.1848158535423e-09,2.04003926798026e-08,7.32767927517424e-08,2.47816625386909e-07,7.80854751733264e-07,2.29712894395145e-06,6.32196512005737e-06,1.63114386741037e-05,3.95500094730907e-05,9.03743382545206e-05,0.000195280396721633,0.00040059108541168,0.000783561101168553,0.0014677952101651,0.00264463661377841,0.00459982893087197,0.00775203557175699,0.0126765894640724,0.0200142667930014,0.030225363315612,0.0491899398153915,0.0507937077937926,0.0705692475295244,0.10901345370878,0.121585916093826,0.178800452046151,0.339131350891576
"28",2.96121464610539e-10,1.36105434266281e-09,5.78124614256355e-09,2.24157224786074e-08,8.13822540054358e-08,2.74607143395147e-07,8.63147323499584e-07,2.53250890732473e-06,6.95011828221995e-06,1.7878930909406e-05,4.32174274289708e-05,9.84483507614659e-05,0.000212088454337627,0.000433949678832654,0.000847357601605219,0.00158890621219191,0.00287985688265921,0.00508559293057437,0.00878250064873581,0.0147085264177405,0.0235422373557454,0.042122898446396,0.0420368546125468,0.0633229241454876,0.107066418662429,0.123964807055518,0.191476723862401,0.371758080705641
