"","X0","X1","X2","X3","X4","X5","X6","X7","X8","X9","X10","X11","X12","X13","X14","X15","X16","X17","X18","X19","X20","X21","X22","X23","X24","X25","X26","X27"
"1",0.0033289765280887,0.00359567620101285,0.00590168728480932,0.00816480699433971,0.0110834668675665,0.0149873163850778,0.018526606636368,0.0226380545510879,0.0270105843070504,0.031312318235668,0.0352845627355041,0.0390566250536745,0.0424046682015132,0.0453005315391157,0.0473568914415724,0.0487877471979537,0.0494877815182461,0.0494041984063221,0.0486268915521381,0.0472099996418323,0.0452284447589549,0.0427658188623895,0.0399518639717246,0.0369149504445215,0.0356552205037507,0.0342727342536063,0.0339425060581045,0.131799069867987
"2",0.00332889389158376,0.00359558814507376,0.00590154442323616,0.00816461306073967,0.0110832092894521,0.0149869757827642,0.0185261991716729,0.0226375743263192,0.0270100345975126,0.0313117116796495,0.0352839188967102,0.0390559600178853,0.0424040027280665,0.0452998854278427,0.047356291800538,0.0487872127848523,0.0494873303671777,0.0494038463386541,0.0486266486320787,0.0472098714111834,0.0452284322825237,0.0427659193588021,0.0399520710477337,0.0369152581979703,0.0356556206103078,0.0342733509222023,0.0339434062204515,0.131804628586995
"3",0.00332869114780598,0.0035953720919868,0.00590119388176851,0.00816413716345923,0.0110825771537323,0.0149861398134851,0.0185251989559447,0.022636395324564,0.0270086847702302,0.0313102219595237,0.0352823372168879,0.0390543257973742,0.0424023668771885,0.0452982965342798,0.0473548164170782,0.0487858970146097,0.0494862185721689,0.0494029774812354,0.0486260475722223,0.0472095519268394,0.045228397172527,0.042766161984506,0.0399525759108164,0.0369160110467085,0.0356566011455201,0.0342748657313465,0.0339456206499,0.131818318686268
"4",0.00332828492581345,0.003594939164709,0.00590049141391111,0.00816318337181229,0.0110813100527037,0.0149844638981573,0.0185231933521922,0.0226340306939303,0.0270059768399901,0.0313072324862114,0.0352791620468815,0.0390510437729428,0.0423990799384433,0.0452951020603064,0.0473518478849096,0.0487832470385891,0.0494839763794339,0.049401221566634,0.0486248282418008,0.0472088973230114,0.045228313455279,0.0427666364025857,0.0399535779684198,0.0369175128713933,0.0356585624393119,0.0342779062719631,0.0339500751005436,0.131845903038097
"5",0.0033275534776468,0.0035941595414423,0.00589922627475935,0.00816146532904036,0.0110790272422791,0.0149814440220142,0.0185195784392753,0.0226297674358648,0.0270010930365751,0.0313018388211322,0.0352734306489892,0.0390451162802252,0.0423931397494352,0.0452893245758851,0.047346473743018,0.0487784435573381,0.0494799050146146,0.0493980246525313,0.0486225975139422,0.0472076847060653,0.045228131331678,0.0427674631019128,0.0399553598899648,0.0369202014383524,0.0356620859853873,0.0342833936698334,0.0339581368750218,0.131895933645752
"6",0.00332632614738113,0.00359285119488823,0.00589710289784233,0.00815858125933325,0.0110751942658286,0.0149763723593245,0.0185135054994709,0.0226226027897756,0.026992882271698,0.0312927666036676,0.0352637848716097,0.0390351339292694,0.0423831282274729,0.045279578301814,0.0473373970853285,0.0487703183839255,0.0494730038412053,0.0493925883279341,0.0486187823132347,0.0472055803091909,0.0452277611580242,0.0427687934397337,0.0399583035046868,0.0369246801568596,0.0356679814405291,0.0342926265897716,0.0339717480323138,0.131980624797862
"7",0.00332437289015933,0.00359076866626489,0.00589372260289265,0.00815398896017416,0.0110690894723419,0.0149682926430712,0.0185038269967916,0.0226111797538459,0.0269797852719241,0.0312782875515852,0.0352483801875685,0.0390191794887314,0.0423671126081379,0.0452639702278405,0.0473228411663621,0.0487572652570619,0.0494618901693143,0.0493838011661223,0.0486125747455625,0.0472020998350331,0.0452270500106309,0.0427708029662928,0.0399629000015102,0.0369317455653477,0.0356773310420014,0.0343073673313476,0.0339935672310374,0.132116806191022
"8",0.00332139610843931,0.00358759428658948,0.00588856924380743,0.00814698607612193,0.0110597774465882,0.0149559645367374,0.0184890530802126,0.0225937346934458,0.0269597731319367,0.0312561497189927,0.0352248091488772,0.038994745792349,0.0423425596672985,0.045240012609705,0.0473004630708801,0.0487371569945786,0.0494447223579644,0.0493701702228955,0.0486028740361924,0.0471965625457916,0.0452257492647863,0.0427736734841604,0.0399697471669787,0.0369424008437017,0.0356915196206705,0.0343299134612607,0.03402709759736,0.132326823791653
"9",0.0033170219025217,0.00358292875057836,0.00588099377411444,0.00813668883131757,0.0110460802823289,0.0149378250057466,0.0184673042342483,0.0225680400658213,0.0269302798240761,0.0312235004827079,0.035190016333315,0.0389586438947041,0.0423062390174707,0.0452045234811034,0.047267254570798,0.0487072492528535,0.0494191092559767,0.0493497389728112,0.0485882153920833,0.0471880331669839,0.0452234712847593,0.0427775659261114,0.0399795395771599,0.0369578649928339,0.0357122633782381,0.0343631766587731,0.0340768335677887,0.132639598122749
"10",0.00331079381680566,0.0035762843269459,0.00587020305773782,0.00812201645344053,0.0110265563048177,0.0149119593899956,0.0184362752688563,0.022531360159607,0.0268881491409057,0.0311768248316563,0.035140228713572,0.0389069261479907,0.042254140099264,0.0451535389926207,0.0472194521425214,0.0486640903094913,0.049382022157034,0.0493200040203283,0.0485666939129421,0.0471752553226278,0.0452196345210451,0.0427825790697162,0.039993042781191,0.0369795650516946,0.0357416215436804,0.0344107455067779,0.0341483939168692,0.133091643039838
"11",0.0033021730161432,0.00356708490100278,0.00585525973713692,0.00810169054661794,0.0109994985529823,0.0148760984744027,0.0183932301766006,0.022480442902043,0.026829622504562,0.0311119281807578,0.0350709325293308,0.0388348563676603,0.0421814351200913,0.0450822689468497,0.0471524853067548,0.0486034628899459,0.049329731244238,0.0492778477167655,0.0485358953165527,0.0471565826050969,0.0452133973855271,0.0427886888574547,0.0400110409688104,0.037009095899588,0.0357819709984352,0.0344769020720964,0.0342485975140831,0.133727779268444
"12",0.00329054497577927,0.00355467294661685,0.00583509332725863,0.00807424966609861,0.0109629533930692,0.0148276420958522,0.0183350285827621,0.0224115486909136,0.0267503688666767,0.031023965222308,0.0349768984707553,0.0387369291856458,0.0420824903007983,0.0449850981037033,0.0470609660003812,0.0485203607925465,0.0492577692165559,0.0492194891975733,0.0484928357007094,0.047129909104303,0.0452035822429074,0.0427956691092744,0.0400342583202121,0.037048147234848,0.0358359429176287,0.0345665901543096,0.0343854782094231,0.134601517971063
"13",0.00327523066976422,0.00353832129263749,0.0058085190885076,0.00803807445296066,0.0109147531547014,0.0147637012819503,0.0182581743415781,0.0223205052806919,0.0266455443498834,0.0309075014578047,0.034852241335798,0.038606924694987,0.0419509119848544,0.044855620715412,0.0469387079429577,0.0484089911370812,0.0491609150969216,0.0491404492496003,0.0484339082425693,0.0470925997569038,0.0451885922077191,0.042802998439355,0.0400632607011952,0.0370984059884131,0.0359063310849235,0.0346853481159229,0.034568255988881,0.135775211945998
"14",0.00325550329478299,0.00351725080404439,0.0057742665172055,0.00799142587104217,0.0108525662360328,0.0146811635722039,0.0181588920059182,0.0222027956817687,0.0265098898665249,0.0307566168482526,0.0346905246279411,0.0384380097268372,0.0417796395809078,0.0446867206200079,0.0467787882780338,0.0482628141211423,0.0490332093311535,0.0490355389580239,0.0483548452901992,0.0470414271869199,0.0451663254060611,0.0428097558580846,0.040098337903579,0.0371614319671101,0.0359959673220736,0.0348391960381589,0.0348072465619174,0.137319850524045
"15",0.00323061159105366,0.00349065512678445,0.00573101934194213,0.00793249916366236,0.0107739682367103,0.0145767863369682,0.0180332371246946,0.0220536863394503,0.0263378753574113,0.0305650615453819,0.0344849212185524,0.0382228979069214,0.041561098274588,0.0444707103512133,0.0465736650579249,0.048074633604332,0.048868012848083,0.0488988837367121,0.0482507060064305,0.0469725234154339,0.045134093010556,0.0428145090676977,0.0401393679619641,0.0372385055555571,0.0361075601317359,0.035034466515819,0.0351136895660887,0.139314355606303
"16",0.00319980850268887,0.00345773117514251,0.00567746490855283,0.00785949071429385,0.0106765304678227,0.0144473133864478,0.0178772349488168,0.0218683894819453,0.0261238840189098,0.0303264568669234,0.0342284234427548,0.0379540623991444,0.0412874063244415,0.0441995252930954,0.0463153481761475,0.0478367378737677,0.0486581112861758,0.04872398581379,0.0481158943849541,0.0468813527885006,0.0450885486219819,0.0428152038792515,0.040185672394093,0.0373304562414236,0.0362435048696327,0.0352775857159699,0.0354994994047643,0.141844376618539
"17",0.00316238319503944,0.00341771326736346,0.00561234958132812,0.00777067328993092,0.0105579199211839,0.0142896071634982,0.0176870385385314,0.021642249300166,0.0258624250561107,0.0300345293644698,0.0339140903841694,0.0376239894908238,0.0409506260683207,0.0438649634828889,0.0459956164545983,0.0475410857648521,0.0483958623094406,0.048503826011341,0.0479442113671731,0.0467627125611334,0.0450256378231219,0.0428090655242253,0.0402358745247666,0.0374374848443545,0.036405678479972,0.0355748171447921,0.0359769498204794,0.145000619265896
"18",0.00311769478611057,0.0033699091752999,0.00553453736997604,0.00766447593113921,0.0104160058169492,0.0141007901779735,0.0174590988861389,0.0213709435234175,0.0255483656697249,0.0296833682259965,0.0335353226540614,0.0372254638357446,0.0405430504831778,0.043458964391087,0.0456062762563347,0.0471795358784999,0.0480733863723394,0.048231007933261,0.0477289468817964,0.046610769468527,0.0449405784006171,0.0427925240454424,0.0402877741469831,0.0375589929823726,0.0365952318934542,0.035931978803307,0.0365582988985086,0.14887670711173
"19",0.00306520648739789,0.00331373671408672,0.00544306957628555,0.00753956554648806,0.0102489689044583,0.0138783907410791,0.0171903413536002,0.0210506939601682,0.0251771753121268,0.0292676988772967,0.0330861578384537,0.0367518792589591,0.0400575204106205,0.0429739234301623,0.0451394605131024,0.0467441202251548,0.0476828049230548,0.0478979513096797,0.0474630212348695,0.0464191441492536,0.0448278851306594,0.0427611791272491,0.0403382545855916,0.0376934355079985,0.0368123944898609,0.0363541428090649,0.0372553553388864,0.153566522244362
"20",0.00300451920848655,0.00324875988555394,0.00533722389098555,0.00739492815043664,0.0100554108897206,0.0136204896834741,0.0168783447433068,0.0206784820569739,0.0247451782400513,0.0287831691601904,0.0325615838138023,0.0361975735799056,0.0394877726320733,0.0424030445265545,0.0445879731022032,0.046227370101305,0.0472165368844171,0.0474971483909192,0.047139192619646,0.0461810626954787,0.0446814603339348,0.0427098267073568,0.0403832445704136,0.0378382168353072,0.0370563085315666,0.0368453246396369,0.0380789769854435,0.159160877140825
"21",0.00293540503179761,0.0031747250414028,0.00521657374401062,0.00722995094202068,0.00983446574937086,0.0133258706238006,0.0165215265079672,0.0202522742041719,0.024249820604962,0.0282266561280742,0.0319578800500696,0.0355581999478513,0.038828833914269,0.0417407487061299,0.0439456994347689,0.0456227179753576,0.0466676799634569,0.0470215124134334,0.0467503617697765,0.0458896076916994,0.0444947830217038,0.0426325795194955,0.0404177649000709,0.037989656706682,0.0373249124712632,0.0374081594865484,0.0390384677647689,0.165743165685046
"22",0.0028578433519994,0.00309160009570576,0.00508105289683259,0.00704451216274142,0.00958592240840795,0.0129941866868708,0.0161193501958751,0.0197712766627845,0.0236899760771959,0.0275966216622671,0.0312730191939267,0.0348311710639914,0.0380775012737889,0.0409831825551158,0.0432081300931811,0.0449250246619162,0.0460305277861062,0.0464648699557899,0.0462900254171563,0.0455381191205309,0.0442612444236468,0.0425231252102138,0.0404360974176157,0.038143053707125,0.03761488929472,0.0380435450210403,0.040140799346799,0.173383332256625
"23",0.00277207317136355,0.00299963131449772,0.00493104905917325,0.00683911149530281,0.00931040303551257,0.0126262032074672,0.0156726281813237,0.0192363086393311,0.0230663946266715,0.0268936368199018,0.0305072622023603,0.0340163214588865,0.0372330631123099,0.0401289881307987,0.0423731618670442,0.0441313956293552,0.0453013824945517,0.0458227486976838,0.0457530183700512,0.0451208698266946,0.0439747361667856,0.0423752065446261,0.0404321353748416,0.0382928742953746,0.0379216715363446,0.0387501412155431,0.0413894066782114,0.18212817684796
"24",0.00267873814819642,0.0028995000715341,0.00476766126766476,0.00661522630281735,0.00900984675440655,0.0122244517542073,0.015184329805066,0.0186507886725394,0.0223828770421546,0.0261217389498364,0.0296646799871616,0.0331175796877886,0.0362990964760633,0.039181196675316,0.0414430405154106,0.0432431328925778,0.0444804696442857,0.0450942055461403,0.0451372078912176,0.0446345804421466,0.0436309417966446,0.0421836461818751,0.0404000957551339,0.03843308418898,0.0382393410853829,0.0395230861001887,0.0427812541809607,0.191978202184271
"25",0.00257945811227514,0.00279293843236671,0.00459370777854686,0.00637670036304012,0.008689385748788,0.0117957539958104,0.0146626775463498,0.0180244849101584,0.0216507030910213,0.0252934996220997,0.0287587737985419,0.0321490717082274,0.0352899416266455,0.0381539547755444,0.0404311505556749,0.0422724369344815,0.0435783836836239,0.044287840279495,0.0444489185840054,0.0440831105213533,0.0432311625120447,0.0419471842692471,0.0403362457298457,0.0385575731206443,0.0385596191411943,0.0403491169300941,0.0442966006393012,0.202809605589546
"26",0.00247908679675271,0.00268515794809219,0.00441769851136822,0.00613520795837825,0.00836471257562357,0.0113611132117952,0.0141332470406664,0.017388126439592,0.0209058245451205,0.0244496230579799,0.027834108062183,0.0311584895950872,0.0342553446784402,0.0370979542979686,0.0393874839762477,0.0412673200230897,0.0426397955660708,0.0434436322832796,0.0437223185242526,0.043493873799488,0.0427953063325412,0.0416776348512109,0.040243837272161,0.0386602536324326,0.0388667275650799,0.0411874820671424,0.0458606833766373,0.214087956011285
"27",0.0023919661965935,0.0025915750080523,0.00426483076666381,0.00592536949701574,0.00808244696940558,0.0109830403526099,0.0136723608978951,0.0168336839793478,0.020256204747268,0.0237128309269923,0.0270256867858557,0.0302911082246672,0.0333478138646777,0.0361697648209518,0.0384678675184266,0.0403790843896914,0.0418073933285567,0.042691525769418,0.0430710806243834,0.042961184666496,0.0423957219869324,0.0414231585279419,0.040144839159858,0.0387336942292753,0.0391219417722258,0.0419171983045718,0.0472396700630205,0.224096956621173
"28",0.00233631896078085,0.00253178791599501,0.00416715168680204,0.00579124977115299,0.00790197710532764,0.010741236338401,0.0133774525650222,0.0164787288400913,0.0198400744079451,0.0232405372276694,0.0265070555757741,0.0297341376276775,0.0327644404474625,0.0355723842102471,0.0378751295100867,0.0398055762023588,0.0412687971434751,0.0422035770713187,0.0426470790015533,0.0426126297195349,0.042132165502874,0.0412525734330365,0.0400742278971669,0.0387744328402826,0.039280477735025,0.0423840531121539,0.0481288204307237,0.230575927720028
