"","X0","X1","X2","X3","X4","X5","X6","X7","X8","X9","X10","X11","X12","X13","X14","X15","X16","X17","X18","X19","X20","X21","X22","X23","X24","X25","X26","X27"
"1",0.508057802562601,0.255465055605541,0.148630915316028,0.0527832539535517,0.0212310899330982,0.00861248676338834,0.00341767929939902,0.00121538074277732,0.000398004567666369,0.000126259678631425,4.0798389391351e-05,1.37481739436967e-05,4.8257027869701e-06,1.7345131829889e-06,6.27203242729798e-07,2.23668737182703e-07,7.7265943163398e-08,2.55047148983069e-08,7.96486046369592e-09,2.33641172679535e-09,6.40631622892221e-10,1.63711948467449e-10,3.89398555768404e-11,8.62181402872309e-12,1.77936025498049e-12,3.42972264154128e-13,6.18845186442282e-14,1.22298677560238e-14
"2",0.507996299493386,0.255444214659406,0.148631254419723,0.0527990569465342,0.0212491698400089,0.00862815759342218,0.00342955955889318,0.00122360575197639,0.000403302409955431,0.000129471095367679,4.26391353426968e-05,1.47508012467016e-05,5.34604960833509e-06,1.99212108552308e-06,7.48879541311301e-07,2.78469312086073e-07,1.00772533362601e-07,3.50919348824847e-08,1.16748654105361e-08,3.69516136602332e-09,1.11023116416472e-09,3.16371063487987e-10,8.54509203916933e-11,2.1850302527417e-11,5.2765536836911e-12,1.19847558729945e-12,2.54833495535891e-13,6.0276085329093e-14
"3",0.507847523742705,0.255393473600156,0.148631550713826,0.0528367799456385,0.0212926254859612,0.00866604434903336,0.00345847462518788,0.00124378378583452,0.000416423354221468,0.000137514179800484,4.73094171745414e-05,1.73324183634855e-05,6.70827254455776e-06,2.67911107073446e-06,1.08009934156517e-06,4.31073893844423e-07,1.67898527033814e-07,6.3241925746222e-08,2.29094470672604e-08,7.95315260803207e-09,2.63906719544007e-09,8.34966943284427e-10,2.51133133254223e-10,7.15353036424102e-11,1.92098221013402e-11,4.83801571840937e-12,1.13796494895199e-12,3.02237751280354e-13
"4",0.507555509318126,0.255292951525565,0.14863063802392,0.052909372860444,0.0213770993281193,0.008740320381602,0.0035157093223121,0.00128417977531995,0.000443047747489877,0.000154093986142832,5.71119508276436e-05,2.28622530180325e-05,9.69277809150637e-06,4.22210221316312e-06,1.84451119526992e-06,7.93842919324516e-07,3.32686018898475e-07,1.34805142170805e-07,5.25756197048858e-08,1.9670841063048e-08,7.03962065067671e-09,2.40245983385255e-09,7.79273933674495e-10,2.39341499698102e-10,6.9316789366228e-11,1.88492155957307e-11,4.79993878365939e-12,1.40576325078748e-12
"5",0.507043288273514,0.255114576447186,0.148625719958741,0.0530334579331153,0.0215233838035504,0.00887032770444848,0.00361709823925525,0.00135675290468932,0.000491679430500345,0.000184965047101859,7.57649163909427e-05,3.36421315899698e-05,1.56668832763267e-05,7.40071401217265e-06,3.46870851367739e-06,1.59064917713986e-06,7.07713980674049e-07,3.03967526170821e-07,1.25601484454797e-07,4.97917327088318e-08,1.88876601019298e-08,6.83713295820207e-09,2.35482924999759e-09,7.69183344614243e-10,2.37446953502538e-10,6.90332917603083e-11,1.88759575691718e-11,6.04672192849043e-12
"6",0.506210122760472,0.254820524648607,0.148611347987813,0.0532289706206702,0.0217575270760953,0.00908104921179754,0.00378374321181139,0.00147798672840078,0.000574474496371118,0.00023867654855401,0.000109017130976175,5.33789576755232e-05,2.6925233826637e-05,1.3578908329616e-05,6.73105804732454e-06,3.24773231501073e-06,1.51680634240481e-06,6.83331514226694e-07,2.96198465511374e-07,1.23258890567589e-07,4.9133621097197e-08,1.87175043625314e-08,6.79705743830387e-09,2.34635109293092e-09,7.67651931945444e-10,2.37352138571959e-10,6.93350739157622e-11,2.41463197237175e-11
"7",0.504930495965043,0.254362131586173,0.148578159896927,0.0535180695684837,0.0221101726185603,0.00940296159637912,0.00404231971434685,0.00166951056891127,0.000708023436208297,0.000327379897518757,0.000165383856054283,8.77959699176869e-05,4.71607399327283e-05,2.50448467896013e-05,1.29928647846275e-05,6.54248747799021e-06,3.18588803080647e-06,1.49663338496492e-06,6.76949786507989e-07,2.94281561020884e-07,1.22721303843518e-07,4.89946841513091e-08,1.86848678988492e-08,6.79039342184671e-09,2.34551427341865e-09,7.68261511496991e-10,2.38786879244966e-10,8.99106463069538e-11
"8",0.503056420521533,0.253679876829195,0.148511482274436,0.0539230082721097,0.0226146984015732,0.00987082410444291,0.00442457597499932,0.00195819411759562,0.000913855639511551,0.000467549682797015,0.000256922679369771,0.000145352595473458,8.20680480523812e-05,4.54781627319229e-05,2.45365759459832e-05,1.28339180733082e-05,6.49148211708613e-06,3.16948634282224e-06,1.49148654047338e-06,6.75409465065107e-07,2.93849979588872e-07,1.22609797558106e-07,4.8969050119967e-08,1.86808367243966e-08,6.79164192883201e-09,2.34888225205487e-09,7.74016941121439e-10,3.13483510555302e-10
"9",0.500420361478927,0.252703653650803,0.148390013920164,0.0544638529557232,0.0233050433493118,0.0105220708609642,0.00496643625408398,0.00237591914169976,0.00121873634531918,0.0006806221339883,0.000400035072991525,0.00023806535479795,0.000140087018533049,8.05651523366449e-05,4.50385662384116e-05,2.44033016456495e-05,1.27922054094107e-05,6.47829598686656e-06,3.16538929827429e-06,1.4902653781742e-06,6.75067722548783e-07,2.93762336589336e-07,1.22592350208431e-07,4.89715952745293e-08,1.86897803854941e-08,6.80535853655066e-09,2.36986801987977e-09,1.02738172379473e-09
"10",0.496840334390977,0.251353977697277,0.14818479170989,0.0551558612874755,0.024212897520246,0.0113944342231876,0.00570633045669188,0.0029586738394524,0.00165444609276652,0.000993300744517005,0.000616110551211875,0.000382312343042442,0.000233224914989712,0.000138742751905394,8.01845022061928e-05,4.49270279817075e-05,2.43694480585693e-05,1.27817588204383e-05,6.47510422217505e-06,3.16444692013895e-06,1.49000470336028e-06,6.75004926904451e-07,2.9376121913684e-07,1.22616922848131e-07,4.90087161156199e-08,1.87396671338205e-08,6.87600866418597e-09,3.1759882617372e-09
"11",0.492129076133605,0.249544904844371,0.147858651368163,0.056006282604932,0.0253638855750683,0.0125224002992123,0.00668235726673202,0.00374459711145124,0.00225670112661358,0.00143723180433449,0.000931773188223923,0.000599445046494979,0.000377843984063368,0.000232012325997005,0.000138409356230163,8.00901918177401e-05,4.48994628825986e-05,2.43612438429481e-05,1.27793308358611e-05,6.47440437156301e-06,3.16426481632011e-06,1.48997769636427e-06,6.75050431808132e-07,2.93861064896307e-07,1.22750549454143e-07,4.9175786936297e-08,1.89603159217879e-08,9.2900873952657e-09
"12",0.486105991736162,0.247188343618787,0.14736641827443,0.0570111843985097,0.0267733582570259,0.0139329731633338,0.00792856719814548,0.00477107415133914,0.00306316878591591,0.00204790954478189,0.00137854991961978,0.000916031084883873,0.000595271261211926,0.000376726214392846,0.000231710696330165,0.00013832638414996,8.00668679841293e-05,4.4892851148453e-05,2.43593975321086e-05,1.27788300206702e-05,6.47431234126363e-06,3.16431586632302e-06,1.49016991062329e-06,6.75394351248881e-07,2.9430118524181e-07,1.2326941981698e-07,4.98160414239677e-08,2.57851718183716e-08
"13",0.478608928484111,0.244198847022147,0.146656012596759,0.0581532894704625,0.0284428933649898,0.0156416950010682,0.0094710540105596,0.00607129758181522,0.00411075189065527,0.002862804184576,0.00199184050178958,0.00136355720166391,0.000912058822734805,0.000594205933409281,0.00037643907206711,0.000231632661949928,0.000138305146716313,8.00612084127433e-05,4.48914457894305e-05,2.43590903368159e-05,1.27789045936847e-05,6.47458703728551e-06,3.16496048151647e-06,1.49125207453603e-06,6.76735322758242e-07,2.95797313507262e-07,1.24994185662963e-07,6.80769694629458e-08
"14",0.469505354537212,0.240498739880778,0.145670503588194,0.0594010320561245,0.0303578059121972,0.0176492492447282,0.0113241469998661,0.00767050113772613,0.00543223473059423,0.00391868797220953,0.00280906700881293,0.00197740932972528,0.00135969121365209,0.000911004269710069,0.000593916958099913,0.000376360244650633,0.000231611771305341,0.000138300071852975,8.00603092436173e-05,4.48914755532422e-05,2.43596089036061e-05,1.27798406464729e-05,6.47653610931237e-06,3.1681084771716e-06,1.49503524033031e-06,6.80732033881647e-07,3.00094517676711e-07,1.71331827228449e-07
"15",0.458702900102635,0.236023488422243,0.144351013432247,0.0607088061150591,0.0324857683732375,0.0199388626151686,0.0134869806222712,0.00958213315415289,0.00705248871109229,0.00524825094105826,0.0038669796571053,0.00279500967394993,0.00197355851535221,0.00135860908786321,0.000910699159810635,0.000593832791849179,0.000376338732979555,0.000231607503925043,0.000138300247796618,8.0061206977024e-05,4.48932216708842e-05,2.43623499556738e-05,1.27852284801523e-05,6.48498422983454e-06,3.17795322712922e-06,1.50486645567915e-06,6.90546797366165e-07,4.11782399569121e-07
"16",0.446157941756677,0.230726724733247,0.14264026716888,0.0620185777308657,0.034776912014472,0.0224749926196931,0.0159409728716265,0.0118044770826432,0.0089846612384574,0.00687630313930553,0.00519826862383558,0.00385311971427939,0.00279109190046247,0.00197241582565687,0.00135827663846741,0.000910607135353583,0.000593811263664147,0.000376336843294124,0.000231610484664462,0.000138303376834228,8.00659637038546e-05,4.49002492448319e-05,2.43758161835568e-05,1.28059409385265e-05,6.50838898761295e-06,3.19993310061447e-06,1.52503197500004e-06,9.4651347767663e-07
"17",0.431880960417677,0.22458430337407,0.140486484423939,0.0632628923124592,0.0371656433948733,0.0252036855627742,0.01864869871722,0.0143182463671102,0.0112268526348377,0.00881598626368888,0.00682777829500779,0.00518445884884136,0.00384907090482912,0.00278986598147493,0.00197205119485151,0.00135817879209318,0.000910589811424769,0.000593816200902134,0.000376346435747738,0.000231618153167323,0.000138313799078962,8.00809536725329e-05,4.4929723845202e-05,2.44212252153107e-05,1.28557440868365e-05,6.55181504789252e-06,3.23560865828812e-06,2.08304339635399e-06
"18",0.415938245014688,0.217597023958193,0.137847240558258,0.0643689950190597,0.0395740498795631,0.0280546683357045,0.0215544049149476,0.0170855409658182,0.0137597457592169,0.0110654631915549,0.00876872688019604,0.00681392509160713,0.00518024768870083,0.00384775913707256,0.00278947770501609,0.00197195918933627,0.00135817665409457,0.000910609900977739,0.000593836930673875,0.000376357940668902,0.000231632449275939,0.000138335580221463,8.01328857383496e-05,4.50144461915176e-05,2.4511696320146e-05,1.29263789112395e-05,6.59945887593836e-06,4.39238910698064e-06
"19",0.398450122876881,0.20979187164343,0.134692925751599,0.0652635998034742,0.0419165191144415,0.030944980481992,0.0245861874836815,0.0200503881346355,0.0165455655597883,0.0136055478771443,0.0110194009312653,0.00875482303922111,0.00680957687245628,0.00517888492124702,0.00384738091055683,0.00278941866056504,0.00197198913458582,0.00135821598160264,0.000910631450578443,0.000593825661817575,0.000376342532245908,0.000231625173850921,0.000138386932073398,8.02486170274372e-05,4.51360657937409e-05,2.45836232668788e-05,1.29434856210285e-05,8.87727914761595e-06
"20",0.379586074536798,0.201221741962671,0.131009509981831,0.0658778575355917,0.0441051451244211,0.0337838436371231,0.027659711871254,0.0231409501840206,0.0195286388445926,0.0163986876120215,0.0135608109600786,0.0110055837362102,0.0087504641814164,0.00680826523068244,0.00517858892399807,0.00384739214677856,0.00278947793953504,0.00197200105707237,0.00135814663401097,0.000910460322167724,0.000593619569118436,0.000376134633052838,0.000231526250928467,0.000138412812012148,8.02827817322058e-05,4.50676027957426e-05,2.44081874132095e-05,1.71957406615751e-05
"21",0.359557506533542,0.191963843152992,0.126800460332215,0.0661521053071944,0.0460554473531727,0.0364783541292211,0.0306831991560463,0.0262733076834121,0.0226376633738954,0.019389589801423,0.0163557360803254,0.0135474718138206,0.0110015202570253,0.00874941360517831,0.00680815896322854,0.00517866647871535,0.0038473560878938,0.00278921279073772,0.0019714698998729,0.00135733244602181,0.000909517341837411,0.000592637561139945,0.000375353309798932,0.000230992959087353,0.000137914329870713,7.96152078962906e-05,4.42379731755699e-05,3.19160712497679e-05
"22",0.338609475303003,0.182117268381246,0.122087867955207,0.0660400804441594,0.0476919507575862,0.0389395304397875,0.0335632800020312,0.0293565562384009,0.0257896031404071,0.0225076022036432,0.0193494404423344,0.0163436887541201,0.0135442862397684,0.0110010600559431,0.00874955567300125,0.00680807101591987,0.00517799831117149,0.00384597310742173,0.00278709688864535,0.00196864508219551,0.00135414836793423,0.000906206745204878,0.00058970765628855,0.00037293810447209,0.000228734795280032,0.000135466934377736,7.7023552380871e-05,5.6743408057816e-05
"23",0.317014379157754,0.171801198030001,0.116913523779568,0.0655126587718461,0.0489533907613841,0.0410883252357601,0.0362112648938407,0.0322987825580369,0.0288948574808378,0.0256706214056177,0.0224719821301987,0.0193399265974609,0.0163420789227776,0.0135445232360122,0.0110009318250155,0.00874813010820897,0.0068049376124455,0.00517303315923373,0.00383925136304042,0.00277879261805685,0.00195952555478128,0.00134477598633511,0.000897616870617555,0.000582240086175385,0.000366041863568928,0.000221862354694271,0.000128751400692173,9.65962360262938e-05
"24",0.295081170588327,0.161160743739797,0.111344214351458,0.0645627783502628,0.049798128764269,0.0428615330860403,0.0385492853709191,0.0350130075877162,0.0318625170310609,0.0287891514645322,0.0256406191218158,0.0224648147928779,0.0193383701833979,0.0163401303892446,0.0135398967361123,0.0109926413525649,0.00873579967092791,0.00678861762721943,0.0051531283506177,0.00381637269438614,0.00275456333707208,0.00193520281714452,0.0013223669054656,0.00087787318805109,0.000564358749179467,0.000349184435581216,0.000206300674695698,0.000157228639251573
"25",0.27323792049961,0.150410426692646,0.105499697496509,0.0632191234885692,0.0502130485832835,0.0442182878898996,0.0405150367541394,0.0374201272921944,0.0346012194236731,0.0317646864302928,0.0287553573113231,0.0256224141375808,0.0224462193861575,0.0193138299621979,0.0163077982436317,0.0134993255759061,0.0109441576897775,0.00868036596365918,0.00672774867354645,0.00508863916789544,0.00375160053496493,0.0026921005233217,0.00187864994750048,0.00127308815116402,0.00083459882799379,0.000525665390351776,0.000315341357673611,0.000243524604524452
"26",0.252410624447947,0.140030241110938,0.0996733112487499,0.0615962822731713,0.0502371099299349,0.0451486150288408,0.0420592732457338,0.0394366495646997,0.0369976444818022,0.0344592645747344,0.0316600130292891,0.0286455321916498,0.0254949547679553,0.0222987265850448,0.0191479199924581,0.0161267197729958,0.0133072398467493,0.0107458920491501,0.00848115878831249,0.00653273872098131,0.00490454847818386,0.00358324343226646,0.00254503983977184,0.00175437926164341,0.00116871874611146,0.000746792809182903,0.000453488601857376,0.00035387717983242
"27",0.235119245955281,0.131330099435739,0.0946747390357539,0.0600301673722197,0.0500167176793507,0.0456828161296139,0.0431212021776126,0.0409207163140473,0.038835704813398,0.0365899720573838,0.0340147202455993,0.0311496624693057,0.0280697515542567,0.0248651595903317,0.02163133955763,0.0184612213401276,0.0154393575654328,0.0126372371579404,0.010109679355887,0.00789242985617512,0.00600445959884039,0.00444414628444365,0.00319657910588184,0.00223027766032463,0.00150250798564266,0.000969690160462626,0.000593772419200857,0.000466627122104103
"28",0.224369298484311,0.125889995309007,0.0915056153716572,0.0589727175516821,0.0497870426777031,0.0459223587879091,0.0436949490767072,0.0417676839114107,0.0399169591857139,0.0378701138730332,0.0354530911749923,0.0327007946525068,0.0296843527339224,0.0264925309592205,0.0232223886897993,0.0199714061152643,0.0168313143476126,0.0138828147055198,0.0111911199154864,0.00880253149406663,0.00674626156666174,0.00502893654443797,0.00364217033706489,0.00255781822329368,0.00173356475276395,0.00112475503922744,0.000691763178328442,0.00054565134068322
