"","X0","X1","X2","X3","X4","X5","X6","X7","X8","X9","X10","X11","X12","X13","X14","X15","X16","X17","X18","X19","X20","X21","X22","X23","X24","X25","X26","X27"
"1",0.744111629917805,0.173226059244151,0.0569457858084451,0.0173342308785211,0.00574608345775878,0.00164209062614725,0.000614026483323268,0.000233029874780252,9.06102893522449e-05,3.60866251250948e-05,1.36034030348124e-05,4.71720376536894e-06,1.48621885706916e-06,4.21554675333979e-07,1.07350373270369e-07,2.4684881565358e-08,5.1730137341095e-09,9.9368101493081e-10,1.7730528928243e-10,2.97307234742255e-11,4.57627337078418e-12,6.17942693958072e-13,7.11434172836373e-14,6.83538542345881e-15,5.33024768439513e-16,3.27076089680686e-17,1.53067362476296e-18,5.41772801640347e-20
"2",0.743754498842724,0.173229752114483,0.0570136240644275,0.0174175823646825,0.00581760872590194,0.00169471911686782,0.000648363187780637,0.000253726411570855,0.000102231162384101,4.21888491756688e-05,1.66065138637495e-05,6.09923339825824e-06,2.07839495556891e-06,6.56508966283162e-07,1.93120118171846e-07,5.32879737358803e-08,1.38217930260246e-08,3.34610927466001e-09,7.47997207173585e-10,1.52159719459747e-10,2.76069663359234e-11,4.38205667156438e-12,5.99608735401387e-13,6.96244272579292e-14,6.71996140177515e-15,5.25375454992198e-16,3.2315482479922e-17,1.57025387079642e-18
"3",0.742908915908703,0.173234984732816,0.0571703242046906,0.0176124483237537,0.00598651070585896,0.00182050307844441,0.000731689359924205,0.000304863622837519,0.000131549727717475,5.79577013180825e-05,2.4581686613392e-05,9.8862410078935e-06,3.76127226776818e-06,1.35343897168071e-06,4.60770712067351e-07,1.48082987990903e-07,4.4598532035957e-08,1.24449812027159e-08,3.17921219066727e-09,7.34481053437816e-10,1.51525696343508e-10,2.75826861823751e-11,4.38066596981975e-12,5.99561506126799e-13,6.96236142417476e-14,6.71996743949594e-15,5.25379074207361e-16,3.38760674761419e-17
"4",0.74129982688123,0.173235276481793,0.0574577439386313,0.0179762504855684,0.00630638834361968,0.0020628243984497,0.000895687539938367,0.00040805709808095,0.000192429976438843,9.17750260778144e-05,4.23114547225071e-05,1.86512579242453e-05,7.83756146051096e-06,3.13123603102373e-06,1.18510944473957e-06,4.22545072344311e-07,1.40812182527222e-07,4.34595216389301e-08,1.23076474733967e-08,3.16806215973405e-09,7.33952646426801e-10,1.51507105889699e-10,2.75820293560429e-11,4.38066442450324e-12,5.99561389378549e-13,6.96238524880337e-14,6.72011004007722e-15,5.58873064911111e-16
"5",0.7385848990693,0.173215296194144,0.0579199461457472,0.018574732926574,0.00684199924983256,0.00247713666503547,0.00118343152603949,0.000594609328465167,0.000306261686352811,0.000157410687173641,7.81558390235999e-05,3.71795771286625e-05,1.688715407223e-05,7.29766338651644e-06,2.98772731801784e-06,1.15265396641749e-06,4.16362796570767e-07,1.39827357945173e-07,4.33347662458784e-08,1.22961462394433e-08,3.16731207431981e-09,7.33912119097765e-10,1.51505700522022e-10,2.75820320047789e-11,4.38066180004114e-12,5.99568002302253e-13,6.96277993046097e-14,7.26834797855485e-15
"6",0.734364758488993,0.173147088341093,0.0585972730633078,0.0194761569791283,0.0076652259962291,0.00312915516328911,0.00164954827169189,0.00090697124528233,0.000504015970867642,0.000276112652858818,0.00014584007900951,7.38223300407833e-05,3.56961077445444e-05,1.64346348455932e-05,7.17770107640498e-06,2.96060109335859e-06,1.14744606822191e-06,4.15511207994314e-07,1.39712809868221e-07,4.33228486398119e-08,1.22952004700422e-08,3.16725371522183e-09,7.33910110128479e-10,1.51505754906539e-10,2.75819790233638e-11,4.38079620476814e-12,5.99647807211212e-13,7.66788631082515e-14
"7",0.728204584519692,0.172986763395623,0.0595189656319913,0.0207429353858738,0.00884813088426256,0.00409030553004043,0.00235821719923171,0.00139881460442764,0.000827667839680659,0.000478645813628854,0.000266538561095567,0.000142282495641942,7.26100373994678e-05,3.53274440869261e-05,1.63371253733986e-05,7.15564917822765e-06,2.95633570403769e-06,1.14673248866069e-06,4.15410681354374e-07,1.39701556138939e-07,4.33218892653595e-08,1.22951425826684e-08,3.16725118896981e-09,7.33910954490576e-10,1.5150494835748e-10,2.75840464461858e-11,4.38201302629663e-12,6.72953814567117e-13
"8",0.719671471359574,0.172672427633735,0.0606943877215279,0.0224204328233752,0.0104525742269214,0.00542964595780175,0.00337803154186616,0.00213269557311817,0.00133008985385959,0.00080662422732197,0.000470871726544296,0.000263680780551482,0.000141312858421121,7.23154869075336e-05,3.52494598212826e-05,1.63194054772592e-05,7.1521764318586e-06,2.95573878940594e-06,1.14664467545618e-06,4.15400330528295e-07,1.39700662201053e-07,4.33218448900852e-08,1.22951318648425e-08,3.16726148020385e-09,7.33901403584372e-10,1.51529787238678e-10,2.75984610360022e-11,5.01383584729139e-12
"9",0.708365781728668,0.172124444633174,0.0621079140022045,0.0245288908779354,0.0125213570070065,0.00720563249796215,0.00477549346186103,0.00317587375754635,0.00207325659200097,0.00131268742317781,0.000800377096936061,0.000468615882610844,0.00026291927550734,0.000141081263001098,7.22538501303132e-05,3.52353039598235e-05,1.63165739752496e-05,7.15167338101097e-06,2.95566143650944e-06,1.14663513819662e-06,4.1539954234995e-07,1.39700669143661e-07,4.33217520927412e-08,1.22952334796121e-08,3.16717073501821e-09,7.34141696017703e-10,1.51666308936816e-10,3.22053027891107e-11
"10",0.693951357223362,0.171248262440626,0.0637168076146573,0.0270578312286946,0.0150705833519471,0.00945763544887734,0.00660700598076848,0.00459390114057261,0.00312410010961667,0.00205871641880701,0.00130768963783878,0.000798636648604183,0.00046803510070436,0.000262742748497847,0.000141034060588867,7.22429053805543e-05,3.52330753288243e-05,1.63161668676811e-05,7.15160852013394e-06,2.95565317881383e-06,1.1466347993422e-06,4.1539989772799e-07,1.39699944293714e-07,4.33225868948452e-08,1.2294522086945e-08,3.16909224214474e-09,7.35201041371208e-10,1.80511766002909e-10
"11",0.676192837012664,0.169939610558622,0.0654503314147445,0.0299611669455368,0.0180821735470027,0.0121968293745371,0.00890935876610976,0.0064419525922761,0.00454771391794317,0.00311148306049115,0.00205465676504038,0.00130637648059689,0.000798210094381644,0.000467906310488369,0.000262708285085759,0.000141026041454495,7.22412570769095e-05,3.52327693223351e-05,1.63161171527937e-05,7.1516023686944e-06,2.95565537508034e-06,1.1466374536572e-06,4.15395122641552e-07,1.39705763709129e-07,4.33178834540536e-08,1.23074724980937e-08,3.17594284035702e-09,8.92084526484414e-10
"12",0.654990727255084,0.168091877556823,0.0672115141349183,0.0331551401074084,0.0214987778464532,0.0153986014658102,0.0116905477958072,0.00875525467861119,0.00639864036623,0.0045358277646213,0.00310797335869264,0.00205366153404384,0.00130606970667039,0.000798118661599919,0.000467881800494732,0.000262702556383162,0.000141024852021227,7.22410363583167e-05,3.5232734963163e-05,1.63161157217248e-05,7.15161874945138e-06,2.95567128276921e-06,1.14661067378166e-06,4.15430016098829e-07,1.39679097350451e-07,4.33924268435549e-08,1.23447326588571e-08,3.92429937560198e-09
"13",0.630397594063863,0.165605207931952,0.068884029020504,0.0365225641791098,0.0252245196705785,0.018999546103741,0.0149235261936237,0.0115406937569703,0.00871171559312997,0.00638615413730341,0.00453245393541317,0.00310718644360882,0.00205344015475226,0.00130600510826315,0.000798101195873605,0.000467877671431011,0.000262701684596647,0.000141024713254965,7.22410308699659e-05,3.52327567592102e-05,1.6316204504527e-05,7.1517013998529e-06,2.95554200241159e-06,1.14679239225351e-06,4.15298343830919e-07,1.40049020937001e-07,4.3563268791488e-08,1.55034628715906e-08
"14",0.602617335656295,0.162396101163743,0.0703425253609087,0.0399220261833292,0.029130958121009,0.0228992341267101,0.0185437386896557,0.0147708528274416,0.0114937990535301,0.00869732378885138,0.00638254197726439,0.00453179014054958,0.00310702538320293,0.00205339507977838,0.00130599277659443,0.000798098285985693,0.000467877066875523,0.000262701743652156,0.000141024835521669,7.22411835447767e-05,3.52331744197958e-05,1.63165825736664e-05,7.15115734698997e-06,2.95636957911843e-06,1.14621566696967e-06,4.16892629091775e-07,1.40706060225866e-07,5.54572736686534e-08
"15",0.57199421899472,0.15840607025758,0.0714636863904857,0.0431993459044788,0.0330663960131838,0.0269659237874495,0.022450573339907,0.018381330384574,0.0147176585215145,0.011476298710983,0.00869315451158553,0.00638194032462834,0.00453167262408434,0.00310699526416937,0.00205338681251786,0.00130599110724313,0.000798098100775281,0.000467877949481977,0.000262702491819839,0.000141025640500365,7.22429293216958e-05,3.52347040606083e-05,1.63145511900092e-05,7.15446456158403e-06,2.95407752269218e-06,1.15221413659996e-06,4.18971601358453e-07,1.80955915757942e-07
"16",0.538991690085773,0.153608226801348,0.0721368353311649,0.0462001665856567,0.0368677210255635,0.0310458951408462,0.0265129830581635,0.0222721375993784,0.0183192429131459,0.0146960011725192,0.0114713079681544,0.00869256985897263,0.00638185404695741,0.00453165439430779,0.00310699059547607,0.00205338735809507,0.00130599229493296,0.000798102485065035,0.000467881451932067,0.000262706096463219,0.000141032143336268,7.22483814237047e-05,3.52277943728875e-05,1.63261319976647e-05,7.14598272429283e-06,2.97381631823635e-06,1.15730453229693e-06,5.42181371393458e-07
"17",0.50416128730854,0.14801100428385,0.0722732363421947,0.0487826255107995,0.0403737380891802,0.0349756240207992,0.0305789534759082,0.0263134095018863,0.0221991293694986,0.0182926168922423,0.0146899930890705,0.011470710653544,0.00869250792649861,0.0063818477118611,0.00453165507668216,0.00310699817752216,0.00205339437959488,0.00130601021438996,0.0007981166027047,0.000467895363309471,0.00026272755684318,0.000141048986447896,7.22261651937895e-05,3.52630051562452e-05,1.62961922195389e-05,7.20254998027426e-06,2.98122004070262e-06,1.50033403384861e-06
"18",0.468105940537004,0.141658609398612,0.0718129401816714,0.0508284286845219,0.0434381738696556,0.0385951463521634,0.0344876156216101,0.0303548482551774,0.0262282360152587,0.0221670535987187,0.0182854906452868,0.014689379459403,0.0114706813148364,0.00869252517084503,0.00638186541595751,0.00453168894856093,0.00310702879039964,0.00205345896829917,0.00130605999491747,0.000798162811189755,0.000467957156323949,0.000262770902381098,0.000140978713461655,7.23169604020384e-05,3.51607508051497e-05,1.64351895069029e-05,7.19280015673457e-06,3.85349286644927e-06
"19",0.431443202568614,0.13462828606758,0.0707283240868353,0.0522508160915031,0.0459404965085556,0.041760674771171,0.0380822826085568,0.0342376530873977,0.0302571941841483,0.0261906371258231,0.0221588402383812,0.0182849129829706,0.0146894369861472,0.0114707745689618,0.00869260880812296,0.00638199256494343,0.00453180425372765,0.00310723661648215,0.00205361277535429,0.00130619083846273,0.000798313356324998,0.000468040656042757,0.000262547320908028,0.000141165916954494,7.1979561599732e-05,3.5441706343756e-05,1.63091953775082e-05,9.22455270189103e-06
"20",0.394771812513108,0.12702497460536,0.0690243725395984,0.0529989067372327,0.0477935055609793,0.0443549881819022,0.0412227364144004,0.0378073813348497,0.0341282323048972,0.0302144990349952,0.0261815844566159,0.0221584952923441,0.0182852482629112,0.014689785922749,0.0114710922926682,0.00869303464688201,0.00638237519697998,0.00453240370588761,0.00310765277008956,0.00205392281491564,0.00130648175764669,0.000798383383446047,0.00046733489201573,0.000262800943211643,0.00014010716139383,7.23915163791046e-05,3.48437040504592e-05,2.06520524819703e-05
"21",0.358644212270472,0.118974241418216,0.0667361658430558,0.0530584854720536,0.0489472594842692,0.0462946219552271,0.0437953510484327,0.0409261238339804,0.0376880624069366,0.0340815496262936,0.0302052805870599,0.0261820363639076,0.0221596597021833,0.0182863733066713,0.014690825891201,0.011472367122353,0.00869415712957142,0.00638392879735441,0.00453338894031284,0.00310824496977635,0.00205428752791151,0.00130619038828951,0.000796255817116968,0.000467275050591638,0.000259707999728905,0.000140286452330246,7.02864346753478e-05,4.33741600194852e-05
"22",0.323547211924595,0.110614525971713,0.0639242723588638,0.0524496857850202,0.049389445609467,0.047533478549509,0.0457201364337658,0.0434826364068827,0.0408001991524487,0.0376395685183554,0.0340737080711544,0.0302079214068987,0.026185391651555,0.0221628412745733,0.0182893249388413,0.0146942099649964,0.0114752621008656,0.00869775783628795,0.0063859385788153,0.00453417959235283,0.00310811798111982,0.0020524112125253,0.00130024697558051,0.000794462736482431,0.000458983720135878,0.000258269936152436,0.000134110311955259,8.57009990782487e-05
"23",0.289893277530665,0.102090326978737,0.0606693026518169,0.0512226894239147,0.0491430669884919,0.0480633194819241,0.0469546075724615,0.0453997299412555,0.0433555048969168,0.0407539345244981,0.0376363335634913,0.0340815243993375,0.03021630592729,0.0261932025228198,0.0221699802744713,0.0182970531553556,0.014700501883403,0.0114823922029362,0.00870086142908252,0.00638578146299046,0.00453131456953942,0.00310108346935901,0.00203699802018298,0.00129270210857645,0.000774009765680658,0.000452135445210389,0.000242385217570465,0.000159674592012529
"24",0.258034685477559,0.0935515674437283,0.0570691060629427,0.0494544806133259,0.0482641737336334,0.0479134195139188,0.0474961224208849,0.046639752746332,0.0452808979976354,0.0433190918526928,0.0407614926686858,0.0376545934889215,0.0340992689365946,0.0302319116111837,0.0262064813754847,0.0221832154729714,0.01830621171917,0.0147097513296544,0.0114823156060632,0.00869312978664026,0.00637154878017134,0.00450836989316576,0.00306242891759278,0.00201288281492831,0.00124512704053936,0.00075240295682871,0.000414911938596416,0.000280657800145872
"25",0.228359361608246,0.0851799378334111,0.0532508337224092,0.0472565774326132,0.0468485515282306,0.0471572635190359,0.0473892669177021,0.0472130686834802,0.0465490908260798,0.0452693124498667,0.0433474600336691,0.0407954072351854,0.0376818129669994,0.034117369491059,0.0302407509103513,0.0262103205484192,0.0221752112367781,0.018294274776534,0.0146778285077749,0.0114347297811151,0.00863302691115835,0.00629668320893314,0.00440852504235892,0.00299061068210866,0.00190404001444976,0.00118541630831438,0.000669841388532672,0.000463426435174561
"26",0.201707869958719,0.0773221840851739,0.0494426016683783,0.0448283860491858,0.0450776895955614,0.0459526458825114,0.0467601235253599,0.04720588179775,0.0471992052036237,0.0465911310792093,0.0453256366071504,0.0433815085994301,0.0407932030017966,0.0376403109831269,0.0340380880374919,0.0301332780347279,0.0260671057623858,0.0220137917245199,0.0180936698721058,0.0144516008874015,0.0111935723343993,0.00837883534099774,0.0060182175392027,0.00419245828438183,0.00273362477195767,0.0017441537817669,0.00100517810142891,0.000708047490246449
"27",0.180579619882947,0.070882713825122,0.0461878116649415,0.0426185664891297,0.0433573260073348,0.0446602981122336,0.0459135230056078,0.0468528834126522,0.0473814679763305,0.0473368207006341,0.0466402686969248,0.0452439988562194,0.0431528317866627,0.0404172371453957,0.0371280526144952,0.0334163966540756,0.0294081369930695,0.0252844570714891,0.0211652530688382,0.01722305884613,0.0135949050775019,0.0103707619073298,0.00758729913944977,0.00538672646294808,0.00357165185823045,0.00231814853846995,0.00135417527041836,0.000965608935409421
"28",0.167814207155505,0.0669125934660343,0.0441319173229113,0.0411748834941605,0.0421965298892344,0.043749055173626,0.0452662319215163,0.046502440110731,0.0473581466830756,0.0476640983129704,0.0473284770562672,0.0462874816232066,0.0445272777657182,0.0420792077390131,0.0390172211747737,0.0354605480962913,0.0315220031389278,0.0273847477677538,0.0231645873687708,0.0190501441957029,0.0151972802862156,0.0117153564485776,0.00865790056298596,0.00621056626545461,0.00415513101952013,0.00272158627731677,0.00160125092260197,0.00114912876112815
