"","X0","X1","X2","X3","X4","X5","X6","X7","X8","X9","X10","X11","X12","X13","X14","X15","X16","X17","X18","X19","X20","X21","X22","X23","X24","X25","X26","X27"
"1",0.440770373566126,0.216676465925313,0.143219697684218,0.0914499619426644,0.0528035585911563,0.0285828237192071,0.0144622397028402,0.00688870658246545,0.00306646782203375,0.00128026357881402,0.000503185000913777,0.000189647816765685,6.91346457285377e-05,2.45732794552034e-05,8.5196077778287e-06,2.89686709933389e-06,9.77616910376426e-07,3.31866918805617e-07,1.14040990425888e-07,3.95222260279904e-08,1.36734184962975e-08,4.66786417649733e-09,1.55626451670323e-09,5.0252519478707e-10,1.56135301707505e-10,4.64151949937383e-11,1.32452760459112e-11,4.50581745274637e-12
"2",0.440736951872389,0.216663301326036,0.143216244251157,0.0914533729030357,0.0528111454376711,0.0285917792836936,0.0144706748081569,0.00689565954294586,0.00307169023517337,0.00128390944640321,0.000505579584251259,0.000191138940346596,7.00200133178415e-05,2.50764775502505e-05,8.79408668045709e-06,3.0408013844121e-06,1.05025204935829e-06,3.67160128816826e-07,1.30555815138742e-07,4.69633507288285e-08,1.69005321091477e-08,6.01411952416079e-09,2.09604181831875e-09,7.10342036869885e-10,2.32895439180739e-10,7.35557928255996e-11,2.25389414487571e-11,8.43418287035851e-12
"3",0.440655649432809,0.216631195695976,0.14320766660578,0.0914614535234973,0.0528294093577614,0.0286134495450855,0.014491173303416,0.00691263402153382,0.00308450716203132,0.00129291212426628,0.000511534611591138,0.000194877590566149,7.22605801105187e-05,2.63632609965352e-05,9.50418037650164e-06,3.41796426228117e-06,1.24327059792792e-06,4.62390441376183e-07,1.75861457635055e-07,6.77458283682487e-08,2.60895671318935e-08,9.92825023184312e-09,3.70105758760402e-09,1.3434520286248e-09,4.72966905518846e-10,1.60879409184152e-10,5.34165236669544e-11,2.20202438046284e-11
"4",0.440494764857057,0.216567430192951,0.143190183395698,0.0914768164757086,0.0528649921178282,0.0286559911444069,0.0145316667498207,0.00694639004254011,0.00311018971493765,0.00131111108663575,0.000523695598221257,0.000202601647964759,7.69507333831736e-05,2.90965791998387e-05,1.10370643358412e-05,4.24663243740576e-06,1.67554083356457e-06,6.80102374735561e-07,2.81752558047758e-07,1.17480881024773e-07,4.86405947848142e-08,1.97946621700407e-08,7.86361456702508e-09,3.0358656836939e-09,1.13577290227728e-09,4.10367459509735e-10,1.4507260120751e-10,6.42713142182459e-11
"5",0.44020963875863,0.216453896940373,0.143158051699466,0.0915026245244737,0.0529267792407874,0.0287305929597574,0.0146032439998689,0.00700656196596662,0.00315640921363868,0.00134422481398202,0.000546103928795689,0.00021703982379421,8.58597715658532e-05,3.43816119388367e-05,1.40590517089962e-05,5.91494256062658e-06,2.56561780117213e-06,1.13927256331119e-06,5.10838097435048e-07,2.28007274683323e-07,1.00193341403968e-07,4.30300961321856e-08,1.79770693425159e-08,7.28484695037908e-09,2.85829769854012e-09,1.08262279264712e-09,4.02119731006936e-10,1.88555135641445e-10
"6",0.439740201253412,0.216265947351183,0.143102906146105,0.0915423265563909,0.0530259766650251,0.0288518076551072,0.0147206517585328,0.00710624542023051,0.00323383949351599,0.00140041438424627,0.000584687229016833,0.000242312745027158,0.000101742418005729,4.39943669060617e-05,1.96761593612103e-05,9.08875940695093e-06,4.30117934401114e-06,2.05819588384504e-06,9.81981274196547e-07,4.61894779409263e-07,2.12577188479892e-07,9.52743576576812e-08,4.14603691368711e-08,1.74872223053533e-08,7.14173128563303e-09,2.81618511417502e-09,1.09202642770899e-09,5.38158599159633e-10
"7",0.439009235837089,0.215971465564453,0.143013045022343,0.0915991518001599,0.0531758526383506,0.0290375530237257,0.0149025330937781,0.00726241740228694,0.0033566857550953,0.00149084847465678,0.000647801157380522,0.000284411560953269,0.000128733987959896,6.06893950064292e-05,2.9661457459967e-05,1.48717176494692e-05,7.54668829789157e-06,3.82384720499424e-06,1.91316219889617e-06,9.3787852108079e-07,4.48314598308907e-07,2.08341638299712e-07,9.39504656975085e-08,4.10670897478094e-08,1.73917869569207e-08,7.11582033111201e-09,2.87190992213525e-09,1.48211317442988e-09
"8",0.437922291390959,0.215530544116125,0.142872780507804,0.0916752875322853,0.0533909416905313,0.0293085229436734,0.0151711407325148,0.00749595783262996,0.00354295635685132,0.0016301380670848,0.000746738172377771,0.000351707813267279,0.000172811623215663,8.85858369647401e-05,4.6758149358202e-05,2.50302875343584e-05,1.34023431244845e-05,7.09903848870792e-06,3.69061349833446e-06,1.87362407433187e-06,9.26015296924617e-07,4.44708906719414e-07,2.0724989186472e-07,9.36729771698842e-08,4.10552365606286e-08,1.73965660578907e-08,7.29527046340589e-09,3.9334844243706e-09
"9",0.436367941902131,0.21489527639031,0.142661775970688,0.09177093901489,0.0536860559722255,0.0296873723446516,0.0155518313601816,0.00783149195129573,0.00381461562898812,0.00183671877397051,0.000896244694974997,0.000455518398924849,0.00024233971338603,0.000133649772034612,7.50774814773721e-05,4.23031952198934e-05,2.3632378507329e-05,1.29829486838977e-05,6.97671639370513e-06,3.65519516653826e-06,1.86328567556753e-06,9.22972463619075e-07,4.43845072404017e-07,2.07151825393666e-07,9.38438238517595e-08,4.11312709084727e-08,1.79005004340604e-08,1.0065258877409e-08
"10",0.43421942848015,0.214010107153757,0.142354550342046,0.0918832542619868,0.0540749434228901,0.0301974358434155,0.0160720707629891,0.00829678936005601,0.00419738224125296,0.0021329867400821,0.00111489879265167,0.000610622637538242,0.000348635852828324,0.000204240539423826,0.000120581661922634,7.07996364247031e-05,4.09746297736564e-05,2.32394867756972e-05,1.28705561916732e-05,6.94496100135937e-06,3.6462043565675e-06,1.86076758989256e-06,9.22379929066723e-07,4.44109408576924e-07,2.07763325681822e-07,9.40977171652457e-08,4.24585108373067e-08,2.48559956722199e-08
"11",0.431338926799437,0.212813274261132,0.141920373029961,0.0920051061282562,0.0545684200233422,0.0308607160197482,0.0167596499308982,0.00892142149518938,0.00471989965320669,0.00254495295145341,0.00142515833290371,0.000835588139627462,0.000506458157057077,0.000311660110840439,0.000191621225621011,0.000116477521915323,6.95363961621672e-05,4.06057193929459e-05,2.31357588412721e-05,1.28419215903186e-05,6.93714098241659e-06,3.64422588920303e-06,1.86059960639391e-06,9.23473771691091e-07,4.45794482536612e-07,2.08458144649509e-07,9.74359788191754e-08,5.92945604397874e-08
"12",0.427583966523776,0.211239207503243,0.141323616318601,0.0921239303877621,0.055172230194285,0.0316953745412499,0.0176402763611147,0.00973475541824418,0.00541227732503424,0.00310135671102309,0.00185298861994732,0.0011528068351244,0.000734325592168751,0.000470637821121028,0.000299483166002146,0.000187680239527994,0.000115272396708774,6.91876018513129e-05,4.05088666157153e-05,2.31095360951463e-05,1.28351040511595e-05,6.93584656828588e-06,3.64489939346466e-06,1.86364752288693e-06,9.27716529560228e-07,4.47545755536668e-07,2.16519472668738e-07,1.36761202021339e-07
"13",0.422814592174643,0.209221379594843,0.140524532627882,0.0922209164747717,0.055885114896408,0.0327132352905499,0.0187349746697005,0.0107635913752838,0.00630417562880208,0.00383229628932083,0.00242704540750564,0.00158817001454084,0.00105458341903393,0.000699667702516334,0.00045888494361743,0.000295689608208208,0.000186523937938408,0.000114939097270909,6.90956269368255e-05,4.04843820395449e-05,2.31037508977581e-05,1.28350148876236e-05,6.93841445313156e-06,3.65249459221564e-06,1.87378367488904e-06,9.31888932476262e-07,4.66266949665679e-07,3.05223790839599e-07
"14",0.416901116970419,0.206695585144292,0.139480520143971,0.0922706815555528,0.0566972570653457,0.0339174725684339,0.0200574410373842,0.0120295369298669,0.00742246442307166,0.00476734513709342,0.00317733173100482,0.00217026902270087,0.0014930886826817,0.00102107956732098,0.000688314663064702,0.000455221256257736,0.000294572520904157,0.000186201675271909,0.000114850315122971,6.90726175214906e-05,4.04802521683679e-05,2.31062936800623e-05,1.2841947718689e-05,6.95626533636326e-06,3.67569011103053e-06,1.88322130038642e-06,9.73711356739611e-07,6.59591037349224e-07
"15",0.409732411231151,0.203603638405989,0.138147905654117,0.0922414979381114,0.0575892135781464,0.0353006201119498,0.0216114920408225,0.0135462375234809,0.00878853238829504,0.005933175145544,0.00413329325135694,0.00292903900902183,0.00207840255361506,0.0014607193229426,0.00101009912549973,0.000684763158459329,0.000454134431574912,0.000294257626717333,0.000186115223354176,0.000114829469089224,6.90720708317338e-05,4.04887712252252e-05,2.31229733404341e-05,1.28819896798533e-05,7.00716172249736e-06,3.69588183725462e-06,1.97303888885786e-06,1.38092322576574e-06
"16",0.401223864506378,0.199897141856889,0.136484141095448,0.0920961642777786,0.0585315704494594,0.0368432210402063,0.0233889532847393,0.0153167850590958,0.0104155086090204,0.00735086656257449,0.00532144311797779,0.00389385495943148,0.00284043402774077,0.00204714107209521,0.00145008400898039,0.00100664373335762,0.000683699466635225,0.000453824929019717,0.000294174299231111,0.000186099093076636,0.000114836931207251,6.90935037227193e-05,4.05259596433346e-05,2.3208684351492e-05,1.29887845264387e-05,7.04761395195798e-06,3.8810320606085e-06,2.80204139042157e-06
"17",0.391324080104746,0.195540920056714,0.134450244844915,0.0917935447831748,0.0594855036424487,0.0385134089768943,0.0253683358380831,0.0173316625379663,0.0123057229581026,0.00903316761468617,0.00676269633269994,0.00509117111568103,0.00380854432641427,0.00281025566169126,0.00203682886762658,0.00144671380223729,0.00100560010078382,0.000683396541931199,0.000453748210702112,0.000294168163782324,0.000186122561029346,0.000114883471183953,6.9170160322677e-05,4.06999240489006e-05,2.34216823415714e-05,1.30631288197288e-05,7.41295077554193e-06,5.51164018559328e-06
"18",0.380019737653827,0.190515838465188,0.132013305565105,0.0912906909217636,0.0604042670448893,0.0402675474043904,0.0275145180374487,0.0195675037827706,0.0144487078756532,0.0109819904211812,0.00846965021143269,0.00654186744046398,0.00500919356444151,0.00377943957485062,0.00280025834024527,0.00203354275323495,0.00144569322775363,0.0010053080517182,0.000683330946669632,0.000453757299626412,0.000294216086527664,0.000186208976441139,0.000115025618436397,6.95005699759434e-05,4.10993362089433e-05,2.35414513686826e-05,1.37499751078654e-05,1.05094032675196e-05
"19",0.367338369368402,0.184820836138757,0.129148868601179,0.0905453834821643,0.061235504293234,0.04205191697363,0.0297795296355773,0.0219868632365756,0.0168200060712557,0.0131864376772974,0.0104440935823759,0.00825853790816329,0.0064632920831,0.00498118394028573,0.00376977045493693,0.00279706571009424,0.00203254852123652,0.00144540786896533,0.00100524255053012,0.000683340077441317,0.000453816228844616,0.000294337249863276,0.000186429479565964,0.000115598353770927,7.01910383485107e-05,4.12476742744598e-05,2.47626278146834e-05,1.94191723041758e-05
"20",0.353348945246338,0.178474063225195,0.125843045640011,0.089518917485028,0.061924235355496,0.0438053756921053,0.0321044660339922,0.0245391327211518,0.0193810149335072,0.0156216532450799,0.0126750596580006,0.0102430157613895,0.00818349641549338,0.00643644466765808,0.00497187453423028,0.0037666701066948,0.00279606322126008,0.00203220333493748,0.0014452487411228,0.00100513906171759,0.00068329224157573,0.000453863988072362,0.00029455725435068,0.000187290218606971,0.00011665779750745,7.02457019138988e-05,4.32768657169709e-05,3.47508518345811e-05
"21",0.338160508096704,0.171513170070697,0.122094266398775,0.0881789665433805,0.0624163292258152,0.0454628401692016,0.0344224645540477,0.0271626459306582,0.0220800189131763,0.0182487396179798,0.015137723295527,0.0124844521606154,0.0101717396019587,0.00815792101533999,0.00642749989960455,0.00496876769313131,0.0037654594559219,0.00279536563600914,0.00203158071967298,0.00144460801432301,0.0010045375139598,0.00068283084768963,0.000453699652366948,0.000295534174600873,0.000188610919739294,0.000116209178409867,7.33387530992003e-05,6.0171947581956e-05
"22",0.321919584320737,0.163995027539078,0.117914732911158,0.0865024302648059,0.0626622738822461,0.0469593820936328,0.0366625820764799,0.0297878976531644,0.0248544444458467,0.0210158825169195,0.017793367690831,0.0149582231944922,0.0124172786440752,0.0101475113420213,0.0081491554150221,0.00642394098497036,0.00496665465002138,0.00376349265166569,0.00279318136538974,0.00202917886193561,0.0014421756850002,0.0010023100279871,0.000681127447291441,0.000454000236235522,0.000296462789857682,0.000186598438346611,0.000120393414605521,0.000100709456168913
"23",0.304808754752071,0.155995986866991,0.113332201771065,0.084478531196423,0.062621241316431,0.0482347778500873,0.0387543413459446,0.0323416425311173,0.0276341448949635,0.0238605561860489,0.0205903630542579,0.0176256621279686,0.0148952828638199,0.0123939628437174,0.0101379164484628,0.00814357430397405,0.00641883425994674,0.00496087738590099,0.00375685621135688,0.0027859046608814,0.00202173041918837,0.00143507403982691,0.000996192024129087,0.000678511175208196,0.000452612963024328,0.000290506524287577,0.000191225462748842,0.000162734520143515
"24",0.28705832508735,0.147618517135719,0.108395883762007,0.0821144394120473,0.0622665163975426,0.0492387207846133,0.0406325533540301,0.03475106454245,0.0303446191633184,0.0267115172432162,0.0234647345317668,0.0204331094619449,0.017564402396808,0.0148691223732483,0.0123786297214585,0.0101243574734217,0.00812862915142346,0.00640171987930768,0.00494182888100396,0.00373658924956711,0.00276546924159601,0.00200220515248997,0.00141767637581471,0.000985049017714798,0.000670006025754885,0.000437674818613859,0.000293277668704172,0.000253361697053425
"25",0.269022486945669,0.139029480909098,0.103203078607514,0.0794536942258507,0.0615974581844273,0.0499381814988537,0.0422412143238076,0.0369448144516605,0.0329054170736488,0.0294846320292609,0.0263334305642085,0.0233027074369608,0.0203552974907418,0.017514554155386,0.0148251067170452,0.0123326398904937,0.0100742608654036,0.00807468077352726,0.0063452502778137,0.00488468417650116,0.00368097575280419,0.00271347854560095,0.00195598164087495,0.00138359092190998,0.000957435681718312,0.000635122022857787,0.000432182350294932,0.000378162486051539
"26",0.251516706037865,0.130626518753658,0.0980096269047861,0.076645962976252,0.0606768574264532,0.0503316209793323,0.0435308891478232,0.0388376699423816,0.0352045649643908,0.0320487184550465,0.0290528691618473,0.0260848934874015,0.0231184312771796,0.0201861424868837,0.0173431738459496,0.0146476140441606,0.0121504899796969,0.00989106354403005,0.00789482408742672,0.00617323414672211,0.00472491657990114,0.00353708023125102,0.00258858309764502,0.00185871944893624,0.00130471329231467,0.000876440691368681,0.000603867958422034,0.00053380705085956
"27",0.236784691790489,0.123512486924248,0.0935407080636857,0.0741379359743094,0.0597260953275715,0.0504756819051624,0.0444359194429734,0.0402710069269958,0.0370104523509094,0.0341145842207972,0.0312897320811129,0.0284152448734739,0.0254713126963099,0.0224962193645249,0.0195522016046245,0.0167065931129971,0.0140215886135628,0.0115488107162167,0.00932636524740557,0.0073776391314672,0.00571171537044777,0.00432402971125637,0.00319927577033938,0.00232195237411673,0.00164639951522773,0.00111572590560977,0.000775393740719642,0.000690237243430292
"28",0.227549823744803,0.119036755314935,0.0907016888380475,0.0725100413885965,0.0590622575179813,0.0504934767042431,0.0449328021482402,0.0411065015381092,0.03809083360284,0.035371899530873,0.0326696502730128,0.0298695568229982,0.0269549245528303,0.0239666765053845,0.020970761478104,0.0180397840614889,0.0152426627927457,0.0126387537733788,0.0102743028929746,0.00818060638699637,0.00637388190468447,0.004855356973941,0.00361401502873604,0.002638310405079,0.00188094695903485,0.00128069423891651,0.000894142454906962,0.00079889216610313
