"","X0","X1","X2","X3","X4","X5","X6","X7","X8","X9","X10","X11","X12","X13","X14","X15","X16","X17","X18","X19","X20","X21","X22","X23","X24","X25","X26","X27"
"1",2.18413515785795e-05,3.82793110688276e-05,7.35888783033306e-05,0.000125970545179706,0.00020252084926214,0.000310436417816292,0.000459882517531122,0.00066297218087678,0.000933588194378686,0.00128701879507098,0.00173942863554208,0.0023073233856097,0.00300678077996873,0.00385266663276936,0.00485782576952822,0.00603247400907686,0.00738402030044802,0.00891775339245091,0.0106394260029476,0.0125634521898692,0.0147359192842229,0.0172842770017372,0.0205047370263605,0.024927320446507,0.0359694467805629,0.0626381385957318,0.211682498673737,0.546840412051839
"2",2.18408369043287e-05,3.82784115694623e-05,7.35871549766661e-05,0.000125967608785249,0.000202516155577691,0.000310429273080352,0.000459872019343421,0.000662957187220033,0.00093356730143935,0.00128699032870191,0.00173939066041649,0.00230727373205457,0.00300671709374607,0.00385258644829848,0.00485772660882204,0.00603235350677674,0.0073838763566429,0.00891758435734577,0.0106392309058874,0.0125632310561901,0.0147356736577761,0.0172840108876397,0.0205044585397839,0.0249270438737044,0.0359692169849686,0.0626380495986281,0.211683108634998,0.546842460818695
"3",2.18395739053359e-05,3.82762041936716e-05,7.35829258673812e-05,0.00012596040262933,0.000202504636624703,0.000310411738427167,0.000459846253809511,0.00066292038719954,0.000933516020312413,0.00128692045569033,0.00173929744282618,0.00230715184088655,0.0030065607456216,0.00385238958493421,0.00485748313966653,0.00603205761579893,0.00738352287746931,0.00891716922680372,0.0106387517267662,0.0125626878761394,0.0147350702540427,0.0172833570850097,0.020503774264171,0.0249263642192581,0.0359686521806364,0.0626378306624775,0.211684606868182,0.546847493790623
"4",2.1837042517691e-05,3.82717799496948e-05,7.35744492931987e-05,0.000125945958650894,0.000202481547328435,0.000310376589476454,0.000459794603292597,0.000662846612630611,0.000933413208744605,0.00128678036076378,0.00173911052869361,0.00230690741301218,0.00300624719445035,0.00385199474498214,0.00485699477538121,0.00603146403631043,0.00738281368882365,0.00891633624207769,0.0106377900961796,0.0125615976521737,0.0147338589737175,0.0172820444288345,0.0205024002028117,0.0249249991971789,0.0359675175256133,0.0626373902599876,0.211687613872734,0.546857597014362
"5",2.18324825787812e-05,3.82638101271336e-05,7.3559179219431e-05,0.000125919937726431,0.000202439950011485,0.000310313262381304,0.00045970154006047,0.000662713677443303,0.000933227937268161,0.00128652788144116,0.00173877364034476,0.00230646681880907,0.00300568193921338,0.00385128286056652,0.00485611415483193,0.00603039354092312,0.00738153450400878,0.00891483351933814,0.0106360549939391,0.0125596301644322,0.014731672598734,0.0172796745923224,0.0204999189848099,0.0249225337413663,0.0359654674543873,0.0626365932116817,0.211693040228767,0.546875833393239
"6",2.18248274049598e-05,3.82504301353593e-05,7.35335425339488e-05,0.000125876249764996,0.000202370106338689,0.000310206926785054,0.000459545261628015,0.000662490424605613,0.000932916761363158,0.00128610378185683,0.00173820769167895,0.00230572656031082,0.00300473210555614,0.00385008646231046,0.0048546339437709,0.00602859386790974,0.0073793835968048,0.00891230624428175,0.0106331362924207,0.0125563198206014,0.0147279931120942,0.0172756853813198,0.0204957412160026,0.0249183813674773,0.0359620132583325,0.0626352475227147,0.21170216964024,0.546906523603726
"7",2.18126372835214e-05,3.82291231562254e-05,7.3492715882763e-05,0.000125806672861672,0.000202258867374498,0.000310037555201857,0.000459296319640927,0.000662134761865133,0.000932420974983571,0.00128542799657648,0.00173730575652073,0.00230454666244574,0.00300321792768979,0.00384817889755648,0.00485227342495454,0.0060257233246047,0.00737595208558152,0.0089082733559191,0.0106284776434664,0.0125510346809825,0.0147221170067274,0.017269312825657,0.0204890654524995,0.024911744039484,0.0359564892655936,0.0626330903741728,0.211716744196573,0.546955535454715
"8",2.17940469236217e-05,3.81966281498652e-05,7.34304490627858e-05,0.000125700551548949,0.000202089189615482,0.000309779183312418,0.000458916527835241,0.000661592093715612,0.000931664412522746,0.00128439661608569,0.0017359290181922,0.00230274533547756,0.00300090584422367,0.0038452655579015,0.00484866754251151,0.00602133733291045,0.00737070767966895,0.00890210823005059,0.0106213538997563,0.0125429505241106,0.0147131260766555,0.0172595590774049,0.0204788441052,0.0249015777692521,0.0359480235893117,0.0626297755103407,0.211739035664124,0.547030527544105
"9",2.17667087529624e-05,3.81488405536491e-05,7.33388743073622e-05,0.000125544470760638,0.000201839611703914,0.000309399109493851,0.000458357779140452,0.00066079362104339,0.000930551062392429,0.00128287860953423,0.00173390235962218,0.00230009315455226,0.00299750095649885,0.00384097427910218,0.00484335488909397,0.00601487364543629,0.00736297677991312,0.008893017356584,0.0106108461294423,0.0125310220737441,0.0146998549245734,0.017245156602694,0.0204637453013946,0.0248865540238921,0.0359355051730831,0.0626248587724899,0.211771924537891,0.547141220352279
"10",2.17277512512968e-05,3.80807392140292e-05,7.32083657209324e-05,0.000125322014991663,0.000201483866818193,0.000308857299946292,0.000457561163277962,0.000659655067331939,0.000928963270888596,0.00128071334550592,0.00173101100883138,0.00229630860587329,0.00299264122099198,0.00383484789830895,0.00483576832574253,0.00600564071429017,0.00735193028444204,0.00888002329052886,0.0105958214668712,0.0125139595898923,0.014680864288628,0.017224538519077,0.0204421210019502,0.0248650271558262,0.0359175556052901,0.062617785031394,0.211818964229853,0.54729961887723
"11",2.16737768925028e-05,3.79863825009291e-05,7.30275311615178e-05,0.00012501375291209,0.000200990854992398,0.000308106340874838,0.000456456886749966,0.00065807654850689,0.000926761535971193,0.00127771027338851,0.00172700005835614,0.00229105737848152,0.00298589642863284,0.00382634281432869,0.00482523299280951,0.00599281499808666,0.00733658001441272,0.0088619600011204,0.0105749271813953,0.0124902214633248,0.0146544320119494,0.0171958278939896,0.0204119947912254,0.0248350211862251,0.035892516785711,0.0626078808267614,0.211884401059561,0.547520088229646
"12",2.16009003805994e-05,3.78589748167236e-05,7.27833389260637e-05,0.000124597451523667,0.000200324982048718,0.00030709194817221,0.000454965011027299,0.000655943609739744,0.000923785924591936,0.00127365081287003,0.00172157692447352,0.00228395549122638,0.00297677209071218,0.00381483370801083,0.00481097191464895,0.00597544746436121,0.00731578608062804,0.00883748101273142,0.0105465994388927,0.0124580233753411,0.014618562306154,0.017156846739999,0.0203710701419828,0.0247942367728242,0.0358584551777501,0.062594353081649,0.211973148524738,0.547819276799748
"13",2.15048148866521e-05,3.76909820377147e-05,7.24613381723454e-05,0.000124048450005995,0.000199446753724045,0.000305753865435317,0.000452996761109703,0.00065312907645657,0.000919858623877196,0.00126829178713602,0.00171441586390067,0.00227457510699234,0.00296471676696805,0.00379962258974803,0.00479211694554962,0.00595247656862006,0.00728827196695157,0.00880507658086217,0.0105090824558185,0.012415359191218,0.0145710079911892,0.0171051390006519,0.0203167532434258,0.0247400725544204,0.0358131779001088,0.0625762922075482,0.212090729219885,0.548215931393267
"14",2.13808930677337e-05,3.74743077682658e-05,7.20459959049471e-05,0.000123340232301755,0.00019831368771281,0.000304027246347519,0.000450456546512832,0.000649495923971947,0.000914787913403015,0.00126137079471258,0.00170516508008156,0.00226245373740363,0.00294913374820939,0.00377995333695661,0.00476772651384572,0.00592274950515947,0.00725264950636489,0.00876310249776742,0.0104604610886692,0.0123600370940289,0.0145093096737302,0.0170380118951948,0.0202461950460553,0.0246696655818294,0.0357542646807347,0.0625526813699239,0.212243174780143,0.548730571322166
"15",2.12243298579539e-05,3.72005426580756e-05,7.15211740747445e-05,0.000122445238749367,0.000196881608418147,0.000301844620716251,0.000447244841707884,0.000644901377572502,0.000908373856596438,0.00125261393034583,0.0016934569728749,0.00224710757119761,0.00292939804654035,0.00375503293881418,0.00473681169274875,0.0058850536175913,0.00720745604395328,0.00870982327111124,0.0103987100857611,0.0122897346891082,0.0144308560925505,0.0169526002994164,0.0201563575232045,0.0245799559136142,0.0356791200326825,0.0625224138724397,0.212436873617862,0.549384986197799
"16",2.10303196092125e-05,3.68612738479376e-05,7.08707220978936e-05,0.000121335874887883,0.000195106257875081,0.000299138343618679,0.000443261779532401,0.000639202035891356,0.000900415425798634,0.00124174547081848,0.00167892102636659,0.00222804827583223,0.00290487787328453,0.003724058435667,0.00469836937219395,0.00583815651452072,0.00715120209444512,0.00864346774535256,0.0103217578440282,0.012202070719244,0.0143329631096941,0.0168459515449429,0.020044101534821,0.0244677729145478,0.0355850437731143,0.0624843182520545,0.212678373020926,0.550201578444953
"17",2.07942556370382e-05,3.64484337056894e-05,7.00791449580645e-05,0.000119985649758465,0.000192945115070792,0.000295843364340275,0.000438411218875904,0.000632259678741669,0.00089071859210368,0.00122849889180381,0.00166119849648324,0.0022048021867568,0.00287495922714064,0.00368624783937127,0.00465142044023314,0.00578085238568445,0.00708242655032581,0.00856229376972954,0.0102275608270484,0.012094689126118,0.0142129667196276,0.0167151257476809,0.0199062913142221,0.0243299384600219,0.03546931608367,0.0624371899631841,0.212974147431179,0.551202589086494
"18",2.05119423133561e-05,3.59546706589379e-05,6.91323140350892e-05,0.000118370387911005,0.000190359334868417,0.0002919001806599,0.000432605090325207,0.000623947481055777,0.000879104995297899,0.0012126286965284,0.00163995821300825,0.00217693099872969,0.00283907247167617,0.00364087364418585,0.00459505128302655,0.00571201250174146,0.00699975708125402,0.00846465920629861,0.0101141856007505,0.0119653521065962,0.0140683264707778,0.0165573078936656,0.0197399117800382,0.0241633834365825,0.0353292943131076,0.0623798289466973,0.213330342193932,0.552409236764243
"19",2.01798119634763e-05,3.53737286303581e-05,6.80181948953682e-05,0.000116469471420997,0.000187315737102223,0.000287257873557514,0.000425767866927462,0.000614156416832045,0.000865420896259388,0.00119392265606975,0.00161491297018393,0.00214405328341727,0.00279672005225093,0.00358729788176123,0.00452845734182219,0.00563063840839219,0.00690197400363594,0.0083490973317983,0.00997989633534256,0.0118120398423875,0.0138967368612697,0.0163699292034341,0.0195421962607488,0.0239652753402079,0.0351625199395842,0.0623110829310668,0.213752499222458,0.553840790136545
"20",1.97951411904101e-05,3.47008257296585e-05,6.67275742588861e-05,0.000114267081892581,0.000183788798414231,0.000281877151193704,0.000417841057345961,0.000602801709389539,0.000849546216376947,0.00117221420241044,0.00158583617168887,0.00210586641265587,0.00274750483642667,0.00352500810379947,0.00445098801044465,0.00553591700621207,0.00678807673682668,0.00821439570289067,0.00982324683570262,0.011633056008979,0.0136962459189971,0.0161507971554857,0.0193107642480945,0.0237331568798788,0.0349668359717021,0.0622298972434324,0.214245267090938,0.555513579907607
"21",1.93562699432892e-05,3.39330380772467e-05,6.52547975822988e-05,0.000111753462366888,0.000179762679528794,0.000275733453527107,0.000408787799657674,0.000589829444274589,0.000831403833410768,0.00114739521635471,0.00155257906991461,0.00206216935673314,0.00269115971566342,0.0034536551458516,0.00436219399841433,0.00542727897784506,0.00665735471723508,0.00805968084516551,0.00964318003173272,0.0114271426435807,0.0134653852518327,0.0158982391722135,0.0190437748186349,0.0234651016271175,0.0347405203501145,0.0621353743054619,0.214812085752257,0.557439914225473
"22",1.88628419477185e-05,3.30697214173732e-05,6.35985801057752e-05,0.000108926306872164,0.000175233461477611,0.00026882038410951,0.000398597951633078,0.000575223917093533,0.000810969942237413,0.00111943032874721,0.00151509011700197,0.00201288837906989,0.00262758111439585,0.00337309607895057,0.00426188147613751,0.00530446594788342,0.00650946938858549,0.00788451677826098,0.00943914448155878,0.0111936155777091,0.0132033244691566,0.0156112744733816,0.0187401114933027,0.0231599030168805,0.0344824496917156,0.0620268498643225,0.215454815086435,0.559626789129574
"23",1.83161539460892e-05,3.21131236793587e-05,6.17631855559474e-05,0.000105792780653953,0.000170212398369804,0.000261154704881574,0.000387295504589581,0.000559018344163996,0.000788289171376779,0.00108837780821615,0.00147344326161933,0.00195811465906187,0.00255687812747001,0.00328345729697688,0.00415019174784788,0.00516762950416223,0.00634457535396583,0.00768905094703242,0.0092112673740441,0.0109325661002009,0.0129101017840806,0.0152898714803629,0.0183996599790874,0.0228173592347617,0.0341923472049917,0.0619040103468343,0.216173181711057,0.562073960710973
"24",1.77201078259457e-05,3.10700535785502e-05,5.9761633617156e-05,0.00010237501004596,0.000164734741714119,0.000252789859117375,0.00037495860935848,0.000541323718904031,0.000763515193980689,0.00105444550383549,0.00142791348377021,0.00189820436624384,0.00247950273124759,0.003185301031075,0.00402781066669842,0.00501759033735997,0.00616363600208237,0.00747439263619864,0.00896080101105285,0.0106453789002759,0.0125872134223736,0.0149356025737312,0.0180240112976361,0.0224389909301607,0.0338714030467931,0.0617671787917,0.216963356482902,0.564769017856683
"25",1.70849160191301e-05,2.99583701830747e-05,5.7628164895061e-05,9.87313951630633e-05,0.000158893954039451,0.000243868321581525,0.000361796962413388,0.000522440096001839,0.000737066991810766,0.00101820557164089,0.0013792659423957,0.00183416062715647,0.00239674521397396,0.00308025676559834,0.00389675985676589,0.00485681356546634,0.00596960658800222,0.00724402531738513,0.0086917817254034,0.0103366475501077,0.0122397830021164,0.0145540423190381,0.0176190245504237,0.0220306437938338,0.0335245078044325,0.0616183150008506,0.217812689497717,0.567669256135548
"26",1.64416706782858e-05,2.88324927847889e-05,5.5467224778165e-05,9.50403288389524e-05,0.000152976036563113,0.00023482700796867,0.000348455235728751,0.000503292584454288,0.000710240521885452,0.000981434147018004,0.00132988543180812,0.00176912376881501,0.00231266458795096,0.00297347804719561,0.00376347064142142,0.00469319171451934,0.0057720150079748,0.00700926493667862,0.00841742846228691,0.0100215474142758,0.0118848938129469,0.0141639584184434,0.0172046263012932,0.0216124165888306,0.0331687440506207,0.0614647659204388,0.218679438459379,0.570632079184385
"27",1.58826373400874e-05,2.78539469011314e-05,5.35889110746906e-05,9.18316588860307e-05,0.000147830846402628,0.000226964959537497,0.000336851448838971,0.000486635647783759,0.000686897724976725,0.000949429132180558,0.00128689286132816,0.00171248155511708,0.00223941037432695,0.00288041201440097,0.00364724933748413,0.00455045648732738,0.00559956126006332,0.00680426272865344,0.00817771734843668,0.00974607084792011,0.0115744387785143,0.0138224956717315,0.0168416389236118,0.0212458173808348,0.0328565839294998,0.0613294571368377,0.219437126899847,0.573224159550105
"28",1.55252874838967e-05,2.72284074644346e-05,5.23881322476979e-05,8.97802656847674e-05,0.000144541108894093,0.000221937611520179,0.000329430599984704,0.000475981797597637,0.000671965349603555,0.000928952164673259,0.00125938100432184,0.00167622778347413,0.00219251391728861,0.0028208181690238,0.00357280915460515,0.00445900867546517,0.00548904036531879,0.00667284043735482,0.00802399172227586,0.00956934560874877,0.0113751992561126,0.0136032714154132,0.0166085022717086,0.0210102611536906,0.0326558859840774,0.0612422390409339,0.219923177584591,0.574887755730403
