"","X0","X1","X2","X3","X4","X5","X6","X7","X8","X9","X10","X11","X12","X13","X14","X15","X16","X17","X18","X19","X20","X21","X22","X23","X24","X25","X26","X27"
"1",0.0001123264493914,0.000132838067382983,0.000216573217651714,0.00034081975886207,0.000502932289320249,0.000740729687041296,0.0010496149185186,0.00145808204221272,0.00198228266005759,0.0026403188745322,0.00344958887795905,0.00442514812974065,0.00557908210107057,0.00691914644088188,0.00844857056614208,0.0101663879834358,0.0120694022064927,0.0141561325846603,0.016433658439188,0.0189381423249674,0.0217696656542719,0.0252437814759834,0.0312863229826682,0.042628327928742,0.0495766974955665,0.0893282879975082,0.133607457240275,0.496797681605452
"2",0.000112323793475228,0.000132834946421092,0.00021656815557622,0.000340811846284743,0.000502920713188446,0.000740712791436974,0.00104959123567617,0.00145804953526677,0.00198223905432305,0.00264026165163548,0.00344951533860801,0.00442505549765067,0.00557896764346586,0.00691900762471444,0.00844840523302429,0.0101661945497792,0.0120691798973826,0.0141558817164929,0.0164333807650773,0.0189378415626696,0.0217693483767544,0.0252434592912191,0.0312860252943468,0.042628108227208,0.0495765448289882,0.0893284652894587,0.133607947203829,0.496800357936021
"3",0.000112317276005775,0.00013282728755911,0.000216555732952021,0.000340792427843846,0.000502892302964202,0.000740671324650354,0.00104953310855226,0.00145796974658651,0.00198213201805993,0.00264012118227699,0.00344933480490264,0.00442482807738861,0.00557868661901154,0.00691866676631481,0.00844799922823372,0.0101657194950175,0.0120686338726816,0.014155265480452,0.0164326986045511,0.0189371025915856,0.0217685687268828,0.0252426674721595,0.0312852935566649,0.0426275680259922,0.0495761692775777,0.0893289005458644,0.13360915076665,0.496806933680591
"4",0.000112304213516769,0.000132811936880788,0.000216530833496303,0.000340753504689257,0.00050283535343514,0.000740588198319828,0.00104941657684928,0.00145780977747153,0.00198191740382737,0.00263983950931765,0.00344897276099713,0.00442437196160995,0.00557812293353029,0.00691798298449948,0.00844718465575429,0.0101647662563003,0.0120675380652853,0.0141540285719919,0.0164313291418126,0.0189356188134773,0.0217670029711124,0.0252410769501148,0.0312838233574503,0.0426264821857122,0.0495754138753858,0.0893297734643091,0.133611566585823,0.496820137157003
"5",0.000112280683889062,0.000132784284161622,0.000216485977848533,0.000340683382177416,0.000502732748628278,0.000740438421175388,0.00104920659298672,0.00145752149636359,0.00198153060887009,0.00263933180145201,0.00344832011025321,0.0044235496238768,0.00557710651538266,0.00691674982645277,0.0084457153843843,0.0101630465640761,0.012065560795664,0.0141517962452046,0.0164288570478448,0.0189329397417504,0.021764175185355,0.0252382036726078,0.031281166597835,0.0426245188857999,0.0495740468281324,0.0893313471770775,0.133615926636593,0.49684397716413
"6",0.000112241183855743,0.000132737859807801,0.000216410669043743,0.000340565645189753,0.000502560459749809,0.000740186902256196,0.00104885393534276,0.00145703729069899,0.00198088085978343,0.00263847882888598,0.0034472234713231,0.00442216764834505,0.00557539809074276,0.00691467671932603,0.00844324484811685,0.0101601543325143,0.0120622345950665,0.0141480400537075,0.0164246963170083,0.0189284293833121,0.021759413034737,0.0252333633518258,0.0312766892963812,0.0426212079795255,0.0495717389719832,0.0893339916925353,0.133623263157999,0.496884113420908
"7",0.000112178286194415,0.000132663931141868,0.000216290736552862,0.000340378130449911,0.000502286037316763,0.000739786243485801,0.00104829210296323,0.00145626578787032,0.00197984544762744,0.00263711936223783,0.00344547535896004,0.00441996429132004,0.00557267372014512,0.00691137009130022,0.00843930339968466,0.0101555389596307,0.0120569252663729,0.0141420426291801,0.0164180509171911,0.0189212231948018,0.0217518018908841,0.0252256243506505,0.0312695274791873,0.0426159076840324,0.0495680397983717,0.0893382076322447,0.133634977498888,0.496948239771286
"8",0.000112082369107904,0.00013255118317479,0.000216107816909225,0.000340092111427109,0.000501867412601869,0.00073917498109441,0.00104743483507793,0.00145508842722747,0.00197826509486114,0.00263504404250438,0.00344280623525732,0.00441659937105162,0.00556851217420562,0.00690631788614778,0.00843327964101038,0.0101484831977449,0.0120488060947435,0.0141328681460264,0.016407881584552,0.0189101915211929,0.021740145591832,0.025213767098676,0.0312585488645572,0.0426077752349914,0.0495623558911607,0.0893446454760569,0.133652897886983,0.497046409829795
"9",0.000111941324334633,0.000132385374014559,0.000215838792713519,0.000339671417193918,0.000501251600613094,0.000738275680508955,0.00104617342049974,0.00145335573652827,0.00197593891514806,0.00263198870124726,0.00343887583233465,0.00441164320929456,0.00556238109624803,0.00689887255142476,0.00842439986391355,0.0101380787213509,0.0120368292974192,0.0141193295305366,0.0163928688477576,0.0188938987557534,0.0217229224677819,0.02519623845759,0.0312423096109881,0.0425957335456698,0.0495539262000359,0.0893541265755409,0.133679343592657,0.497191400880872
"10",0.00011174034302384,0.000132149081283156,0.00021545537876121,0.000339071780251574,0.000500373736183129,0.000736993514550774,0.0010443746796638,0.00145088452433658,0.00197262059088432,0.00262762926279205,0.00343326648538595,0.0044045680735121,0.00555362621162945,0.00688823766417797,0.00841171174786915,0.0101232065790718,0.012019702965615,0.0140999617191337,0.0163713825696061,0.0188705693512207,0.0216982483576783,0.0251711129238395,0.0312190170918417,0.042578441935155,0.0495417997243746,0.0893676593231769,0.133717177323522,0.49739901706143
"11",0.000111461906155387,0.000131821688564683,0.000214924097058028,0.00033824079134251,0.000499156996420753,0.000735216132731709,0.00104188075210162,0.00144745754396554,0.00196801785621638,0.00262158096962188,0.00342548200083309,0.00439474656212472,0.00554146907608776,0.00687346485932454,0.00839408025792177,0.0101025318283566,0.0119958841914612,0.014073013039083,0.0163414713765595,0.0188380751715877,0.0216638619085741,0.025136076203668,0.0311865130575708,0.0425542815341785,0.0495248229889882,0.0893864419642559,0.133769822277179,0.497688202968037
"12",0.000111085982989585,0.000131379616094159,0.000214206647698418,0.000337118472451191,0.000497513426462442,0.000732814847201915,0.00103851072654116,0.00144282568205486,0.00196179535975174,0.002613402032593,0.00341495219608332,0.00438145711270625,0.00552501359591637,0.00685346135662518,0.00837019611233111,0.0100745128064468,0.0119635889267198,0.0140364553586774,0.0163008727269101,0.0187939450364521,0.0216171330989665,0.02508843216168,0.0311422781604379,0.0425213561540729,0.0495016379288988,0.0894118517001028,0.133841242592932,0.498080960180172
"13",0.000110590374028709,0.000130796721226888,0.000213260555069785,0.000335638280055947,0.000495345394451993,0.000729646736670454,0.00103406355701251,0.00143671191107652,0.00195357989140688,0.00260260038026738,0.00340104141693096,0.00436389451267141,0.00550325871761743,0.00682700495317302,0.00833859311784768,0.0100374207430791,0.0119208136825933,0.0139880075415751,0.0162470376308327,0.0187353900445584,0.0215550882994673,0.025025126438284,0.0310834517410623,0.0424775042403323,0.0494706872753978,0.0894454241393177,0.133935897876642,0.498602123827319
"14",0.000109951233380217,0.000130044909916184,0.000212040156550057,0.000333728644227808,0.000492547831359769,0.000725557897126548,0.00102832258855301,0.0014288174541961,0.00194296858123177,0.00258864431409068,0.00338306208208746,0.00434118675184742,0.00547511896535836,0.00679276854750997,0.00829767687268953,0.00998937268927549,0.011865372549668,0.0139251762042069,0.0161771745341813,0.0186593496616494,0.021474457239123,0.0249427923064938,0.0310068721554032,0.042420325979236,0.0494302304589739,0.0894888205387379,0.134058663983023,0.499278954869872
"15",0.000109143806470323,0.000129095001713215,0.000210498003007341,0.00033131515263296,0.000489011416529849,0.000720388076221678,0.00102106202792398,0.00141883062799301,0.00192954070224848,0.0025709779098006,0.00336029435030813,0.0043124196180829,0.00543945458614619,0.00674935636754627,0.0082457674730019,0.00992838090748764,0.0117949532288198,0.0138453180331587,0.0160883171863876,0.0185625639188747,0.0213717476575368,0.0248378247910912,0.0309091433770701,0.0423472300123345,0.0493783733679261,0.0895437801672186,0.134214711728319,0.500140500504116
"16",0.00010814334467112,0.000127917803419261,0.000208586598713768,0.00032832326708257,0.000484626546056793,0.000713976455822189,0.00101205503303093,0.00140643792086399,0.00191287249266932,0.00254904041020703,0.0033320109574812,0.00427666786007723,0.00539510988252064,0.00669535022309796,0.00818115427897351,0.00985241652019929,0.0117071896300212,0.0137457210134573,0.0159774136884294,0.0184416688329804,0.021243344762749,0.0247064803093592,0.0307867255462828,0.0422554983062929,0.0493131112452746,0.0896120600696106,0.134409348684956,0.501216748315667
"17",0.000106926135067863,0.000126485319097173,0.000206260363806079,0.000324681390749324,0.00047928781938734,0.000706168198821151,0.00100108288674491,0.00139133657954387,0.00189255403022225,0.00252228835270424,0.00329750562677663,0.00423303093104087,0.00534095731252827,0.00662936289329589,0.00810215935836668,0.0097594835360236,0.0115997466740885,0.0136236997587929,0.0158414315376947,0.0182933095969597,0.021085629928967,0.0245449963853227,0.0306360446580614,0.0421423659251716,0.0492323827882194,0.0896953660743125,0.134647833417399,0.502537622520802
"18",0.000105470594366382,0.000124772036794287,0.000203477722918899,0.000320324136171133,0.000472898826305201,0.000696821444478118,0.000987944816290638,0.00137324810710083,0.00186820736682091,0.00249021940511756,0.00325612375087835,0.00418067169980589,0.00527594539827477,0.00655009632014499,0.00800720689562229,0.00964770016023558,0.0114704138432941,0.0134767011703205,0.0156774746433539,0.0181142673565704,0.0208951144216785,0.0243497273841737,0.0304536178940663,0.0420051134496431,0.0491341342409633,0.0897952781938946,0.134935169481341,0.504131859239341
"19",0.000103758386850189,0.000122756245163683,0.000200203244455489,0.000315195676782861,0.000465377064276197,0.000685814506511804,0.000972468117724498,0.00135193221126968,0.00183950531441604,0.00245239712443742,0.00320729435705614,0.00411885691184226,0.00519914897817162,0.00645640288527856,0.00789489658590443,0.00951538516561642,0.0113172050435671,0.0133024178219038,0.0154829096125845,0.0179015968627059,0.020668585538058,0.0241172938902549,0.0302361927097859,0.0418411710482351,0.0490163932314129,0.0899131728440531,0.135275884196713,0.506025784424935
"20",0.000101775538457138,0.000120421347565913,0.000196409778450787,0.000309253101727562,0.000456658870834601,0.000673053108888056,0.000954518359669399,0.00132720090168669,0.00180619049069361,0.00240847614425591,0.00315056274808827,0.00404699867554932,0.00510982096312032,0.00634734882731167,0.00776407999291052,0.00936114826184007,0.011138463728523,0.0130989081009004,0.0152555004944815,0.0176527744303558,0.0204032649226079,0.0238447458892213,0.0299809002769795,0.0416482352277751,0.0488773537144703,0.0900501434212689,0.135673793976416,0.508241998705916
"21",9.95135638117496e-05,0.000117757194050036,0.000192080626929196,0.000302469828623429,0.000446704454179471,0.000658477785645014,0.000934009851823574,0.00129893300366292,0.00176809500344334,0.00235822831746276,0.00308562453846543,0.00396469794076164,0.00500744687592333,0.00622228146667797,0.00761394201003105,0.00918398716886012,0.0109329766540723,0.0128647272313197,0.0149935569476914,0.017365862057852,0.0200969857828227,0.0235297472001662,0.0296854308501074,0.041424404740794,0.0487154775138095,0.0902069176255094,0.136131747975285,0.510797915790186
"22",9.69707018617632e-05,0.000114761544548413,0.000187211931824484,0.000294839366126485,0.000435503453768,0.000642072082462243,0.000910917284855417,0.00126709035250091,0.00172516249895191,0.00230157212248756,0.00301236411625332,0.00387179387718627,0.00489180712809032,0.00608090641757732,0.00744409501326472,0.00898340057100607,0.0107001071923423,0.0125990819902492,0.0146961105958144,0.0170397043933696,0.0197484074120082,0.023170800750832,0.0293482501664032,0.0411683510564251,0.0485296246144091,0.0903837643829465,0.136651324791612,0.513704004190788
"23",9.41537102181179e-05,0.000111442194764605,0.000181816145885037,0.000286380785982382,0.000423083033162943,0.000623874502420762,0.000885292700060578,0.00123174142789622,0.00167748037849911,0.00223861568892212,0.00293091100387273,0.00376843635510191,0.00476306860716048,0.00592340137938493,0.00725471794353489,0.0087595554008956,0.0104399933218773,0.0123020611812443,0.0143631785909488,0.0166742241211279,0.0193573380795238,0.0227675889582752,0.0289689278387506,0.0408795788068533,0.0483192540763393,0.0905803580840534,0.137232380058565,0.516961145624644
"24",9.10827621259736e-05,0.000107822766696074,0.000175931472118048,0.000277153575039809,0.000409529790321058,0.000604010764231356,0.000857311176271333,0.00119312477850254,0.00162536595121351,0.00216977142386643,0.00284178940976831,0.00365527745386021,0.0046220255852094,0.00575071404523151,0.0070469186465924,0.00851372044414946,0.0101540581537119,0.0119752267665492,0.0139964359875391,0.0162711714504954,0.0189255498784527,0.0223218280286225,0.0285489565671847,0.0405590692378649,0.0480849140250031,0.0907954188989943,0.137871886700251,0.520553934260097
"25",8.78105188330295e-05,0.000103965228374286,0.00016965853158127,0.000267315240961195,0.000395074577289337,0.000582818432607713,0.000827446927610443,0.00115189286320355,0.00156969672626761,0.00209619411976787,0.00274648792367676,0.00353419836775927,0.00447101060342993,0.00556568385273426,0.00682409222809262,0.00824988426953543,0.00984690551833997,0.0116237974598672,0.0136016861687272,0.0158368627008004,0.0184597392635233,0.0218403536544814,0.0280946915028513,0.040211564394206,0.0478299555987741,0.0910253414374499,0.13855965504658,0.524426216842638
"26",8.44971424380847e-05,0.000100058415489363,0.000163304433234204,0.000257347514296177,0.000380425313895064,0.000561335555558584,0.000797163083816469,0.00111006620682687,0.00151320138907285,0.00202149120478855,0.00264968041555798,0.00341113896109196,0.00431743445534469,0.00537739383528299,0.00659718087891173,0.00798100750526193,0.00953362939725923,0.011265049450441,0.0131983421803866,0.0153926643235238,0.017982831018794,0.0213468704671498,0.02762850731507,0.0398541930219271,0.0475669588524468,0.091258844736575,0.139261875521773,0.52838750740375
"27",8.16177792252244e-05,9.66628313113522e-05,0.000157781124820947,0.000248681663722009,0.000367686778128416,0.000542650726996794,0.000770816865115967,0.00107366782446634,0.00146402275250206,0.00195644074761539,0.00256534975752984,0.00330389557763904,0.00418353613447563,0.00521314904098592,0.00639914152827507,0.00774620756931379,0.00925988831985092,0.0109513683258639,0.0128454205230841,0.0150037084761172,0.0175649089921936,0.0209140681951337,0.0272192585583635,0.0395399743966337,0.0473351932299832,0.091462215673198,0.139875968089084,0.531856718518334
"28",7.97773000314253e-05,9.44921848937491e-05,0.000154250055187116,0.000243141017430155,0.000359541189950545,0.000530701264544945,0.000753965132783827,0.00105038251486988,0.00143255554974206,0.00191480923609225,0.00251136683672001,0.00323522829225963,0.00409777847991137,0.00510792422135322,0.00627222513558954,0.00759568037968041,0.00908433104136532,0.0107501163938771,0.0126188969961754,0.0147539451722482,0.0172964198790956,0.020635881932461,0.0269560611658918,0.0393377025551854,0.0471857959952361,0.0915923849870816,0.140269992426535,0.534084652663771
