"","X0","X1","X2","X3","X4","X5","X6","X7","X8","X9","X10","X11","X12","X13","X14","X15","X16","X17","X18","X19","X20","X21","X22","X23","X24"
"1",0.322301511282066,0.181987040888521,0.152180337720745,0.11650659840957,0.0873264510049332,0.0582751354837982,0.0364656617551976,0.0214248266574428,0.0118310761880569,0.00616889985883152,0.00304235005152641,0.00142271297019255,0.000631517467409391,0.000266296636568175,0.000106725410673558,4.06667128956219e-05,1.47325469417462e-05,5.07323519068827e-06,1.66005747685242e-06,5.15915968709585e-07,1.52186912922556e-07,4.25852099129415e-08,1.13070336774723e-08,2.87374753433946e-09,7.9308940089117e-10
"2",0.303358418578684,0.174857131438639,0.150217053493361,0.118914128760583,0.0919587467038015,0.0637192533830649,0.0414470339162884,0.0253352160394736,0.0145737594930103,0.00792342141364477,0.00407983966294262,0.00199463819841999,0.000927217167311427,0.000410292472292766,0.000172963184623246,6.95050767773582e-05,2.66317130073566e-05,9.73004530848144e-06,3.3892636559284e-06,1.12519148288264e-06,3.55841169661002e-07,1.07150184510687e-07,3.07443339279811e-08,8.5001551516598e-09,2.56778381174999e-09
"3",0.260166555040933,0.157964982191601,0.14472271854977,0.123461691502334,0.102034204855752,0.0761727737595567,0.0532371258618135,0.0348614883493882,0.0214340958632158,0.0124234942409425,0.00680632952636061,0.00353413953731364,0.0017425005148542,0.000817051177072447,0.000364761815851117,0.000155167922207054,6.29264220292144e-05,2.43327603075117e-05,8.97152418366479e-06,3.15323614244249e-06,1.05604882424211e-06,3.36913045799158e-07,1.02520075995881e-07,3.01514580478702e-08,9.71496734291686e-09
"4",0.201919643097316,0.13289489990349,0.133558535320188,0.125982176698769,0.113594627517928,0.0929106704975022,0.0706310115739245,0.0499747038719816,0.0330192400619723,0.020462516394963,0.0119366390902763,0.006576283634883,0.00343082594850656,0.00169851242071915,0.000799307070145253,0.000357987447724403,0.000152720006356947,6.20900746012855e-05,2.40630482098729e-05,8.88954849355029e-06,3.12985846419606e-06,1.05021866199654e-06,3.36487475677975e-07,1.04529072040045e-07,3.56783739200101e-08
"5",0.142468661277527,0.10368854829505,0.115874838944475,0.121885451368635,0.120866125120532,0.108788601787151,0.0902567436243641,0.0691740828088361,0.0491930772600136,0.0326270432879904,0.0202735872650435,0.0118505883489339,0.0065387707042389,0.00341526794973848,0.00169238508542184,0.000797020101750405,0.000357178572148247,0.000152449314210529,6.20045650768151e-05,2.40376356899396e-05,8.88269790782678e-06,3.12974733890922e-06,1.05416429977838e-06,3.45367072673709e-07,1.24706552421834e-07
"6",0.0917679925125561,0.0747468239765985,0.0932129531960446,0.109308855833709,0.119507908765898,0.118535398378578,0.107628660591876,0.0896681623099302,0.0688768674311258,0.0490532188131305,0.032563034256778,0.0202458646368,0.0118389813133172,0.00653412730809288,0.00341349909789689,0.00169174564836724,0.000796800770264961,0.000357107349003345,0.000152427501325482,6.19984361290903e-05,2.40369431421691e-05,8.88855420123492e-06,3.1455078088519e-06,1.08615356464933e-06,4.14713861498399e-07
"7",0.0541793451030448,0.0496670592812836,0.0689719740008587,0.0898421454754936,0.108307029316076,0.118453393782879,0.118063130742386,0.107407529952824,0.089563544072778,0.0688312366178137,0.0490335485234181,0.0325550331036749,0.0202426730895338,0.0118377578887161,0.00653367905481628,0.00341334295516887,0.00169169393807473,0.000796784551669626,0.000357102597418492,0.000152426773641419,6.20016358426185e-05,2.40581482392364e-05,8.94267014944853e-06,3.25332172100517e-06,1.31340247823471e-06
"8",0.0294167999454911,0.0303882968136208,0.0467823306083491,0.0673799908917031,0.089456803761134,0.107859893295686,0.118272652169016,0.117984764265438,0.107372867921229,0.0895496784481048,0.0688256481178982,0.0490314442049486,0.0325542401304453,0.0202423835962937,0.0118376562870249,0.00653364503429899,0.00341333208676136,0.00169169068913198,0.000796783848830001,0.000357104514032624,0.000152438644173718,6.20700866717575e-05,2.42335440010207e-05,9.28635938300189e-06,3.96473633327891e-06
"9",0.0147295409913221,0.0171219888813687,0.0290716913880286,0.0460868356744095,0.0672440808794344,0.0892789906957959,0.107794598139307,0.118246218370343,0.117973833312389,0.107368891290765,0.0895481886893408,0.068825138508197,0.0490312650943986,0.0325541785430061,0.0202423630896589,0.0118376497503861,0.00653364308397902,0.00341333177610026,0.0016916916384955,0.000796791398352829,0.000357143214828418,0.000152648305950063,6.26104829690573e-05,2.52714442601505e-05,1.14153569129398e-05
"10",0.00681757137462604,0.00889212919350512,0.0165697548419501,0.0287896653058586,0.0460428110639617,0.0671779060197695,0.0892567331222655,0.107786086812503,0.118242921569135,0.117972746535028,0.107368513233949,0.0895480735043057,0.0688251013282822,0.0490312532410666,0.0325541748676277,0.0202423620406039,0.0118376497057016,0.00653364421255957,0.00341333645020516,0.00169171758915677,0.000796912868959316,0.000357756154327962,0.000154233819618633,6.55821098006943e-05,3.13630352314532e-05
"11",0.00292253134169062,0.00426231109940364,0.00867839567613932,0.0164633849093623,0.0287765757886965,0.0460198378819475,0.0671707702874439,0.0892541233351669,0.107785138026162,0.118242637820782,0.117972654378483,0.10736848862722,0.0895480663119538,0.068825099242168,0.0490312526872881,0.0325541749349254,0.0202423631462387,0.0118376546317823,0.00653366275712354,0.0034134230359814,0.00169208714695796,0.000798627864706939,0.000362191904862845,0.000162305092613533,8.22420708993778e-05
"12",0.00116215291570475,0.00188852271113185,0.00418576843421991,0.00864103714803083,0.0164598188869691,0.0287691590699777,0.0460176943498093,0.0671700116419391,0.0892538642785106,0.107785067395876,0.118242616159857,0.117972649347523,0.107368487306181,0.0895480659912942,0.0688250993272575,0.0490312536070228,0.0325541794535817,0.0202423819895864,0.0118377234914577,0.00653394371824534,0.00341451448569084,0.00169669196740111,0.00081047492063028,0.000382997765225836,0.000205823636874603
"13",0.000429216689745811,0.000774576503422855,0.00186311291854456,0.00417354408283899,0.00864014956314042,0.016457598500703,0.028768558103209,0.0460174864823539,0.0671699450970125,0.0892538476558537,0.107785062523417,0.118242615181428,0.117972649134718,0.107368487376146,0.0895480666907644,0.0688251029736385,0.0490312704033316,0.0325542471624144,0.0202426223994363,0.0118386052819238,0.00653707035254818,0.00342640741765494,0.00172692674660038,0.000861391158343231,0.000491439600810311
"14",0.000147362380098873,0.000294455649837018,0.000766748954402844,0.00185938607884173,0.00417334301692148,0.00863953469956616,0.0164574417754824,0.0287685046973931,0.0460174705239257,0.0671699414315722,0.0892538466200259,0.107785062356144,0.118242615227843,0.117972649631002,0.107368490097753,0.0895480800185996,0.0688251618253782,0.0490314997796743,0.0325550376960676,0.0202452859365049,0.0118472760264188,0.00656667375330423,0.00350018585007965,0.00184522957454521,0.00111871639861766
"15",4.70583829835267e-05,0.000103854504907305,0.000292217032142622,0.000765690719430731,0.00185934481986651,0.00417318589304983,0.00863949678929146,0.0164574289640006,0.0287685011451085,0.0460174697720308,0.0671699412309415,0.089253846639665,0.107785062676294,0.118242617102838,0.117972659369386,0.107368535855626,0.0895482742753386,0.0688258938901712,0.0490339473873041,0.0325627390351036,0.0202684824520588,0.0119183678850727,0.0067388451729691,0.00376113742883086,0.00242540157558683
"16",1.39807559328862e-05,3.40085140636421e-05,0.000103260140275772,0.000291937354926761,0.00076568309527334,0.00185930785722978,0.00417317741118865,0.00863949393109027,0.0164574282338287,0.0287685010048926,0.0460174697586615,0.0671699414090071,0.0892538477920512,0.107785069124809,0.118242649492089,0.117972806247153,0.107369137498702,0.0895504697804321,0.0688330182627916,0.0490551480988808,0.0326223339565404,0.0204331610580781,0.0123024711447076,0.00728511764111026,0.00500058043628246
"17",3.86395887572694e-06,1.03437173854135e-05,3.38620779870975e-05,0.00010319141027831,0.000291936095337385,0.000765675112013381,0.00185930610726317,0.00417317682068767,0.00863949379414496,0.0164574282196347,0.0287685010864201,0.0460174703754028,0.067169945198086,0.0892538684132313,0.107785169666024,0.118243091041268,0.117974555959946,0.107375327063665,0.0895699674499208,0.0688883785787813,0.0492015274897851,0.0329897472149059,0.0212515057219077,0.0133869381846174,0.00978572924243026
"18",9.93048928919927e-07,2.92228209372834e-06,1.03102673907216e-05,3.38463921363859e-05,0.000103191225735898,0.000291934517088536,0.000765674780234733,0.00185930599518994,0.00417317680123904,0.00863949382835154,0.0164574285099014,0.0287685030432032,0.0460174819969938,0.0671700066058609,0.0892541591542454,0.107786408501516,0.118247850258678,0.117990899604294,0.107425346758902,0.0897063998905926,0.0692302303742567,0.0499884997534306,0.0346516813193211,0.0232908400821397,0.0181334150082753
"19",2.37156562679275e-07,7.6667760814176e-07,2.91520657345615e-06,1.03069478954967e-05,3.38463683247064e-05,0.000103190941175856,0.000291934459753073,0.000765674762724989,0.00185930600884678,0.0041731769333731,0.00863949475905119,0.0164574344128582,0.0287685366357513,0.0460176534393582,0.0671707932649649,0.0892574110750825,0.10779852925476,0.118288281098842,0.118111147749486,0.10774179393955,0.0904621222451402,0.0708418254206461,0.0531971677973425,0.0382776067525382,0.0317288466917897
"20",5.25742496773715e-08,1.86678356480951e-07,7.65294073164252e-07,2.91455692064517e-06,1.03069476753143e-05,3.38463329654174e-05,0.000103190979235971,0.000291934641720978,0.000765675451488946,0.00185930850402969,0.00417318602876026,0.00863952927743471,0.0164575718655414,0.0287690961782491,0.046019889742999,0.0671792688247802,0.0892871787894119,0.107893533720695,0.118560691967595,0.118801870514266,0.109317542887054,0.0936011084478776,0.0767083960497708,0.0592730047650332,0.052249948979815
"21",1.08038631577689e-08,4.21466269065014e-08,1.86428741604159e-07,7.65176505404274e-07,2.91455681806249e-06,1.03069420277941e-05,3.3846339742723e-05,0.000103191028633059,0.000291934939288389,0.000765677177387344,0.00185931814928811,0.00417323722456532,0.00863978340149213,0.0164587372229318,0.0287739935318735,0.0460386463847144,0.0672444599733998,0.0894910713308439,0.108463665225769,0.119963644478136,0.121877488649069,0.115094967124475,0.103719279034707,0.086278830765497,0.0807140019636025
"22",2.05461114831022e-09,8.81293893327648e-09,4.21123157520292e-08,1.86446704450338e-07,7.65358879525195e-07,2.91537448264648e-06,1.03103412485735e-05,3.38594231515654e-05,0.000103237778222133,0.000292090403926499,0.000766160293097232,0.00186073088980813,0.00417716875317,0.00865036442479007,0.0164867856704914,0.0288482038371083,0.0462345422594105,0.0677506279389925,0.0907353992316086,0.111266237398084,0.125683914303063,0.131892582663157,0.131357812289615,0.117596986999323,0.1162490649418
"23",3.60716042689046e-10,1.70338808228592e-09,8.80688582272493e-09,4.2110842700878e-08,1.86455251751335e-07,7.65404523288654e-07,2.91560810698614e-06,1.03114835794709e-05,3.38647909744928e-05,0.000103262115645484,0.000292197127988827,0.00076661245872056,0.0018625717260495,0.00418430600883017,0.00867644075827853,0.016575602579543,0.0291273779607764,0.047034610292198,0.0698178762215622,0.0954551353489174,0.120776082705349,0.141759356357761,0.156493053643917,0.150511391459538,0.156516026510655
"24",6.41398530783920e-11,3.34832315473556e-10,1.88002305221392e-09,9.73830742368335e-09,4.66212066066648e-08,2.06620927019396e-07,8.48798136196456e-07,3.23489698728621e-06,1.14439521923808e-05,3.7586943278093e-05,0.000114600105386578,0.000324206766485619,0.000850393934691271,0.00206605436390464,0.0046438680945318,0.00964557926204118,0.0184966589414502,0.0327352861971778,0.0534944628592348,0.0807759450077744,0.112894934402059,0.145327270271859,0.173629672295814,0.175788192235378,0.189159495412182
"25",9.73575237200677e-12,5.61404676298919e-11,3.42398920936067e-10,1.92166421709451e-09,9.94893262289780e-09,4.76160967787263e-08,2.11033477550304e-07,8.67248870302708e-07,3.30793906803397e-06,1.17189319800399e-05,3.85759115305822e-05,0.000118012220096313,0.000335531079499261,0.000886551294950799,0.00217674432223811,0.00496648490017929,0.0105317937345478,0.0207597750676333,0.0380265645687032,0.0645588146002786,0.101204670393011,0.144370171506565,0.187803854835104,0.200627198922694,0.223579091594603
