"","X0","X1","X2","X3","X4","X5","X6","X7","X8","X9","X10","X11","X12","X13","X14","X15","X16","X17","X18","X19","X20","X21","X22","X23","X24"
"1",0.291633953597641,0.205216882941097,0.148748455499829,0.118042988281904,0.0832548357258982,0.0581621206180346,0.0386358796998912,0.0243859290821104,0.0146248500865684,0.00833085107460848,0.00451551024544655,0.00233295645068724,0.00115068966455184,0.000542492587964693,0.00024468937390058,0.000105664273756748,4.3707328193509e-05,1.73236508115477e-05,6.58056887063205e-06,2.39579014289653e-06,8.35930014885164e-07,2.79496545821482e-07,8.95497633063835e-08,2.89585372644643e-08,9.52323043173895e-09
"2",0.279134769121516,0.198309591274083,0.146540314649705,0.118803167582729,0.0862358790472171,0.0620125026473243,0.0424639716646019,0.0276570678339756,0.0171297792753776,0.0100877071025475,0.00565843495381707,0.00302851856049519,0.00154910244615322,0.00075825296368974,0.000355539282840079,0.000159833317916492,6.89347861316863e-05,2.85372100754033e-05,1.13430421373473e-05,4.32987522372076e-06,1.58738210687425e-06,5.58937579140122e-07,1.89066955121634e-07,6.49633553220907e-08,2.30124452853076e-08
"3",0.250022736042914,0.181972326352808,0.140917382840695,0.120052474520248,0.0927992721012783,0.0708422793146395,0.0514771290615638,0.035533354720931,0.0232883736856105,0.0144949164082959,0.00858274492448481,0.00484339887225781,0.00260919701826377,0.0013437556899088,0.00066239477915188,0.000312848362748631,0.000141684472115836,6.15675419470227e-05,2.56813373429517e-05,1.02860364212037e-05,3.95655876034485e-06,1.46182107568779e-06,5.18990137319608e-07,1.87828642527611e-07,7.07177571025348e-08
"4",0.208495265039249,0.157740193709513,0.131093824118629,0.119841803057831,0.100663554213332,0.0828343434953522,0.0646331234683708,0.0477077017144342,0.0333029344851643,0.0220049547234484,0.0137906263541224,0.00821450314747794,0.0046598014506776,0.00252178658760219,0.00130397810295978,0.000645089033009173,0.000305649874017149,0.000138822002339917,6.04797618258986e-05,2.52866621774687e-05,1.01497630203605e-05,3.91255853735568e-06,1.44947390638534e-06,5.49089859337206e-07,2.18113142231831e-07
"5",0.162260726580202,0.129160346620984,0.116957463630194,0.115892900826421,0.106384209479636,0.0946542789362744,0.079431062997377,0.062744807540203,0.0466687762148808,0.0327356592597235,0.0217073010500501,0.0136410346730971,0.00814250944293897,0.00462658440603836,0.00250708460778989,0.00129773875989361,0.000642551524440621,0.00030466163931784,0.000138454026542109,6.03496045445037e-05,2.52443527177434e-05,1.01398949991654e-05,3.91491389368075e-06,1.5503443677117e-06,6.48673473675333e-07
"6",0.118076244399682,0.0998299554672426,0.0992544679160243,0.10691537276721,0.10712887140423,0.102972825209628,0.092896670234229,0.0785500316603019,0.0623004213010446,0.0464407397125344,0.0326224005381239,0.0216531801241861,0.0136161769063723,0.00813151904894729,0.00462190305470789,0.00250516569616706,0.00129698283876572,0.000642266118933852,0.000304559612668691,0.000138422197248571,6.03461431844361e-05,2.52566546511453e-05,1.01619294313349e-05,4.20630109713618e-06,1.85276338674127e-06
"7",0.0804687241775857,0.0727648216732962,0.0796085538228874,0.0931382523413454,0.101533660016114,0.105288945981956,0.10210327195869,0.0925051865582529,0.0783708025409425,0.0622143863820242,0.0464005154545919,0.0326042561472251,0.0216452963969164,0.0136128679789217,0.00813017473824905,0.00462137522307891,0.002504966161855,0.00129691176825384,0.000642246173179474,0.000304565009709138,0.00013844772724655,6.03980278958472e-05,2.53310106238576e-05,1.09615931885838e-05,5.08113597000382e-06
"8",0.0514140291635309,0.0499626309410688,0.0600792379956459,0.0761585055308653,0.0900158793872105,0.100588536920826,0.104874356056092,0.101936074889056,0.0924362568828246,0.0783398873663083,0.0622008071367305,0.0463947582623454,0.0326019066087231,0.0216443687173234,0.0136125119392401,0.00813004238441925,0.00462132908271114,0.00250495581509721,0.00129692445441588,0.000642289184614806,0.000304654282384681,0.000138612253442827,6.06269679993499e-05,2.7437312601313e-05,1.33804645222554e-05
"9",0.0308247583866604,0.0322889610514795,0.0425479249060497,0.0582719496896175,0.0744459080901955,0.0895536335866243,0.10039780245854,0.104805496344334,0.10191068275887,0.0924255998459463,0.0783354823836698,0.0621990531819631,0.0463940891877367,0.0326016603546458,0.0216442807563774,0.0136124826897503,0.0081300380468524,0.00462134588117344,0.00250501133915444,0.00129706090126044,0.000642560778090404,0.000305144608645785,0.000139282798819018,6.59573382350327e-05,3.38326353083653e-05
"10",0.017354861462923,0.0196298699017496,0.0282388960687108,0.0416674709798076,0.0573839319348605,0.0742309830894398,0.0894690979161769,0.100370476900414,0.104796545912397,0.101907156913184,0.0924242217133577,0.0783349650750167,0.0621988687242298,0.0463940264369027,0.0326016407258855,0.0216442792441346,0.0136124995677333,0.00813009813857929,0.0046215126246919,0.00250540951261226,0.00129784456457556,0.000643953662772811,0.000307018760382123,0.000152243732762797,8.21264366993858e-05
"11",0.00918293721020324,0.0112242319861608,0.0175579310996087,0.0278397872298363,0.0412322387793572,0.0572890876739336,0.0741949769308576,0.0894586751907536,0.100367470469268,0.104795431634506,0.101906742583747,0.0924240741192597,0.0783349157980746,0.0621988540110075,0.0463940258177472,0.0326016554703165,0.0216443351078522,0.0136126743328002,0.0081305696960745,0.00462262134396883,0.00250756818474861,0.00130162183107235,0.000648954325817984,0.000337292204569462,0.000191326968458435
"12",0.00457000389603754,0.00603696454147485,0.0102297707362377,0.0173896301112705,0.0276381753679734,0.0411925682046088,0.0572743842564162,0.0741911640688596,0.089457716905344,0.100367136150393,0.104795312775516,0.101906702247755,0.0924240620760536,0.0783349153974071,0.0621988662463387,0.0463940740421817,0.0326018169452161,0.0216448209338973,0.0136139545672991,0.00813352705117337,0.00462830629790618,0.00251735227213084,0.00131436007094198,0.000716848351492072,0.000427566486074831
"13",0.00214068604654082,0.0030552000008113,0.00558852791665752,0.0101638146822488,0.0173013624484193,0.0276224639565968,0.0411868240118211,0.0572730488400231,0.0741908752549089,0.0894576223110086,0.100367104028507,0.104795302908194,0.101906701975344,0.092424072475106,0.0783349564193233,0.0621990081158391,0.0463945246576317,0.0326031223427003,0.0216481674803037,0.0136215232224284,0.00814785481619301,0.00465252203256946,0.00254832365008825,0.00146045056001914,0.000915939846716196
"14",0.000944489965302868,0.001455491835322,0.00286499862214998,0.00556455526287941,0.0101272893042455,0.0172954751919507,0.0276203212614299,0.0411863767993078,0.0572729667285152,0.0741908502425699,0.0894576146753368,0.100367103934329,0.104795311940766,0.101906737610741,0.092424196406691,0.0783353603782658,0.0622002297347471,0.0463979213679621,0.0326115587722513,0.0216667764149758,0.0136561078979595,0.00820513115454245,0.00472436212270161,0.00284959793797452,0.0018791744370816
"15",0.00039275720143346,0.000653043954863294,0.001379541428378,0.00285694581107593,0.00555026901309107,0.0101252034370536,0.0172947134497775,0.0276201782472813,0.0411863548715891,0.0572729609393542,0.0741908503104333,0.0894576223016081,0.100367134714986,0.104795420715459,0.101907096958005,0.0924253106787515,0.0783385730849743,0.0622087877876599,0.0464184447387935,0.0326555458013584,0.021746765074546,0.0137855559546837,0.0083639768783648,0.00531894325559804,0.00368800339088122
"16",0.000154016100070687,0.000276089486554923,0.000624470032056081,0.00137705608215131,0.0028516639691539,0.00554957063480606,0.0101249458171854,0.0172946698878833,0.0276201730036466,0.0411863549241824,0.0572729669242889,0.0741908754961331,0.0894577147493402,0.100367449082286,0.104796418639063,0.101910058452257,0.0924334761520282,0.0783594127134565,0.0622569397080734,0.0465184000126867,0.032832793537044,0.0220261772961073,0.0141199638924354,0.00948479059282985,0.00691355281427964
"17",5.69779242389136e-05,0.00011003341063122,0.000265955719793333,0.000623772411209091,0.00137521027285941,0.00285144312750896,0.00554948792084549,0.0101249333550917,0.0172946695705198,0.027620177258671,0.0411863738820477,0.0572730402106277,0.0741911364656785,0.0894585762309443,0.100370092114438,0.104803965742813,0.101930033090278,0.0924823872915366,0.0784682023367033,0.0624751179771845,0.0468944615409617,0.0334082559097895,0.0226953832868948,0.01613303954111,0.0123572734076231
"18",1.98917961510226e-05,4.13547162953613e-05,0.000106644254674266,0.00026578094782162,0.000623162763784199,0.00137514436805181,0.00285141804241976,0.00554948503853241,0.0101249359935881,0.0172946824875761,0.0276202301531091,0.0411865729939784,0.0572737325059762,0.074193363323842,0.089465209949024,0.100388410766601,0.104850708699281,0.102040149263927,0.0927182872045245,0.0789246609030164,0.0632378601074185,0.0480236021410914,0.0346786149108782,0.026130099602246,0.0210159970661913
"19",6.55446581578282e-06,1.46610653407263e-05,4.02856329463514e-05,0.000106606706634544,0.000265590682151363,0.000623144259837773,0.00137513744118913,0.00285141884734405,0.00554949300505051,0.0101249706181138,0.0172948204745081,0.0276207379805501,0.0411882992360312,0.0572791540589978,0.0742090937091232,0.0895073798930453,0.10049255050085,0.105087443103937,0.102529275867584,0.0936310338879146,0.0804002526115707,0.0653442138692513,0.0503051546157358,0.0402252772919201,0.0339274501745565
"20",2.03846467432089e-06,4.90352747605973e-06,1.4342996278909e-05,4.02794710184794e-05,0.000106550729609233,0.000265586219983582,0.000623144074302086,0.00137514418807644,0.00285144586113289,0.0055495955592991,0.0101253447787543,0.0172961143741086,0.0276249362669859,0.0412009963581162,0.0573147780789568,0.0743015364341261,0.0897282389875469,0.100977380632353,0.106054058543203,0.10426804454978,0.0963456223176106,0.0841248691296259,0.0692070690591483,0.0587440135223627,0.0518539658754696
"21",5.98291399115567e-07,1.54724458159261e-06,4.8142867445521e-06,1.43426053015513e-05,4.02639567422397e-05,0.000106550036318425,0.000265588356601186,0.000623156224944937,0.00137519689467891,0.00285165838042798,0.00555039328712241,0.0101281260917767,0.01730510106877,0.0276517925334388,0.0412750564752156,0.0575028591173422,0.0747396901094873,0.0906625009180418,0.102781862348029,0.109189607590211,0.108995553269892,0.102568556946568,0.0902722817530393,0.0812506021914788,0.0748423000218448
"22",1.65715192187895e-07,4.60683947818596e-07,1.52421482294724e-06,4.81657849504552e-06,1.43455252506935e-05,4.02863068271857e-05,0.000106619417298984,0.000265792691894612,0.00062373562019756,0.00137679328008656,0.00285596063677672,0.00556177062967424,0.0101575906057697,0.0173792909306929,0.0278314252103176,0.0416882489173791,0.0583941920160002,0.0765244504420537,0.0939298585819004,0.108187402904645,0.116977920714414,0.118740050677765,0.111619269773068,0.106144087166947,0.101573940758582
"23",4.32738684923119e-08,1.29317290129189e-07,4.54859303132651e-07,1.52462046958676e-06,4.81676221691077e-06,1.43506100985396e-05,4.03075638997427e-05,0.000106703897380287,0.000266113097664836,0.000624890707252758,0.00138073072490779,0.00286858707969062,0.00559967166268991,0.0102635856499691,0.0176541372398177,0.0284891854297084,0.043132641449253,0.061290250185681,0.0817699946233067,0.102432571681665,0.120111755248019,0.131331590190267,0.131365107216885,0.131324982082726,0.12992587482597
"24",1.17994388243766e-08,3.79347168039066e-08,1.4190776007824e-07,5.04709904979007e-07,1.69148802895932e-06,5.34497091656124e-06,1.59240431800691e-05,4.47261338844517e-05,0.000118408711413909,0.000295385624562212,0.000694087927609137,0.00153559735151727,0.00319738957649077,0.00626331086089457,0.0115388956335503,0.0199878741479678,0.0325447190192689,0.0497874809688419,0.0714741608224071,0.0960713403085073,0.120147101034346,0.138912061511336,0.145228683092928,0.150223890958618,0.151911229461909
"25",2.79186625855503e-09,9.65801035266644e-09,3.84462794412108e-08,1.45259040901008e-07,5.17213428482195e-07,1.73694860335792e-06,5.50338154995417e-06,1.64559586089168e-05,4.64469378137482e-05,0.000123763483086037,0.000311363526648611,0.000739602459398268,0.00165869348127448,0.00351152149967619,0.00701456703323331,0.0132107557704725,0.0234220065240799,0.0390039809587624,0.0607746885203415,0.0881566272905115,0.117911405268826,0.144242899570986,0.157517148769655,0.168422626797986,0.17390749244986
