"","X0","X1","X2","X3","X4","X5","X6","X7","X8","X9","X10","X11","X12","X13","X14","X15","X16","X17","X18","X19","X20","X21","X22","X23","X24"
"1",0.158663272851049,0.144205102359391,0.134548688402074,0.11834407177363,0.100898957521663,0.0838028822153953,0.0677189852951138,0.0531750691879238,0.0405899271242078,0.0301598992552164,0.0218473248534473,0.0154481437668278,0.0106725712753041,0.00720860746996007,0.00476215094081877,0.00307780339559502,0.00194644213215433,0.00120465184016023,0.000729726442123118,0.000432764490456481,0.000251467014606851,0.000143583226188897,8.14320310175823e-05,4.79781439967132e-05,3.84969916772773e-05
"2",0.156061614819973,0.142017894585093,0.132808798155471,0.117214899873033,0.100390947745825,0.0838491595071182,0.0682084738800447,0.0539745225656935,0.0415640271501862,0.0311886398785492,0.0228373877854967,0.0163370995243238,0.0114271226582537,0.0078191121506983,0.00523565351155269,0.00343126395649609,0.00220116037570443,0.00138227911341247,0.00084982761913094,0.000511649372617717,0.000301924614220061,0.000175175277792278,0.000101068460031803,6.06907447592327e-05,4.96066745219047e-05
"3",0.149781957211378,0.136728833289725,0.128584867223609,0.114450355604668,0.0991155513931973,0.0839088451967292,0.0693431323397769,0.0558692315700206,0.043896263274092,0.0336697821337548,0.0252405016526225,0.018507923716217,0.0132808619591912,0.00932814746864777,0.00641337770285134,0.00431606333383829,0.00284299468227471,0.0018328985642772,0.0011566352769841,0.000714614838038537,0.000432717139638984,0.000257712216985779,0.000152811446829981,9.45058404068787e-05,7.94149242432576e-05
"4",0.139973317126267,0.128429650743886,0.121892854612971,0.109980511214255,0.0969317094742471,0.0837986468737127,0.070931284093563,0.0586900271471192,0.0474622302262268,0.0375346302211112,0.0290436574304734,0.0219948725184154,0.0163020940390978,0.0118235803380418,0.00838969740838576,0.00582303771448382,0.00395272883297271,0.00262399393560747,0.00170364918248698,0.00108221459951154,0.000673441771694565,0.000412191946796065,0.00025141461596941,0.000160209095446221,0.000138354837256441
"5",0.127409090172183,0.117724397088666,0.113134127515041,0.103953004376912,0.0937497169407644,0.0832448195290618,0.0725860821376572,0.0620100178685908,0.0518576656819957,0.0424457216518646,0.033999117323569,0.0266436571800249,0.0204195782790711,0.0152987969014745,0.0112017236832474,0.00801370215614507,0.00560086709629966,0.00382434885088616,0.00255164654419464,0.0016644854863238,0.00106315493088315,0.000667979145926719,0.00041862884130545,0.000274490584274502,0.00024318003363547
"6",0.112957727217071,0.105297787814097,0.102774077482188,0.0965540602227783,0.0894890021210403,0.0819529224252398,0.0738735878689036,0.0653358436513481,0.0566019344372864,0.0479894445255292,0.0397921221939544,0.0322483645064741,0.0255288329973883,0.0197321694533602,0.0148872094439014,0.0109618940895575,0.0078775401430442,0.00552568635322089,0.00378453094014684,0.0025326973221412,0.0016591718515673,0.00106946694829995,0.000688349407077681,0.000464148577893784,0.000421428006488784
"7",0.0975140489182914,0.0918683884269757,0.0913231742297194,0.0880213457303209,0.0841171720788878,0.0796622429637797,0.0743701389011461,0.0681569646532272,0.061171761149077,0.0536911970631471,0.0460386052175054,0.0385357907661103,0.0314685227466896,0.025060848687739,0.0194600075327471,0.0147336019095352,0.010877862527804,0.00783348894697183,0.00550477623125467,0.0037782473370138,0.00253823985501459,0.00167856583753353,0.00110975028523564,0.000769530765547036,0.000715727238723855
"8",0.081931770513068,0.0781402837262926,0.0793131421174445,0.0786496741525342,0.0776821074433133,0.0761961135755797,0.0737202027426537,0.0700002934810927,0.065043967437511,0.0590410815723708,0.0522926574345588,0.0451569276162549,0.0380004687462274,0.0311546603727594,0.024882844317729,0.0193624187256379,0.0146823481286094,0.010853212375665,0.00782516956484691,0.00550899727788794,0.00379627973518188,0.00257671288646424,0.00175065380866752,0.00124869953495361,0.00118931271269374
"9",0.066968432157602,0.0647608852677836,0.0672713663690671,0.0687874430641866,0.0703307104783769,0.0714993518144435,0.0716858272585938,0.0704831663969058,0.0677433773369191,0.0635298062852388,0.0580663958769678,0.0516901202235969,0.0447983841607749,0.0377946764981237,0.0310407298642054,0.0248224313402995,0.0193328034190294,0.0146712815143319,0.010855651732017,0.00784166340034479,0.00554540980742666,0.00386538180243251,0.00270042538658806,0.00198187134924,0.00193240719550223
"10",0.0532304225150156,0.0522736767091411,0.0556829239927992,0.0588141164453948,0.0623056193414161,0.0656554835022453,0.0681823908531905,0.0693622569787764,0.0688970761854137,0.0666997486389461,0.0628704907329923,0.0576664029761292,0.0514566983417763,0.0446672926546639,0.0377242100948486,0.031005501000552,0.0248082793244558,0.0193333436797399,0.0146861294334178,0.0108901047276723,0.00790757772110976,0.00566427070266655,0.00407163587620554,0.00307550454192779,0.00306884302950149
"11",0.0411351765914974,0.0410806528709499,0.0449522183698999,0.0491060752970741,0.053921484175321,0.0588794206813808,0.0632912824741135,0.0665659047214227,0.0682817912576478,0.0681996271819773,0.0662671943442081,0.0626129591269451,0.0575192135871355,0.051376310425753,0.0446263580224218,0.0377069637296155,0.0310043353677551,0.0248218172746471,0.0193660535883055,0.0147493071756414,0.0110039627661777,0.00810603791019218,0.0059993112869892,0.00466490559928419,0.00476163617364214
"12",0.0309009533693196,0.0314248508761631,0.0353748496486997,0.0400001946856648,0.0455270689339513,0.0514871504322524,0.0572456120026379,0.0622010190572204,0.0658523271572837,0.0678299038306432,0.067924594992262,0.0661067912140825,0.0625237874848668,0.0574730318482913,0.0513562800840987,0.0446239257946927,0.0377199083592859,0.0310362253485706,0.0248829949224193,0.0194759926378408,0.014940002719017,0.0113267008561307,0.00863646138287835,0.00691382388970943,0.00721554847201554
"13",0.0225641420503762,0.0233952560612076,0.0271252080147249,0.0317632688909506,0.0374620242428737,0.04384950162437,0.0503920296136358,0.0565324860137387,0.0617440950453342,0.0655686416866542,0.0676608538086675,0.0678287751285172,0.0660563802109476,0.0625016156247102,0.0574700153445005,0.0513696309523219,0.0446565097595086,0.0377810186176659,0.0311439912044331,0.0250682400252964,0.0197869890010013,0.0154514070244773,0.0121446835811191,0.010009213554157,0.0106740229188081
"14",0.0160166337750055,0.0169500368350888,0.0202603415860969,0.0245728202135166,0.0300174948885403,0.0363403096723252,0.0431372916795222,0.0499396526153583,0.0562490192603933,0.0615720606969853,0.0654692074964811,0.0676077786158408,0.0678054358056153,0.0660537116177545,0.0625166427433093,0.0575052380757989,0.0514335887647709,0.0447658699762557,0.0379645148503491,0.0314479025929131,0.025562467753592,0.0205761920247036,0.0166790466974438,0.0141492926868053,0.0154074490755319
"15",0.0110528064846499,0.0119508215907631,0.014737086433652,0.0185116207735409,0.023407812898314,0.0292895164276423,0.0358908987993258,0.0428592396086024,0.0497699151531147,0.0561494839576675,0.06151833660476,0.0654459627496045,0.0676066021366079,0.0678236521536847,0.0660938989905367,0.0625870732976646,0.0576215922245624,0.0516223870340408,0.0450700359990341,0.0384505114923927,0.0322128938140916,0.0267474443872562,0.0223672158194929,0.0195233905928322,0.0216898005761645
"16",0.00741629265135486,0.0082002477330565,0.0104374951807396,0.0135751079924535,0.0177571130719988,0.02294928464355,0.0290146838506416,0.0357260684944986,0.0427626309586795,0.0497176983519653,0.0561277655326246,0.0615199017343757,0.0654690010970121,0.0676543371697187,0.067904731532686,0.0662237868124906,0.0627908563909358,0.0579387443794722,0.0521139543142648,0.0458272912448405,0.0396026982792056,0.0339418593855813,0.0292838496316113,0.0262829916442125,0.0297616079220278
"17",0.00483943956003134,0.00547640203061059,0.00719714979837438,0.00968844933785646,0.0131009191265835,0.0174771804084647,0.0227872726396465,0.0289221760116043,0.0356770321825096,0.0427437879871472,0.0497231830415628,0.056157146662246,0.0615777153407519,0.0655650945021284,0.0678049928569132,0.0681348624543476,0.0665706899090952,0.0633101585228646,0.0587130149806868,0.0532624991594827,0.0475137109670272,0.0420503555784772,0.0374225560362576,0.0345049416270829,0.0397792692782454
"18",0.00307181415412352,0.00356008825019171,0.00483168647780543,0.00672876118475435,0.00939965650713279,0.0129362289253196,0.0173870424636354,0.0227417985871105,0.0289070396036484,0.0356872644731675,0.0427805869315386,0.049793038130911,0.0562720651397192,0.0617561169667814,0.0658334329789517,0.0682004554298375,0.0687097196992342,0.0673990236915503,0.0644974443712528,0.0604064462870514,0.0556574683822037,0.0508695068141651,0.0466690421349748,0.044150090690011,0.0517541817249267
"19",0.00189719045899326,0.00225328365094541,0.00315833151566503,0.00454798154138491,0.00655931539665391,0.00930831917282651,0.0128928847678256,0.0173754303816789,0.0227568898454361,0.0289514881859635,0.035769921282171,0.0429165297245486,0.0500042997236491,0.0565887761890812,0.0622181750170403,0.0664931188546046,0.0691266919067109,0.069994850571369,0.0691686560535887,0.0669206175832574,0.0637003559608497,0.0601033168604745,0.0567802748639638,0.055023456750882,0.0654898437404339
"20",0.00114061058412181,0.00138912222513973,0.00201094755829649,0.00299286738931473,0.00445425670014213,0.00651567586553449,0.00929883454571874,0.0129119657207232,0.0174266270452251,0.0228514110410747,0.0291080588407825,0.036015476588515,0.0432871049144474,0.0505458626570645,0.0573581349338492,0.0632844927243744,0.067940963073158,0.0710618083950725,0.0725534592753328,0.0725270474212587,0.0712981923732014,0.0693766818245771,0.0673752384248825,0.0667448711248179,0.080530288753373
"21",0.000668143971286454,0.00083494041354638,0.00124849775381196,0.00191990195586615,0.00294785225159954,0.00444459597667782,0.00653643067179697,0.00935398160921697,0.0130145541334598,0.0175989568106792,0.0231259271554411,0.0295283697852993,0.0366368266466541,0.0441759656302756,0.0517787895163804,0.0590206450857021,0.0654713534056496,0.07075971073782,0.0746408981006923,0.0770516183142443,0.0781360665732921,0.0782639103176453,0.0779482321064707,0.0787476222181508,0.0961462088583389
"22",0.000382632750944989,0.000491084975698558,0.000758878111270874,0.00120597546081716,0.00191074606058152,0.00297064990903893,0.00450454339830478,0.00664820142991609,0.00954316927288561,0.0133191403052928,0.0180707960063549,0.0238314139033941,0.0305474200083945,0.038059705734517,0.0460982221708585,0.0542955406838996,0.0622224804455318,0.0694447960040278,0.0755946841535815,0.0804418592693878,0.0839437269152009,0.0862948686667307,0.0878619443375656,0.0902582772846858,0.111299242741117
"23",0.00021529243519975,0.000284228575624448,0.000454458568070887,0.000747031129099142,0.0012225451588752,0.00196209101550239,0.00307139520960133,0.00468088780719527,0.00694069257798407,0.0100093385231864,0.0140353632369392,0.019132123568239,0.0253481218401253,0.0326375882837738,0.0408382698692075,0.0496645059083194,0.0587228894174689,0.0675546559039191,0.0757032145807943,0.0827936720326353,0.0886025309573444,0.0931378088953707,0.096595265684848,0.10059826890802,0.125047759912654
"24",0.000130528410768547,0.000177190603171237,0.000292750950100573,0.000496834829231943,0.000838136757257568,0.00138550128969598,0.0022332775113164,0.00350433060019692,0.00534927433797938,0.00794001666456646,0.011455699800814,0.0160599096589531,0.0218698816421353,0.0289212031339346,0.0371346742227907,0.0462945680703277,0.0560483228897321,0.0659356773852243,0.0754496762647551,0.0841189252851815,0.0915893623808475,0.0977264101064468,0.102588759900817,0.107788124521956,0.134670962781797
"25",7.67268005378877e-05,0.000107621701437971,0.000184608819023419,0.000324797320792816,0.000566868799190919,0.000968429311142232,0.00161226478444035,0.00261167388375949,0.00411331545831696,0.00629527237284043,0.00935760935701927,0.0135030345725796,0.0189067972492527,0.0256778065212638,0.0338168079786252,0.0431813366430826,0.0534695973225398,0.0642348609129025,0.0749370229191671,0.0850239880101979,0.0940223152264806,0.101659289081956,0.10785473190892,0.114192278020996,0.143300945023532
