"","X0","X1","X2","X3","X4","X5","X6","X7","X8","X9","X10","X11","X12","X13","X14","X15","X16","X17","X18","X19","X20","X21","X22","X23","X24"
"1",0.163315050346513,0.143893605134961,0.134025958833414,0.117781326152599,0.100347471221461,0.0832840468308701,0.0672498267110109,0.0527690968632878,0.0402534746123049,0.029891751693869,0.0216408996571048,0.0152940930412948,0.0105608305073897,0.00712968951740713,0.00470781714903736,0.0030413078709679,0.00192251341305775,0.00118933166603,0.00072014702432742,0.000426916184783912,0.00024798689239982,0.000141578348925306,8.03528733717478e-05,4.76723003735056e-05,3.72551532360748e-05
"2",0.160642837225944,0.141720826958331,0.132305769178618,0.116672191739897,0.0998573416736084,0.0833446212610836,0.0677493141602269,0.0535741840039029,0.0412293372381979,0.030919244649741,0.0226277010673943,0.0161787131738054,0.0113107352225261,0.00773577477524199,0.00517744739687345,0.00339158319582539,0.00217474485111437,0.00136510325875822,0.000838918643436965,0.000504884057830696,0.000297835925948197,0.000172784735283875,9.97659530875265e-05,6.03331941064157e-05,4.80064592147465e-05
"3",0.154192564736853,0.136466124706947,0.128128915235902,0.113955684501072,0.0986250124836338,0.0834389834916662,0.0689084903794622,0.0554830067862809,0.043566376785694,0.0333978698601699,0.02502332171919,0.0183393088208291,0.0131533550401414,0.00923412263749304,0.00634572240062511,0.00426854499023946,0.00281041093653285,0.00181108361952581,0.00114237655314715,0.000705521363896616,0.000427071819553397,0.000254328321174302,0.000150930620816333,9.40190366596651e-05,7.68531524934751e-05
"4",0.144116209085747,0.128218786352566,0.121508585471077,0.109559582125867,0.0965080622935847,0.0833835706549982,0.0705364048372261,0.0583278401496711,0.0471419850647715,0.0372607278730261,0.0288162772720199,0.0218112345029536,0.0161576258551928,0.0117128099209562,0.00830690193438892,0.00576270516991895,0.00390986641692867,0.00259430539518422,0.0016836029056168,0.00106902837925938,0.000665014357988162,0.000407005581285528,0.000248472502404146,0.000159504119375582,0.000133891777990104
"5",0.131206651368592,0.117576323876613,0.112837962252521,0.10362386607252,0.0934108492823224,0.0829009892906293,0.0722449187741389,0.0616825226367652,0.0515540545842495,0.0421732505445003,0.0337618444157128,0.0264428804412844,0.0202543917830196,0.0151666332492736,0.0110988842791473,0.0079358687671178,0.00554356005612503,0.00378329393776708,0.00252302844555365,0.00164508772647087,0.00105040732491682,0.00065993558771313,0.000413979220110903,0.000273480566511953,0.000235335516421423
"6",0.116354430049784,0.105216377803391,0.102573431764142,0.0963261551227222,0.0892459027760145,0.0816922987298742,0.0735981767651114,0.0650541046444429,0.0563241121820685,0.0477250147728978,0.0395487751717776,0.0320316054255359,0.0253418438508067,0.019575880420797,0.0147605863679548,0.0108623988009603,0.00780167389175957,0.00546952004957334,0.00374414921053376,0.00250451908115494,0.00164014911275222,0.00105717283406697,0.000681117122265297,0.000462770494945235,0.000407833554666566
"7",0.100477545319162,0.0918508008722255,0.0912166636329646,0.0878954046447908,0.0839734646880778,0.0794915299295012,0.0741697139254068,0.0679316355079321,0.060930452630176,0.0534443392616748,0.0457965789448798,0.038307814378387,0.0312618235834976,0.0248801763924167,0.0193075428352242,0.014609223219802,0.0107796569284223,0.0077583691819487,0.00544908175079529,0.00373824709565899,0.00251050843509585,0.00166021694874973,0.00109877546201988,0.000767795167907578,0.00069263926328115
"8",0.0844524248268194,0.0781781178679427,0.079291739925028,0.0786184623232045,0.0776341721572574,0.076116245484195,0.0736002056697001,0.0698404119958159,0.0648503259579903,0.0588233904711511,0.0520624726017103,0.0449260741043185,0.037779636218051,0.0309523437258229,0.0247047660728228,0.0192114487063789,0.0145588276204499,0.010755533575316,0.00775045432978372,0.00545374832489743,0.00375693886909421,0.00255006581943854,0.00173446173532191,0.00124678383100974,0.00115094778647782
"9",0.0690574929726917,0.0648418685291153,0.0673202720689097,0.0688372258839992,0.070368408585992,0.0715053671513516,0.0716470317469265,0.0703947861046481,0.0676074556900907,0.0633535672398107,0.0578607095655687,0.0514678061570542,0.044572458107141,0.0375768072518683,0.0308401395892407,0.0246453465686457,0.0191824317446843,0.0145481966826443,0.0107584263019631,0.00776759070379904,0.00549121535565266,0.00382780256321172,0.00267724622409296,0.00198027573137749,0.00187007147951828
"10",0.0549166701507944,0.0523836524279688,0.0557839302009474,0.0589267455710729,0.0624136794756364,0.0657369966425984,0.06822045105079,0.0693472511467324,0.0688261946516567,0.0665762241903669,0.0627026169343838,0.0574660899234082,0.0512376852550953,0.0444433222495085,0.0375074775434197,0.0308055906239038,0.0246316684972069,0.0191834335427618,0.0145636770235551,0.0107938941790736,0.00783521297857933,0.00561289538568393,0.00403950260735787,0.00307528965443017,0.00296984809306596
"11",0.0424603589421732,0.0412055420805935,0.0450862137546475,0.0492614110673402,0.0540814176110004,0.059021738803727,0.0633969154498332,0.0666212559000106,0.0682791408035939,0.0681372906388234,0.0661493157888125,0.0624486447546932,0.0573210554206393,0.0511585700256456,0.0444031517549119,0.037490749911491,0.0308048993002355,0.0246458248976683,0.0192171262846712,0.0146284896140458,0.0109104813192105,0.00803807898686306,0.00595626594222452,0.00466802594039251,0.00460803500675045
"12",0.0319146582362926,0.0315522701914062,0.0355240543273115,0.0401784809517386,0.0457193296274449,0.0516729072571035,0.0574054638431083,0.0623188031894805,0.0659161199531986,0.0678329583842438,0.0678659561607078,0.0659912104486239,0.0623608598836869,0.0572757172752529,0.0511391073650856,0.0444012155548409,0.0375043056815209,0.0308377340445012,0.0247085754938845,0.0193296703823949,0.0148234445944078,0.0112399189376387,0.0085808924314858,0.00692355694075157,0.006982788843886
"13",0.02331882772977,0.0235155770919662,0.0272748228816999,0.0319470997087545,0.0376680719003413,0.0440605509143463,0.0505901088523488,0.0567006024341128,0.0618674675176349,0.0656361324002675,0.0676662706254369,0.0677716010989182,0.0659417103855851,0.0623393059382518,0.0572732287512044,0.0511530786557796,0.044434719722675,0.0375669209591745,0.0309479992309126,0.0248978770890288,0.0196471315178876,0.0153447385263045,0.0120757974512171,0.0100306590175328,0.0103296995988465
"14",0.0165634091567825,0.0170568208593149,0.0203994537998846,0.0247484548804529,0.0302214566557592,0.0365595671564283,0.0433567226774524,0.0501431805716497,0.0564207302744769,0.0616977751098722,0.0655381936616218,0.0676141546542206,0.0677489285737489,0.0659396126218047,0.0623549845282283,0.0573093784206044,0.0512185010619156,0.0445464714238071,0.0377543015517221,0.0312580498561608,0.0254016201494344,0.0204504776593082,0.0165974417293587,0.0141898783767642,0.0149104345892244
"15",0.0114383168585454,0.012040701101824,0.0148588456059064,0.0186695624549852,0.0235975452702278,0.0295024642460837,0.0361156839867219,0.0430821646261673,0.0499757076951971,0.056322672752735,0.0616450342223356,0.0655156607943465,0.067613603750062,0.0677678536645509,0.0659807755810892,0.0624268964888549,0.0574280694764811,0.0514110208716213,0.0448565029504328,0.0382492980188991,0.0320365889938711,0.0266061466915219,0.0222754795218587,0.0195932747858429,0.0209901295898366
"16",0.00768081677177603,0.00827241700556241,0.0105387084972465,0.0137100113821163,0.0179246024775327,0.0231449426824885,0.0292311801294757,0.0359530543804399,0.0429869879713661,0.0499244747126318,0.0563017054101005,0.0616472920363963,0.0655394958090349,0.0676624144072338,0.0678505075094539,0.0661130471214727,0.0626343366486305,0.0577508479257558,0.0519111587313802,0.0456264979233684,0.0394200905729597,0.033791601006421,0.0291870477610501,0.0263952050725291,0.0288015560535753
"17",0.00501609769005103,0.0055319100231191,0.007277514299648,0.00979852900846056,0.0132420888453539,0.0176484737062447,0.0229851727484193,0.0291400745977626,0.0359049920471753,0.0429689297630961,0.0499307302551332,0.0563320037163913,0.0617063404749898,0.0656373492877666,0.0678156338116691,0.0680844052754685,0.0664655114772813,0.0631618635698911,0.0585371918896802,0.0530770543790809,0.0473374736964288,0.0419010717222766,0.0373284394424132,0.0346750812287333,0.0384960670434633
"18",0.00318665571058132,0.00360110754785667,0.00489288243609411,0.00681491909837946,0.00951373948836462,0.0130798035555878,0.0175597765321346,0.0229406773295794,0.0291257565349232,0.0359160813266633,0.0430067950347441,0.0500020390021628,0.0564489700373664,0.0618876432897546,0.0659097885418835,0.0682168833094954,0.0686674391828573,0.0673054243586375,0.0643654766911173,0.0602532534514111,0.0555030180090412,0.050734007953546,0.0465877856367501,0.0443953839492018,0.0500846919918646
"19",0.0019698770283786,0.00228247874335572,0.00320315893584954,0.00461286327865165,0.00664799293782077,0.00942395032105229,0.0130374830134338,0.0175490258482518,0.0229567155983563,0.0291714376406799,0.0360004570383767,0.0431451674664551,0.050216702190276,0.0567703696996605,0.0623560764311553,0.0665780728240274,0.0691546970249257,0.0699681991353115,0.069096138683578,0.066816738176083,0.0635843224414827,0.0599961219573612,0.0567236033119289,0.0553610821376417,0.0633772681359038
"20",0.00118542097848115,0.00140918110685446,0.00204262239155514,0.00304000897998658,0.00452075409257414,0.0066054551777985,0.00941538716426727,0.0130575999569975,0.0176016200773493,0.0230532383894524,0.0293308787681287,0.0362500452441902,0.0435212583900157,0.0507656133756705,0.0575493077658016,0.0634347014453029,0.0680416355028972,0.0711099261654034,0.0725526072800401,0.0724874069358374,0.0712362081619554,0.0693121191342644,0.0673549039958481,0.0671895620160617,0.0779325375032642
"21",0.000695077533013756,0.000848280972909786,0.00127015595387822,0.00195306164282529,0.00299613430724722,0.00451207451523005,0.00662731941171375,0.00947206459386997,0.0131624380907895,0.0177772461766393,0.0233324575628559,0.029757674845343,0.0368800246783838,0.0444212180136983,0.0520123977605521,0.0592287324508617,0.0656419455776551,0.0708849103301707,0.0747186632688714,0.0770866005161491,0.0781401905650454,0.0782537271495429,0.0779740188842668,0.0793088669484795,0.0930447182500054
"22",0.000398474201773974,0.000499723463942826,0.000773300606417529,0.00122870999629343,0.00194493650730595,0.00302013034417654,0.00457369365738902,0.00674158748936672,0.00966497479006004,0.0134724195214561,0.0182566223901304,0.02404805926162,0.0307897518060113,0.0383190127163344,0.0463626518003115,0.0545512484181458,0.0624554583667736,0.069643179492723,0.0757510446411881,0.0805548227418333,0.0840195701975083,0.0863454194948222,0.0879392454003759,0.090937018105861,0.107708944588178
"23",0.000224461098929571,0.000289719865703365,0.000463896392620186,0.000762370291349982,0.00124640147683092,0.00199787502176365,0.00312331432565275,0.00475378473528523,0.00703968115686156,0.0101392102881462,0.0141997748605295,0.0193326396415257,0.0255832659189527,0.0329021263994329,0.0411229871607917,0.0499567118279694,0.0590077851105802,0.0678175126354312,0.0759319390147247,0.0829810545785937,0.0887488302456678,0.0932493397595474,0.0967243948210794,0.101386962166234,0.121013961205795
"24",0.000136244236677297,0.000180918356297989,0.000299334301040294,0.000507844568845673,0.000855793677658807,0.00141284890974825,0.00227427922386093,0.00356384491431894,0.00543284667109509,0.0080534257979938,0.0116042226994636,0.0162473281100235,0.0220973436257417,0.0291861538142203,0.0374301546694854,0.0466092053225666,0.0563672698089415,0.0662425805748866,0.0757293294589624,0.0843599071269772,0.0917873316623185,0.0978832600998136,0.102756481340209,0.108655312852918,0.130326738175933
"25",8.01984683262094e-05,0.000110105156843953,0.000189131028757916,0.000332606078160497,0.000579822364092575,0.000989198197377655,0.0016445037876442,0.00266011393455166,0.00418370116523707,0.0063940574368462,0.0094913327510696,0.0136773494976336,0.0191252169031886,0.0259403549553722,0.0341188895484464,0.0435132160198392,0.0538168638899709,0.0645800919453626,0.0752624088898455,0.0853142566300779,0.0942686692218185,0.101859142076374,0.108059168880278,0.115131267279142,0.138678333893741
