"","X0","X1","X2","X3","X4","X5","X6","X7","X8","X9","X10","X11","X12","X13","X14","X15","X16","X17","X18","X19","X20","X21","X22","X23","X24"
"1",0.376374064542581,0.183511786389452,0.137476752218926,0.104507695437718,0.0757594222286988,0.0508763385252785,0.0318487089753036,0.0187549782273094,0.0104175999294732,0.0054721573985062,0.00272436665008346,0.00128789719311762,0.000578848942806467,0.000247550648769683,0.000100786096549937,3.90760332024006e-05,1.44289227848498e-05,5.07362403805324e-06,1.69843160455673e-06,5.41072181143165e-07,1.63955492697238e-07,4.72372221764786e-08,1.2962930418167e-08,3.41434031541986e-09,9.4162812510572e-10
"2",0.357060451295738,0.17760358432085,0.136879878388768,0.107300159468803,0.0802810023024386,0.0557939516891586,0.0362291916930758,0.0221564952653154,0.0127952467119865,0.00699560762975527,0.00362952077577179,0.0017904970711957,0.000841102866807816,0.000376655393834348,0.000160918199623436,6.56260721954417e-05,2.55563605340627e-05,9.50423669619193e-06,3.37518565249571e-06,1.14429394249521e-06,3.70237808894468e-07,1.14296782496422e-07,3.3753469543011e-08,9.61675561385326e-09,2.8730406540642e-09
"3",0.312578056476431,0.163445586288974,0.134675695895516,0.113001775846436,0.0903268742457526,0.0671613837706956,0.046661000223589,0.0304720664749542,0.0187521078686921,0.0109035544618138,0.00600567792523705,0.00314046262441807,0.00156186880997053,0.000739821657671262,0.000334127187632499,0.00014399210409643,5.92414532214488e-05,2.32746382197238e-05,8.73227970393319e-06,3.12822129024668e-06,1.06974513917964e-06,3.49195624507235e-07,1.09173607122023e-07,3.2991288222e-08,1.04400250974623e-08
"4",0.25096549355838,0.141819854556429,0.128527532281691,0.118084616548892,0.102714221266061,0.0829182817654859,0.06231336071108,0.0437879247793678,0.0288561498374189,0.0178912103466057,0.0104691968967987,0.00579790611886284,0.00304607801379373,0.0015211216397681,0.000723116959210303,0.000327629239059401,0.000141594946197351,5.84033157019714e-05,2.29972458141406e-05,8.6455870543278e-06,3.10295496077034e-06,1.06352689682801e-06,3.49584862087394e-07,1.11279127199969e-07,3.7040480056307e-08
"5",0.185431320330804,0.115495172898046,0.116622509126819,0.118174542190336,0.112457238432415,0.098915355096723,0.080578733493016,0.0610164450552049,0.0430976714679149,0.0285052450946126,0.0177212200211687,0.010390720750087,0.00576333572080487,0.00303154585378443,0.00151530519586326,0.000720904354895264,0.000326830071220717,0.000141321166468064,5.83145813018539e-05,2.2970433932682e-05,8.63911777670998e-06,3.10426413768623e-06,1.07125847066465e-06,3.5867599499834e-07,1.2534820111326e-07
"6",0.126458467322926,0.0878807025850414,0.0991191577976461,0.110745706306571,0.115365122385067,0.110671633724706,0.0978807755641885,0.0800469685720913,0.0607515430758983,0.0429707348324305,0.0284469484104573,0.0176955675394576,0.0103798869184198,0.00575894573957782,0.00302984635300218,0.00151467867920667,0.000720684792818993,0.000326757089304308,0.000141298511586927,5.8309296362408e-05,2.29735891918272e-05,8.65094204689793e-06,3.13299439040376e-06,1.10276900014389e-06,4.04208610736393e-07
"7",0.0798148015371983,0.0622634924572162,0.0781998889102219,0.0960558366105531,0.109449902246452,0.114583980293652,0.110243627306998,0.0976772559465972,0.0799526273233244,0.0607093006806076,0.0429525291232173,0.0284393925408938,0.0176925373276269,0.0103787120894433,0.0057585084756995,0.00302969095979285,0.0015146261145445,0.000720668108329042,0.000326753191720433,0.000141302395459685,5.8326159459502e-05,2.30151661385454e-05,8.74647432079841e-06,3.23562627509657e-06,1.24293425738399e-06
"8",0.0467224452868831,0.0409851092286578,0.0570168779402108,0.0767238575048811,0.0954999050565623,0.109129853120295,0.114416920036229,0.110169969366013,0.0976455541688414,0.0799394498834336,0.0607040209803649,0.0429504851503908,0.0284386223989073,0.0176922538039639,0.0103786111479651,0.0057584740213914,0.00302967983747349,0.00151462344214429,0.000720671288687696,0.000326770435489905,0.000141358125379699,5.84598925010569e-05,2.33162158377429e-05,9.06456623017145e-06,3.64710126408687e-06
"9",0.0254130685527661,0.0250404636670571,0.0383637153202612,0.056356497002409,0.0765010688091784,0.0953767858566816,0.109068134906516,0.114391532255791,0.110159807677518,0.0976416475692321,0.0799380066915183,0.0607035063327811,0.0429503057016982,0.0284385604707662,0.0176922329492475,0.0103786044590181,0.0057584724238854,0.00302968206134885,0.00151463687838742,0.000720726022895854,0.000326942289604938,0.000141766274785779,5.93630098898356e-05,2.42555411496007e-05,1.02172756125151e-05
"10",0.0128635862695892,0.0141994914241668,0.023828216659238,0.0380886159397384,0.0562729463661368,0.0764566344064466,0.0953552368999606,0.109059793825477,0.114388411168644,0.110158697218507,0.0976412707476428,0.079937884163457,0.0607034674678969,0.0429502933605304,0.0284385566841071,0.017692232199259,0.0103786060953329,0.00575848192152872,0.00302972460932797,0.00151480112319898,0.000721231422863073,0.000328128354397619,0.000144347639993335,6.20065394000962e-05,2.73374931582424e-05
"11",0.00606809473979267,0.00747810576141788,0.0136791469441161,0.0237213305735201,0.0380592787208429,0.0562579372356996,0.0764495527044627,0.095352634533769,0.109058877302885,0.1143881081581,0.110158602598201,0.0976412428035797,0.0799378762273616,0.0607034652610966,0.0429502930919199,0.0284385582033198,0.0176922393628485,0.0103786375122354,0.00575861111539943,0.00303019856095456,0.00151622321794486,0.000724517979935271,0.000335161912533875,0.000151437386149438,6.98680919127682e-05
"12",0.00267100495252281,0.00366130160293651,0.00727036166958249,0.0136403720003836,0.0237116848208819,0.038054545830557,0.0562557562790533,0.0764487857065075,0.0953523785800663,0.109058798226448,0.114388085286306,0.110158596443624,0.0976412413027607,0.0799378761564704,0.0607034666756787,0.0429502994369436,0.0284385834849417,0.0176923397819803,0.0103790188906635,0.00575993114642905,0.00303403552560496,0.00152491846919137,0.000742792951381599,0.000353274405771622,0.00017055037331248
"13",0.00109826141533517,0.00166843724820393,0.00358404094722371,0.00725722035967725,0.013637403048053,0.023710295070627,0.038053919087719,0.0562555439803082,0.0764487182421442,0.0953523590192128,0.109058792957517,0.114388084026421,0.110158596409323,0.0976412425122914,0.0799378817591088,0.0607034892926818,0.0429503844461393,0.0284388950648851,0.0176934345698044,0.0103825742498867,0.0057698757622416,0.00305602556023384,0.00157020205698857,0.00078683848549621,0.000397484428476382
"14",0.000422225654206762,0.00070847157118883,0.00164164275985257,0.0035798790522332,0.0072563651637345,0.013637023878706,0.0237101276199231,0.038053864177024,0.0562555273095418,0.0764487137006604,0.0953523579040761,0.10905879288534,0.114388084958321,0.110158601012302,0.0976412621236169,0.0799379578671938,0.06070376228602,0.0429513190185716,0.0284419465324627,0.0177027048879934,0.0104073683652491,0.00582308402863164,0.00316301901884577,0.00167203356007957,0.000883864664224305
"15",0.000151881972941004,0.000280633135949992,0.000699799937026008,0.00164041109969002,0.00357964863867554,0.00725626922884608,0.0136369824121745,0.0237101144011393,0.0380538603367356,0.0562555263440075,0.0764487135943508,0.095352358551374,0.109058796338864,0.114388100630975,0.110158665550997,0.0976415042317258,0.0799387917691724,0.0607064570591428,0.0429595488207726,0.0284653353682968,0.0177622102684515,0.0105306185711421,0.0060640201131568,0.00338647808596967,0.00187327353842259
"16",5.11465229617691e-05,0.000103789959975568,0.000278013129964109,0.000699459443753813,0.00164035307427029,0.00357962617139483,0.00725625973988539,0.0136369794623681,0.0237101135895325,0.0380538602136719,0.0562555267440728,0.0764487159403403,0.0953523699024328,0.109058846209333,0.114388300031503,0.110159390983419,0.0976439159344907,0.0799462162482003,0.0607278289683166,0.0430165267133312,0.0286027605700718,0.0180355326289928,0.0110472905661693,0.00652842885686132,0.00377874839468572
"17",1.61289980629733e-05,3.58658379059718e-05,0.000103050856213194,0.000277925245705419,0.000699445798880972,0.00164034821338392,0.00357962417171467,0.00725625913656491,0.0136369793387948,0.0237101138040987,0.0380538616428528,0.056255534162755,0.0764487507658545,0.0953525187294102,0.109059425089364,0.114390346808774,0.110165981867573,0.0976633797385803,0.07999940778276,0.0608614422454954,0.0433215383091011,0.0291826970306049,0.0190892633824314,0.0119587357380055,0.00724137530511098
"18",4.76341995206958e-06,1.15858917486743e-05,3.56711891526388e-05,0.000103029693818816,0.000277922253401811,0.0006994448294834,0.00164034782869376,0.00357962407466638,0.00725625923383414,0.0136369801142689,0.0237101181425051,0.0380538834630116,0.0562556339142138,0.0764491659741284,0.0953540919912005,0.109064841384863,0.114407290199508,0.110214253529652,0.0977894784138376,0.0802995410108875,0.061510210779782,0.0444970738829751,0.0312228914276173,0.020772581811947,0.0131533155448497
"19",1.31732715018235e-06,3.49956372423774e-06,1.15380540166098e-05,3.5666439842271e-05,0.000103029082954109,0.000277922076558414,0.000699444769617276,0.00164034786929406,0.00357962446145913,0.007256261538995,0.0136369924690214,0.023710178399538,0.0380541513216885,0.0562567194630201,0.0764531737421857,0.0953675368654065,0.109105767256114,0.114520203122151,0.11049770564671,0.098432237958745,0.0816174165868394,0.0637812570523278,0.0482382050099935,0.0341351162615127,0.0225846876611338
"20",3.41018003612856e-07,9.88426882409625e-07,3.48860033334247e-06,1.15370658110968e-05,3.56663401363546e-05,0.000103029116736149,0.000277922306061685,0.00069944565599366,0.00164035118029601,0.00357963712922199,0.00725631139824194,0.0136371904821578,0.0237109493112492,0.0380570163181854,0.056266685129575,0.0764851552758221,0.0954613629125997,0.109355599921681,0.115123340518729,0.111804725067937,0.100978145330049,0.0857844111492044,0.0702565090573693,0.0529280893093934,0.0365421019783292
"21",8.25876017735429e-08,2.60991684315528e-07,9.86085535373853e-07,3.48840827007091e-06,1.15370488490519e-05,3.56663562752369e-05,0.000103029236707739,0.000277922991735541,0.000699449357943773,0.00164037007737712,0.00357972750105138,0.00725671322788518,0.0136388425664977,0.0237172020888984,0.038078714640319,0.0563353837448232,0.0766827100167532,0.0959743093865175,0.11055555964447,0.117624640854658,0.116452908074087,0.108209609666796,0.0963316066623382,0.077247320831885,0.0555419579510392
"22",1.8699173845892e-08,6.44096407056109e-08,2.60590794734602e-07,9.86333767914789e-07,3.48956338101662e-06,1.15414773410658e-05,3.56821952539553e-05,0.000103082338697546,0.000278090487871415,0.000699949217786593,0.00164179336977936,0.00358363844778337,0.00726721801484213,0.0136667069144624,0.0237903582021378,0.0382670848217215,0.0568026775908381,0.0777746610159161,0.0983332878614267,0.115159517629619,0.125663817693278,0.128225806249134,0.124156193678651,0.105677261601917,0.0788568115947837
"23",3.95255852643834e-09,1.48396798263503e-08,6.43270135769095e-08,2.6060232940077e-07,9.86420090513148e-07,3.48998174181207e-06,1.15434217660534e-05,3.56909258566258e-05,0.000103120231155101,0.000278249108489342,0.000700586515550037,0.00164423410833591,0.00359247962918856,0.00729726496614366,0.0137617530554857,0.0240678514629028,0.0390086720617168,0.0585989519642906,0.081686947826666,0.105877671358776,0.127954963606269,0.143641732183365,0.151006318221961,0.135882158099901,0.104844991128767
"24",8.60506742642309e-10,3.52800850270434e-09,1.64159881690558e-08,7.12866880967288e-08,2.88979886674629e-07,1.09431365463948e-06,3.87273741880369e-06,1.28107410727373e-05,3.96080113225138e-05,0.000114423753538822,0.00030871084380185,0.000777297678632276,0.00182499116506112,0.00399195331449742,0.00812830834135981,0.0153966790769809,0.0271226463801108,0.0444342005167726,0.0677172328034421,0.0959459419052029,0.126222848401048,0.152620090366924,0.170363722040915,0.159294366811754,0.125678819725411
"25",1.61245955363517e-10,7.21092507466137e-10,3.60172882335141e-09,1.67688374621381e-08,7.28296307115853e-08,2.95372413046084e-07,1.11950352543207e-06,3.96748352361902e-06,1.31520800414117e-05,4.07893514121211e-05,0.000118358242631289,0.000321319346293758,0.000816077017654301,0.00193888219205998,0.00430900354147185,0.00895697246805663,0.0174080701696105,0.0315975236308522,0.0534409396215525,0.0837969485616728,0.121019492785523,0.158289827083189,0.187936891229311,0.182643066266585,0.147347209970084
