"","X0","X1","X2","X3","X4","X5","X6","X7","X8","X9","X10","X11","X12","X13","X14","X15","X16","X17","X18","X19","X20","X21","X22","X23","X24"
"1",0.306962961634357,0.201794975299033,0.148110712661818,0.11302739629557,0.081268090221418,0.0563608603950123,0.0374779880460308,0.0237056442597487,0.0142600863409713,0.00815837589443249,0.00444457259894891,0.00230947518907285,0.00114628613332102,0.000544117187765845,0.000247238149871735,0.000107614107178342,4.48930818450336e-05,1.79555880373709e-05,6.88683009456038e-06,2.53321704247238e-06,8.93606555515358e-07,3.02275888277416e-07,9.84225801362236e-08,3.17611969259441e-08,1.08022080318662e-08
"2",0.294294048273342,0.195378833157783,0.146062247874276,0.113977692743497,0.0841869159163431,0.0600933174130596,0.0411652262867271,0.0268509164421602,0.0166708301415631,0.00985332360259514,0.00555126583924761,0.00298607780754525,0.00153590465898097,0.000756371947014148,0.000356997573292013,0.000161628014865392,7.02384480248785e-05,2.93125959051028e-05,1.1751794925838e-05,4.52705982758315e-06,1.67584714705209e-06,5.96189615230076e-07,2.04765461498331e-07,7.01506817383458e-08,2.54561181564657e-08
"3",0.26472233819294,0.18015820024518,0.140830302436981,0.115711636259926,0.0906494936297547,0.0686779815443798,0.0498613357159909,0.0344306208202848,0.0225990919411836,0.0141038343837401,0.00838061323149862,0.00474932691667573,0.00257091562436494,0.00133120336821088,0.000660106789209999,0.000313779799540587,0.000143094798605535,6.26442543290448e-05,2.63388344733485e-05,1.06391132728205e-05,4.1294622818345e-06,1.54041150251627e-06,5.55184711356277e-07,2.00336994003978e-07,7.67039672086692e-08
"4",0.222299796959221,0.157412752696348,0.131628317985634,0.116344451234838,0.0985370803305627,0.0804377977745801,0.0626138172127719,0.0461742678170661,0.0322460064472079,0.0213429318877147,0.0134115401549014,0.0080166605427094,0.00456672686624528,0.00248338631583323,0.0012910787926038,0.000642509775198406,0.000306396121196189,0.000140130826939813,6.1506347789403e-05,2.5921410736722e-05,1.04933101417925e-05,4.08172437233169e-06,1.53493410469167e-06,5.7985509970332e-07,2.32676184150998e-07
"5",0.174655560988171,0.130282232295518,0.118257303292548,0.113576407937415,0.10458405854545,0.0922392465060249,0.0770892184844156,0.0607492195152391,0.0451474597523012,0.0316874528772475,0.0210486978830524,0.0132628689849212,0.00794466107601729,0.00453328446286464,0.00246847920165517,0.00128470280853752,0.000639894423177062,0.000305368047004461,0.000139744190255724,6.13681746534178e-05,2.58761380583375e-05,1.04824105485343e-05,4.10792577155773e-06,1.6227608500209e-06,6.81318302109015e-07
"6",0.12860316911385,0.102035802413049,0.101305732077778,0.105981965337901,0.106028795142782,0.100908791176571,0.0904944609216542,0.0762077629964841,0.0603043241632687,0.044921127227333,0.0315746454860639,0.0209944980568713,0.0132378140035289,0.00793350948365002,0.00452850192917986,0.00246650397277843,0.00128391824750605,0.000639595629553406,0.000305260474013842,0.000139710623995906,6.13651208615397e-05,2.58889176309737e-05,1.05726995670011e-05,4.36740469886636e-06,1.91737942850303e-06
"7",0.0888636814897156,0.0755249980350345,0.0822170267115745,0.0935590416098716,0.101419487662167,0.103982283528746,0.100037401406741,0.0900960662183582,0.0760251963086165,0.0602180862922247,0.044880689946553,0.0315562999932573,0.020986470966506,0.013234421777199,0.00793212237829194,0.00452795346730114,0.00246629522947069,0.00128384379450577,0.000639575627132209,0.000305267796618191,0.000139740357409283,6.14194039999406e-05,2.61475502885598e-05,1.12981742205985e-05,5.18427419562655e-06
"8",0.0576735430627059,0.0527606454354709,0.062923357739628,0.0776598578118293,0.0909562588982926,0.10033034088688,0.10356308102779,0.0998636420057749,0.0900242670729147,0.0759938498253226,0.0602042887471573,0.0448748028516538,0.0315538776888293,0.0209855073412244,0.01323404970291,0.00793198341040694,0.00452790543967633,0.00246628620816189,0.00128386133455513,0.000639626664013621,0.000305370520364864,0.000139911796417653,6.21245131151439e-05,2.80922750838835e-05,1.34677398199073e-05
"9",0.0351800053177957,0.0347475062184887,0.0452820004818646,0.0604169680144676,0.0762577135859735,0.0904027448443537,0.100136024252046,0.103489712982176,0.0998364437601107,0.0900133221670263,0.0759893222622328,0.0602024726933507,0.0448741029074844,0.0315536177271044,0.0209854141067018,0.0132340193066318,0.00793198131285756,0.00452792950461098,0.00246635761866812,0.00128402221629966,0.0006399372663847,0.000305879131199474,0.000141761623162089,6.71284420712457e-05,3.36122569365333e-05
"10",0.020181297377836,0.021558004597891,0.0305934926693859,0.0439906125280668,0.0597036275934548,0.0759895867667165,0.090316148644143,0.100106058711992,0.103479791459441,0.0998327722163528,0.0900118890582795,0.0759887797765351,0.0602022766953437,0.0448740355808115,0.0315535972094359,0.0209854150027085,0.0132340449636163,0.00793206335166048,0.00452814221046327,0.00246682541145178,0.00128491335740539,0.000641375739807827,0.000310552289046902,0.000154119917987636,8.05768701657117e-05
"11",0.0108946180827346,0.0125953421088625,0.0193940618282548,0.0299692126451671,0.0436478834554387,0.0595800463344847,0.0759525907712277,0.0903043387129642,0.100102583637263,0.103478613664602,0.0998323364059126,0.0900117324188877,0.0759887267331779,0.0602022611594651,0.0448740371078632,0.0315536205828974,0.0209854962449309,0.013234280978168,0.00793266104220539,0.00452943967089338,0.00246926630757025,0.00128879748825525,0.000652740553270541,0.000339838223798684,0.000185473841703931
"12",0.00553825230725201,0.00692969379877657,0.0115364691304703,0.0191105631613832,0.0298136902604338,0.04359376036809,0.0595649318142329,0.0759481093411855,0.0903031731187135,0.100102224409128,0.103478487268336,0.0998322932392849,0.0900117197295256,0.0759887280911503,0.0602022810518554,0.0448741099144689,0.0315538511483552,0.0209861452278486,0.0132358915136664,0.00793610589112064,0.0045358305174825,0.00247928383644021,0.00131538829833412,0.000719293253248902,0.000409723309215787
"13",0.00265290720203524,0.0035909602430593,0.00644236606057188,0.0114154029102165,0.0190438986097334,0.029791188937535,0.0435878678313282,0.0595632976144192,0.0759477356029494,0.0903030695857049,0.100102189969394,0.103478477005563,0.0998322944827472,0.0900117366542896,0.0759887911869123,0.0602024895851384,0.0448747412806439,0.0315555729994923,0.0209903179766451,0.0132446596669967,0.00795211324703021,0.00456051377691283,0.00253909167619702,0.00146030238756278,0.000868013506920938
"14",0.00119823108857269,0.00175329979708159,0.00337978655694106,0.00639370512636364,0.0113884038505738,0.0190350243856608,0.0297890006170785,0.0435872960664739,0.0595631831283735,0.0759477077072769,0.0903030616540745,0.10010219125741,0.103478491725736,0.0998323494716349,0.0900119214579426,0.0759893700223158,0.0602041670134502,0.0448791579067187,0.0315659843053042,0.0210117371018458,0.0132830388695959,0.00801022001644378,0.00468968349849344,0.00284107112287017,0.00176191625176693
"15",0.000510606325084186,0.000806941786295498,0.00166706546604009,0.00336136413640914,0.00638337167707945,0.0113850854501485,0.0190342514603948,0.0297888090151667,0.0435872626794887,0.0595631767683081,0.0759477089699521,0.0903030742803927,0.100102239177898,0.103478655100571,0.0998328713062561,0.090013479851874,0.0759936914074451,0.0602151231682511,0.0449041925031801,0.0316162345089469,0.021099844105138,0.0134136915633578,0.00827772034040162,0.00529096311280232,0.00342257583911808
"16",0.000205391954656385,0.000350242738750804,0.000773733458467602,0.00166049217555904,0.00335762596196703,0.00638219562823917,0.011384826198994,0.0190341901666999,0.029788800194009,0.0435872635796246,0.0595631869428156,0.0759477490360776,0.090303215318719,0.100102701312042,0.103480071551271,0.0998369223988822,0.0900242445937166,0.0760199439944636,0.0602731195293134,0.0450174099151514,0.031809874052369,0.0213802662552805,0.0139439467059142,0.00941933223702405,0.00635325409999197
"17",7.80216528871105e-05,0.000143425556686952,0.000338176503492611,0.000771521963710365,0.00165921386610441,0.00335723109293134,0.0063821132208656,0.0113848078062672,0.0190341894622455,0.0297888076533293,0.0435872946606004,0.0595633016534047,0.0759481407592889,0.0903044590698762,0.100106380033568,0.103490192977207,0.099862760968349,0.0900848745030301,0.0761492366897092,0.060517927201323,0.0454245576924299,0.0323837991853228,0.0223841813683561,0.0160054023125695,0.0112499821464442
"18",2.79972976271129e-05,5.54342203745187e-05,0.000139287331824692,0.000337474746373595,0.000771108749922603,0.00165908833507997,0.00335720647053039,0.0063821088984032,0.0113848123849326,0.0190342113697797,0.0297888931229421,0.0435876021788979,0.0595643263283935,0.0759513068635192,0.09031353962773,0.100130526256637,0.103549622660134,0.099997160272514,0.0903614626182517,0.0766562769946696,0.0613357033155403,0.0465428645289495,0.0341944802802909,0.0259133654392167,0.018964139707464
"19",9.49222902425633e-06,2.02278441389594e-05,5.40943529167721e-05,0.000139077271453311,0.000337348511810202,0.000771071070807618,0.0016590819096999,0.00335720812595799,0.00638212282033053,0.0113848702438848,0.019034431462339,0.0297896676586043,0.0435901248347992,0.0595719314109054,0.0759725301888289,0.0903682902197146,0.100260887868381,0.10383438154577,0.100563041451715,0.091364798975267,0.0782220208427584,0.0634058809963853,0.0496444197261725,0.0399006609163186,0.0303623375220155
"20",3.04086341984328e-06,6.9698339023771e-06,1.98182841081079e-05,5.40350893980841e-05,0.00013904101633929,0.000337338506211021,0.000771072122460823,0.00165909299224916,0.00335725201897495,0.00638228571939513,0.011385446710529,0.019036356205128,0.0297956844333579,0.0436076419517357,0.0596192600130856,0.0760907811762774,0.0906407010180232,0.100835988913243,0.104938096491888,0.102454001908371,0.0942141275893783,0.0818519856518232,0.0684318031232652,0.0583160083924271,0.0460521699750081
"21",9.20381433189071e-07,2.26790666461738e-06,6.85165383500873e-06,1.98025258595355e-05,5.40253512856824e-05,0.00013903914096221,0.000337342861943733,0.000771093447025478,0.00165918170780977,0.00335759493883312,0.00638351982939521,0.0113895734658841,0.0190491537077822,0.0298324165874885,0.0437050360032771,0.0598571635485891,0.0766246953514181,0.0917355218279025,0.10287168545182,0.108312723218234,0.107362012840689,0.100224614486732,0.0895307225363177,0.0807609344782262,0.0660121067505918
"22",2.63218766826514e-07,6.97083043899445e-07,2.2366272705689e-06,6.8508404097807e-06,1.98103789793821e-05,5.40573312616507e-05,0.000139137280359559,0.000337626573444324,0.000771886896516921,0.00166134515795641,0.00336337387924187,0.00639865191474435,0.0114282461765763,0.0191447836060898,0.0300587172276722,0.0442114827870798,0.0609173628229016,0.0786767804876847,0.0953633657439189,0.108616240491328,0.116298403568212,0.116675058190959,0.111125129862417,0.105671169720417,0.0890573221327478
"23",7.10623474298687e-08,2.02225755209195e-07,6.88921279894555e-07,2.23617173774081e-06,6.85231757380544e-06,1.98190049012206e-05,5.40928172106958e-05,0.000139274486682036,0.0003381319388121,0.000773652310571744,0.00166716591096077,0.00338140163597652,0.00645086435837495,0.0115690294167327,0.0194966591481962,0.0308700710876695,0.0459289977658093,0.0642324282681098,0.0844597249044797,0.104328802659,0.120726011547134,0.129892519107814,0.131350427565925,0.130969099582164,0.113341775784781
"24",2.00665349254652e-08,6.13941759741176e-08,2.22118243501104e-07,7.64162047309312e-07,2.48118966137526e-06,7.60363693455012e-06,2.1991799198812e-05,6.00245938011656e-05,0.000154572743512896,0.000375440810748734,0.000859806191450343,0.00185586509681261,0.00377417026601775,0.00722914934617298,0.0130385565698315,0.0221381594677335,0.0353742259906037,0.0531591710020751,0.0750235387731988,0.0991106102395496,0.121883121708945,0.138120872180522,0.145702721047739,0.150014790202604,0.132092059401884
"25",4.92401521942959e-09,1.62012870085345e-08,6.22962476774753e-08,2.27464978152953e-07,7.83989681665455e-07,2.55154611539879e-06,7.8438617010934e-06,2.27823303961039e-05,6.25297908898446e-05,0.000162200069131568,0.000397670342382384,0.000921530602753463,0.00201825025739412,0.004176458667252,0.00816157760625542,0.0150464090311145,0.0261255804745002,0.0426116507250173,0.0650318717434074,0.0923021262823126,0.120867303414117,0.144270900099396,0.158618659331977,0.168430917543201,0.150760091404475
