"","X0","X1","X2","X3","X4","X5","X6","X7","X8","X9","X10","X11","X12","X13","X14","X15","X16","X17","X18","X19","X20","X21"
"1",0.175712458406761,0.19077040735523,0.176888530428602,0.147610230792443,0.112165196772662,0.0786800789068968,0.0512089651826374,0.0310729889416917,0.0176569304870406,0.00943448823975788,0.00475763063614237,0.00227162549801951,0.00102983033191732,0.000444325536663461,0.000182808561419966,7.18374475896753e-05,2.6997788338735e-05,9.71351683982828e-06,3.34875133637974e-06,1.10833359253075e-06,3.67061466556076e-07,1.3102295318891e-07
"2",0.172534311138813,0.187740368572881,0.174815127081878,0.146851079227324,0.112639421803124,0.0799967086030045,0.0528892247273574,0.0327171406799787,0.0190247784014621,0.0104426165138306,0.00543018486218182,0.00268316090847637,0.00126287833672027,0.000567257958056915,0.000243513214129835,0.000100008866970658,3.93231481479771e-05,1.48107151939294e-05,5.34596126397636e-06,1.85253861928667e-06,6.43559169404081e-07,2.4318141770094e-07
"3",0.1643393509058,0.17986433851862,0.169315652203438,0.144671883767498,0.113637960939225,0.0832364348602633,0.0571769985694564,0.0370201529296398,0.0226889211836591,0.0132073021616553,0.00732015545609604,0.00386956858216109,0.00195293646097146,0.000941549295793617,0.000433759174352434,0.000190968805220031,8.03564775522697e-05,3.23198950267921e-05,1.24291317979584e-05,4.57973345292013e-06,1.69306398880454e-06,6.87884332821974e-07
"4",0.150970406145265,0.16684676997451,0.159929175593256,0.140506690190128,0.114633862193438,0.0880613326838768,0.0640074125110049,0.0441795232633302,0.0290255336929775,0.0181739919889171,0.0108497592596614,0.00617537111089916,0.00335013905388601,0.00173182015880972,0.000852936259803384,0.000400228189060397,0.000178957390471722,7.62749675657667e-05,3.10082933997895e-05,1.20572251679293e-05,4.70885434981114e-06,2.04100022330677e-06
"5",0.133124919553535,0.149159248266681,0.14662458349695,0.133780473501951,0.114708686834727,0.0935276695216955,0.0726895905744262,0.0538949655378992,0.0381086571305404,0.0256735966543823,0.0164611774963341,0.0100354900143947,0.00581364911339565,0.00319943553968806,0.00167275335622219,0.00083110160358674,0.000392600074456186,0.000176438837298261,7.55101431952934e-05,3.08817368531413e-05,1.27081658672442e-05,5.86284592095358e-06
"6",0.11222878615724,0.127990938158364,0.12988522150667,0.124106986487006,0.112774814003758,0.0982341736034886,0.0819275441573093,0.0652722362995301,0.0495513594537222,0.0357634056194027,0.0244995509099611,0.0159136284017961,0.0097966068876137,0.00571581910254748,0.00316171914401377,0.00165903296832972,0.000826386377937641,0.000391082292906518,0.000176050147624602,7.57027639200615e-05,3.28295862334752e-05,1.61259706271049e-05
"7",0.0902229906592224,0.105122764357865,0.110763303158473,0.111526986012357,0.107908275634396,0.100619123454035,0.0899776437600452,0.0768068863824622,0.0623524840274509,0.0480120379536726,0.035009361696741,0.0241548419419411,0.0157659996479815,0.00973718018461852,0.00569327325074716,0.00315364231383128,0.00165630800503671,0.000825568727633771,0.000391073858419709,0.000176935336466816,8.09445241874749e-05,4.23751124170287e-05
"8",0.0690876213912492,0.0825175712025633,0.0906922725340426,0.0966090850366024,0.0996947522880116,0.0994208924854688,0.09506729532083,0.0866441291910745,0.0749595286678878,0.061403126867008,0.047557717591147,0.0348060918275849,0.0240695054674473,0.0157322776573048,0.0097246063776037,0.00568885063679954,0.00315221193613874,0.00165603344563039,0.000826180825586196,0.000393708742087753,0.000190265771049401,0.000106274736883105
"9",0.0503852176071074,0.061870936843001,0.0711747803864606,0.0803690897400236,0.0884138592343254,0.0940761914619442,0.0958850739250488,0.0930147724652814,0.085540292885048,0.0744074452471536,0.061145424221261,0.0474450522505093,0.0347598012995468,0.0240515792061148,0.0157257276139912,0.00972237885129279,0.00568826737900328,0.00315255546300794,0.00165805519778347,0.000833270721081926,0.000426048674730851,0.000254179326284184
"10",0.0350159152725257,0.0443154486802665,0.0534832447476849,0.0640434494613887,0.0749779727511263,0.0848794808306023,0.0919373448714754,0.0946858668357456,0.092389648322513,0.0852363966526476,0.0742692760485423,0.0610864888276269,0.0474213953962873,0.0347508481292231,0.0240484097435837,0.0157247866840048,0.00972252000478069,0.00568978796596504,0.0031580790356954,0.0016761006428325,0.000908236151006028,0.000579302944477497
"11",0.023211273309638,0.0303365603558006,0.0384628276584122,0.0488086570537147,0.0606686291910487,0.0728603640627278,0.0836472110948905,0.0912703965410892,0.0943491584994984,0.092230706916063,0.0851660917396018,0.0742400606615207,0.0610750594644283,0.0474172066086575,0.0347495119353051,0.0240483766866105,0.0157260432126779,0.00972686827754219,0.00570389110796762,0.00320184385474214,0.00184211882135568,0.00125714294670882
"12",0.0146928929199966,0.0198628409040129,0.0264714030582938,0.0355493446358995,0.0467943102609443,0.0594574966663484,0.0721824341291108,0.0832930970773034,0.0910973489202684,0.0942698956409549,0.0921966295326882,0.085152321529564,0.0742348507356056,0.0610733137576037,0.0474170123191705,0.034750631633973,0.024052170902107,0.0157373579378575,0.00976114108859106,0.00580507008054513,0.00355288682189064,0.00259554944727243
"13",0.00889271541785572,0.012449775742622,0.0174398630894539,0.0247413056641369,0.0344007603856144,0.046131719900543,0.0591005382137947,0.0720024801213284,0.0832079974174917,0.0910595449147979,0.0942541194196168,0.0921904729170737,0.0851501805041867,0.0742345143805701,0.061074375524476,0.047420604423982,0.0347606879810447,0.0240800811045613,0.0158168056690084,0.00998390956913851,0.00651318929322531,0.00509435834547895
"14",0.0051526640508889,0.00747718813497713,0.0110041746314193,0.0164590757238445,0.0241145220381828,0.0340533749330226,0.0459514678600512,0.0590128184989702,0.0719623449701744,0.0831907241946323,0.0910525957187002,0.0942516297959524,0.0921900340523156,0.0851512702900243,0.0742381574602904,0.0610840961617491,0.0474457955043848,0.0348263435292424,0.0242556573737319,0.0162833131873461,0.0113451142708257,0.00949763761927491
"15",0.0028618012132829,0.00430718994064188,0.00665438038496149,0.0104724048918975,0.0161311961631286,0.0239396966153271,0.0339659335612393,0.0459103839946671,0.0589946527320901,0.0719548319741371,0.0831879742566667,0.0910521271680897,0.0942528853798839,0.0921940327968071,0.0851614307697724,0.0742630222813038,0.0611444127468957,0.0475931892627374,0.0351958635418395,0.0251834656237069,0.0187733747548742,0.0168057499460508
"16",0.00152536601232893,0.00238204137916466,0.0038594584459537,0.00637816728290969,0.0103077430482456,0.0160466258211165,0.0238989032936119,0.0339474621032521,0.0459025920318253,0.0589918069995875,0.0719545086988082,0.0831897010607105,0.0910570776212302,0.0942646561149446,0.0922210763750843,0.0852227586909574,0.0744015879503796,0.0614602855067937,0.0483328868708943,0.0369451041600793,0.0295100986505231,0.0282000918815999
"17",0.000781130472037871,0.0012659468104783,0.00214869067744876,0.00372181444425621,0.00629870144045285,0.0102684332684572,0.0160284422097331,0.023891229423734,0.0339449509886929,0.0459030656570214,0.0589951186913924,0.0719623343639355,0.0832063378366235,0.0910917157183599,0.0943363557258481,0.0923692269313988,0.0855301013972428,0.0750485383423146,0.0628662217203787,0.0514502783596167,0.0440644827010862,0.0448268828194917
"18",0.000384726219537001,0.000647140513780362,0.00114930481610108,0.00208287986114074,0.00368510800918191,0.00628154291861705,0.0102615661297586,0.0160273190492436,0.0238943857366183,0.03395322902945,0.0459196277070702,0.0590263553686023,0.0720200272575832,0.0833119907230297,0.0912850314535062,0.0946920372940184,0.0930325415995744,0.0867982596647819,0.077578120748099,0.0680914002233157,0.0624855220911813,0.0673918835858106
"19",0.000182463235551465,0.000318557372703698,0.000591313817845389,0.0011194801125066,0.0020675340701761,0.00368002008781393,0.00628350471731524,0.0102707391990937,0.0160469976944538,0.0239315443717428,0.0340198355661121,0.0460348600682906,0.0592201605970172,0.0723391956077236,0.0838314180903618,0.0921300063603765,0.096086239369549,0.0954089728665838,0.0910827518186934,0.0857462479331109,0.0840582128474337,0.095549944195546
"20",8.35572669775887e-05,0.000151441194208286,0.000293575593090476,0.000579964939896871,0.00111700419798005,0.00207422272477196,0.00369878246349806,0.00632222273929801,0.0103439874973276,0.0161786199844345,0.0241577690459176,0.0343925012826476,0.0466245111122876,0.060119810398076,0.0736720767881637,0.0857712252753801,0.0949549440826248,0.100317546899784,0.102176940386751,0.102830665834618,0.106986702348105,0.127151927944163
"21",3.74005276793702e-05,7.04427915449412e-05,0.000142647066273969,0.000294047163109389,0.000590629337871124,0.00114440372615662,0.00213154833251933,0.00381028533687238,0.00652840440860441,0.0107076704504318,0.0167903790494657,0.0251383255083993,0.0358895212504685,0.0488030663365355,0.0631508544837947,0.0777330781495847,0.0910925081778523,0.101982033263621,0.110168002335334,0.117501010550535,0.128365873726918,0.157927868026429
"22",1.74499938103397e-05,3.42397224401046e-05,7.25412142305125e-05,0.000156176280804561,0.000327352531142694,0.000661961290443398,0.00128745279654526,0.00240465201277135,0.00430761517699941,0.00739127025481018,0.0121313382805181,0.0190194606902408,0.0284433614012623,0.0405216019357132,0.0549346326243299,0.0708301123033912,0.0869089992739649,0.101809329145288,0.114952414898072,0.127812747063883,0.14434530769107,0.181629983418272
