"","X0","X1","X2","X3","X4","X5","X6","X7","X8","X9","X10","X11","X12","X13","X14","X15","X16","X17","X18","X19","X20","X21"
"1",0.408584153969455,0.318790063041257,0.161711224490955,0.0691224010562122,0.0272086729575741,0.00990545714739157,0.00332072726398734,0.00100594830300383,0.000270940692971038,6.42402227679225e-05,1.3327169876839e-05,2.40848723391298e-06,3.77544066249619e-07,5.10823154449958e-08,5.93106156015362e-09,5.87040083449455e-10,4.9164731022131e-11,3.45531581539186e-12,2.01854156255137e-13,9.69081199537893e-15,3.76920631090508e-16,1.19393916252245e-17
"2",0.386961783121441,0.309602654382594,0.166669948882896,0.078711903443177,0.0351439363160582,0.0146393560998418,0.00558428067252384,0.001909729710066,0.000577946313563932,0.000153778268688079,3.58503147654297e-05,7.30477574520835e-06,1.29743055360527e-06,2.00174404256046e-07,2.67041845567037e-08,3.06276094879636e-09,2.9998868668861e-10,2.49042270245407e-11,1.73752338203381e-12,1.00890020031713e-13,4.81930923351055e-15,1.92544966385389e-16
"3",0.336763869701917,0.285550539771414,0.174954403076489,0.100030792276132,0.0549107161237609,0.0277409369286643,0.0125538147413397,0.00501282618329062,0.00175618609908662,0.000538841714385023,0.000144679803795713,3.39656318388081e-05,6.96251520085261e-06,1.24345269092097e-06,1.92833849400665e-07,2.58490396900927e-08,2.97799624604004e-09,2.92890871936753e-10,2.44061202305695e-11,1.70849315305729e-12,9.95004698920335e-14,4.95608381342542e-15
"4",0.26758915387126,0.246520410607795,0.178480999824481,0.125886106243288,0.0842627086691839,0.0506799786310648,0.0267846820359443,0.0123538134392007,0.00497114634811552,0.00174736067819019,0.000537000546812546,0.000144320019062935,3.39023770147228e-05,6.95274795711579e-06,1.24214645814641e-06,1.92683964646844e-07,2.58343976827622e-08,2.9767875940114e-09,2.92807227955612e-10,2.44013106657539e-11,1.7082735536346e-12,1.04439687486999e-13
"5",0.193872353776228,0.196842191570836,0.169679927946096,0.145223957281561,0.115899550991797,0.081800263475552,0.0501962934770653,0.026703923965429,0.0123415461817186,0.00496932739810918,0.00174707873656641,0.000536954677026522,0.000144312674790895,3.39012962186085e-05,6.95260771233832e-06,1.24213075155967e-06,1.92682464807675e-07,2.58342766389513e-08,2.9767794044559e-09,2.92806773153394e-10,2.44015479850998e-11,1.81244810395094e-12
"6",0.128038747084484,0.144167733194918,0.146780202125253,0.149009731594548,0.139311630079923,0.114508481793183,0.0815453389671703,0.0501581090543938,0.0266990785764673,0.0123410153642252,0.00496927434603799,0.00174707332620181,0.000536954058013093,0.000144312598201428,3.39012870535157e-05,6.95260673263088e-06,1.24213066142821e-06,1.92682457792421e-07,2.58342761827632e-08,2.97677955099281e-09,2.928135890994e-10,2.62070066744299e-11
"7",0.0771733781152015,0.0964763190380621,0.114443436846273,0.135010208031772,0.145778365095221,0.13857611269423,0.114379390429106,0.081527039777616,0.0501559516828528,0.0266988687656947,0.0123409985721955,0.00496927320881801,0.00174707325506665,0.000536954053153162,0.000144312597796613,3.39012870166172e-05,6.95260672948878e-06,1.24213066120087e-06,1.92682457833926e-07,2.58342803852156e-08,2.97692410721047e-09,3.18871776868124e-10
"8",0.0425555645599796,0.0589644453197712,0.0803384283716242,0.108292848210745,0.133382971748115,0.145417912136695,0.138514998389948,0.114371071525996,0.0815261024987911,0.0501558656672726,0.0266988624384516,0.0123409981993818,0.00496927319101001,0.00174707325435538,0.000536954053126892,0.000144312597795475,3.39012870165722e-05,6.95260672971078e-06,1.24213066361829e-06,1.92682544948265e-07,2.58367872811131e-08,3.29319920656987e-09
"9",0.0215334411161598,0.0329669018637171,0.0509264742597991,0.0773818191454559,0.107537089659506,0.133219416555636,0.145390990726442,0.138511456384799,0.114370686753715,0.0815260687610935,0.0501558633348417,0.0266988623118622,0.0123409981939381,0.00496927319082287,0.00174707325435026,0.000536954053126868,0.000144312597796601,3.39012870268214e-05,6.95260681296051e-06,1.24213223720308e-06,1.92718623969948e-07,2.90922391640922e-08
"10",0.0100288415458128,0.0169045150879937,0.0292825209536105,0.0496162357170511,0.0770577937607848,0.107468402877481,0.133208402100622,0.145389583114923,0.138511307948632,0.11437067422096,0.0815260679412325,0.0501558632937101,0.026698862310262,0.0123409981938888,0.00496927319082203,0.00174707325435441,0.000536954053170187,0.000144312598138794,3.3901289292727e-05,6.95263206608086e-06,1.24256907952699e-06,2.21346111683706e-07
"11",0.00431065071370702,0.00797252568920337,0.0153461248782803,0.0287462886632792,0.0494879437920408,0.0770311247519796,0.10746422932768,0.133207882405877,0.145389529609792,0.138511303562357,0.114370673946916,0.081526067928451,0.0501558632932635,0.0266988623102538,0.012340998193913,0.00496927319099347,0.00174707325566431,0.000536954061915827,0.000144312646968772,3.39016495303097e-05,6.95713762201691e-06,1.45899031173736e-06
"12",0.00171373957182834,0.00346753404027522,0.00736297161361383,0.0151431772372519,0.0286993823301869,0.0494783848819325,0.0770296653798505,0.107464052158342,0.133207864532528,0.145389528176443,0.138511303475865,0.114370673943122,0.0815260679283609,0.0501558632934497,0.0266988623112764,0.0123409981993812,0.00496927322256714,0.00174707343073116,0.000536954898428749,0.000144317144968379,3.39416252928084e-05,8.370604304379e-06
"13",0.000631170730812808,0.00139399763053005,0.00324672227308144,0.00729187589061958,0.015127344259718,0.0286962245163767,0.0494779157141867,0.0770296099795355,0.107464046677286,0.133207864100228,0.145389528150995,0.138511303474934,0.114370673944103,0.0815260679342619,0.0501558633223535,0.0266988624419332,0.01234099880414,0.00496927600805034,0.00174708488906167,0.000537003034889017,0.000144623879722206,4.19423431816523e-05
"14",0.000215549879511178,0.000518872823269401,0.00131985749673828,0.00322365797671006,0.00728694403099612,0.0151263842024216,0.0286960863289053,0.0494778999305237,0.0770296084517843,0.107464046558582,0.133207864094101,0.145389528155681,0.138511303503713,0.114370674087967,0.081526068556405,0.0501558657587033,0.0266988717988336,0.012341034677163,0.00496940271531253,0.00174751880791368,0.000539037168667368,0.000183922996098121
"15",6.82714574886534e-05,0.000179008928533444,0.000495798125370925,0.00131292847710912,0.00322224112001158,0.00728667575669485,0.0151263470287467,0.0286960822592318,0.0494778995495597,0.0770296084331212,0.107464046606646,0.133207864311255,0.145389529049569,0.138511306929604,0.114370686147322,0.0815261078163071,0.05015598913691,0.0266992579973635,0.0123421834456674,0.00497266188298296,0.00175909669959654,0.000706408840910409
"16",2.00443929285194e-05,5.72600711175905e-05,0.00017235665067495,0.00049387150326194,0.00131255334999563,0.00322217229074171,0.0072866666586453,0.0151263461433751,0.0286960824154812,0.0494779004581952,0.0770296116299673,0.107464056992879,0.133207895899106,0.145389619342011,0.138511549487986,0.114371300205759,0.0815276050755801,0.0501596257736804,0.0267079567036504,0.0123623865234853,0.00502833993268559,0.00237479849879368
"17",5.44814213985344e-06,1.69751882951216e-05,5.54862442147558e-05,0.000171861433291397,0.000493780074535225,0.00131253720980704,0.00322217057735169,0.00728666786471678,0.0151263517053755,0.0286961026068532,0.0494779672305149,0.0770298140294057,0.10746462075693,0.133209340562735,0.145393024187284,0.138518936415817,0.11438622281774,0.0815565030266087,0.0502143493638678,0.0268099868382893,0.0125831719335189,0.00696868179070966
"18",1.36803819153583e-06,4.65845963346826e-06,1.65387247895561e-05,5.5368817924913e-05,0.00017184105511727,0.000493777206284625,0.00131253986820855,0.00322218390760863,0.0072867203761324,0.0151265389866917,0.0286967110308968,0.049479771284368,0.0770346985607991,0.107476682073363,0.133236420599035,0.145448104902203,0.138620551895202,0.114558621336992,0.0818306932144147,0.0506317208374439,0.0275229342335263,0.0177715545911735
"19",3.16426546722099e-07,1.18101455319548e-06,4.55968943851481e-06,1.65132148077635e-05,5.536531414142e-05,0.000171844199853086,0.000493795527991049,0.00131261890392694,0.00322249057192351,0.00728780033820529,0.0151300013308423,0.0287068280422889,0.0495066993469428,0.0770998204986983,0.107619096600739,0.133516199497475,0.145939114295587,0.139390842379557,0.115644297083411,0.0832198991553178,0.0524962316615407,0.039164484906214
"20",6.71635058845442e-08,2.758089935246e-07,1.16060763482698e-06,4.55509021407612e-06,1.65156124139203e-05,5.53822036925466e-05,0.000171924793162956,0.000494138058441784,0.00131393400851678,0.00322707397415071,0.00730233758184442,0.0151719887893448,0.0288171218312814,0.0497692919878836,0.077663079240638,0.108698095793472,0.135342999396064,0.148645626565699,0.142857807846296,0.119420338764074,0.0870663866223077,0.0739598982603676
"21",1.30240260332333e-08,5.91344137024157e-08,2.72182533159513e-07,1.16136893914807e-06,4.56515108399163e-06,1.65694484598608e-05,5.56351534088966e-05,0.000172991390370445,0.000498203491320458,0.00132800320123916,0.00327138003159061,0.00742934259256966,0.0155028197781432,0.0295970928232084,0.0514223217808356,0.0807804645109836,0.113858334543511,0.142710175881362,0.157468824362054,0.151254368697777,0.125620394492926,0.119007006959245
"22",2.30661330610736e-09,1.16842383301905e-08,5.93285932880864e-08,2.77662659230392e-07,1.19375704234508e-06,4.73020957528476e-06,1.73214238304563e-05,5.87237327108156e-05,0.000184492566518164,0.000537167134380826,0.00144827461459318,0.00360951532407414,0.00829313911165712,0.0174983521075011,0.0337339224643225,0.0590285656698645,0.0929776512742907,0.130496554236126,0.16116819847059,0.172423980411706,0.15759570842323,0.160922158085884
