"","X0","X1","X2","X3","X4","X5","X6","X7","X8","X9","X10","X11","X12","X13","X14","X15","X16","X17","X18","X19","X20","X21"
"1",0.170044314587188,0.184616523246997,0.176850592621446,0.149002494552533,0.114253046245435,0.0809036321935273,0.0531752952339285,0.0326087015212144,0.0187392541868985,0.0101325043914332,0.00517373708294553,0.00250268558646268,0.00115008195463425,0.000503270696707204,0.000210131844339235,8.3853192398507e-05,3.20239423090973e-05,1.17175146059524e-05,4.11162349774604e-06,1.38592014889519e-06,4.75085703213487e-07,1.6677564972216e-07
"2",0.166968688198851,0.181684227651176,0.174741552374037,0.148170088561052,0.114645089715342,0.082153301203789,0.0548166504394789,0.0342422880323344,0.0201171798958458,0.0111611495514483,0.00586872013764247,0.00293346592800392,0.0013973075794771,0.000635512891941414,0.000276395960019849,0.000115081418296021,4.59099244699725e-05,1.75590426705981e-05,6.44199955055702e-06,2.27054431524289e-06,8.16009532758157e-07,3.0294072800051e-07
"3",0.159038081521742,0.174062263082536,0.169155126355127,0.14580712424334,0.115434015496135,0.0852182235346902,0.0589983199362231,0.0385110007338535,0.0238014398090074,0.0139754586380419,0.00781592209246904,0.00417078579440283,0.00212607255758838,0.00103600153083773,0.000482764893275629,0.000215181079109502,9.17565645458234e-05,3.74376018072192e-05,1.46203364997104e-05,5.47457737465793e-06,2.09400372422255e-06,8.35617670012946e-07
"4",0.146100393043805,0.161464616104364,0.159640183030417,0.141356370183172,0.116095001335367,0.0897531184098849,0.0656405237910834,0.0455950655027027,0.0301539813967849,0.0190128800945434,0.0114360745639619,0.00656242339728684,0.00359206228633038,0.00187516051210293,0.000933491188644759,0.00044318276872973,0.000200698644321131,8.67250714849483e-05,3.5780844918239e-05,1.41287652452789e-05,5.70912187883661e-06,2.42994297065932e-06
"5",0.128830567309872,0.144347659612918,0.146189110466517,0.134276563010491,0.115738231888348,0.0948261470694457,0.0740450452925004,0.0551734398599572,0.0392241711126013,0.0265839633925603,0.0171594832909859,0.0105399450672976,0.0061571177709098,0.00341995342596892,0.00180633063871166,0.000907499472493234,0.000433895341609928,0.000197556991049503,8.57388506553222e-05,3.55771271900807e-05,1.51439769380601e-05,6.85903098073233e-06
"6",0.108608502732813,0.123862198217771,0.129315659076043,0.124232275250598,0.113326762632884,0.0990687804706988,0.0829226173781625,0.0663355245996578,0.0505957525086767,0.0367153033832777,0.0253076737662115,0.0165539437959124,0.0102708954044636,0.00604478069284582,0.00337574778090409,0.00178989703717545,0.000901719692972355,0.000431983927597589,0.000197028735699216,8.5876297113173e-05,3.85086232536237e-05,1.85679952696876e-05
"7",0.0873125716056991,0.101731707443095,0.110100712432691,0.111320398217051,0.108000373296463,0.100970989988174,0.090556051239863,0.0775750230621904,0.0632436182123733,0.0489409040320206,0.0358913979009574,0.0249244289100615,0.0163867532624576,0.010202266047758,0.00601819990872247,0.00336601450321152,0.00178653269038221,0.000900667875575626,0.00043188786314929,0.000197858994246395,9.35598099429494e-05,4.80827039159582e-05
"8",0.0668589884431444,0.0798557140669967,0.0899953483036299,0.0961545200742141,0.0994043497153029,0.0993301890193763,0.095216568126223,0.0870562828457323,0.0756081663018537,0.0622173527484295,0.0484416469807193,0.0356640606998243,0.0248271897295022,0.0163475619853784,0.0101873450579212,0.00601283215359003,0.00336422466005696,0.00178612432276487,0.000901214087216923,0.000434428893814935,0.000216916765423149,0.000118975018885936
"9",0.0487598880068781,0.0598751001706462,0.0705041493290621,0.0797723751304422,0.0878577599166523,0.0936340268902693,0.0956440669995416,0.0930490117877544,0.0858739954992416,0.0750076816090287,0.0619323554684799,0.0483148068633043,0.0356109504260537,0.0248062073688372,0.0163397299909446,0.0101846111208032,0.0060120564188416,0.0033644852497268,0.00178806204233895,0.000908086357918248,0.000479534326272253,0.000281059026964246
"10",0.0338863696185733,0.0428859180776772,0.0528875244420346,0.063407062339417,0.0742845944284347,0.0842073507864341,0.0913902683514641,0.0943695318033216,0.0923750578886085,0.0855412182714572,0.0748538041864123,0.0618655181123049,0.0482874560624891,0.0356003849259458,0.0248023770227032,0.0163385306015925,0.0101846454802259,0.00601349760203084,0.00336983519598848,0.00180557442744968,0.00101010966828652,0.000633370707149513
"11",0.0224625225577142,0.0293579616346457,0.0379708420342582,0.0482127829666852,0.0599523130125766,0.072084502546308,0.0829059665173472,0.0906765245256582,0.0940039343896723,0.0921997291620315,0.0854623196995985,0.0748204040890865,0.061852189537821,0.0482824599652014,0.035598723145922,0.0248022099099023,0.0163397034940529,0.0101888524197702,0.00602718633715183,0.00341232851354214,0.00202611530870947,0.00136042823234567
"12",0.0142189286322548,0.0192221041006576,0.0260914511183487,0.0350433283864838,0.0461387326092458,0.0586862659556888,0.071363462391428,0.0825242067414662,0.0904871903786182,0.093915805364708,0.0921611688677714,0.0854464368234799,0.0748142629548663,0.0618500559437959,0.048282103880991,0.0355997504121546,0.0248058754639478,0.0163506893474096,0.0102221420503174,0.00612546646303908,0.00386776234087744,0.0027828097724513
"13",0.00860585363018295,0.0120481700735051,0.0171641486484346,0.0243448046989267,0.0338536346663835,0.0454417065380783,0.0583037711870793,0.071167939469045,0.0824303374431789,0.0904448008892021,0.0938977929034192,0.0921539913686131,0.0854438559530715,0.0748137388494896,0.0618510143947893,0.0482855692612913,0.035609516611478,0.0248330012116394,0.016427898646816,0.0104386247799586,0.00702340883093525,0.00541641994448342
"14",0.00498644908150539,0.0072359885177198,0.0108154162255957,0.0161693374145262,0.0236916076057066,0.0334858168940169,0.0452470502528942,0.0582076751581331,0.0711232844182349,0.0824107917528368,0.0904367811784252,0.0938948263894582,0.0921533424931668,0.0854448302740865,0.0748172502535816,0.0618604566174999,0.0483100652448979,0.0356733678077104,0.0250037263456885,0.0168814754564395,0.0121275548312687,0.0100229057866087
"15",0.00276948504511248,0.00416824832965344,0.00653203912135896,0.0102735269902441,0.015825492428349,0.0235052678500552,0.0333906194516228,0.0452016521437206,0.0581872746943207,0.0711146884909284,0.0824075445300675,0.0904360853876396,0.0938959527630059,0.0921571971313646,0.0854547034991309,0.0748414419753523,0.0619191552637627,0.0484535064568847,0.0360329135161961,0.0259063599346434,0.0199087251917077,0.01761811980488
"16",0.00147616065709251,0.00230520133467547,0.00378416514164323,0.00624925999569211,0.0100997338675265,0.0157347400618195,0.0234604787695678,0.0333700157715703,0.0451927956209152,0.0581839249061574,0.0711141242901959,0.0824091238329324,0.0904408657205069,0.0939073995002919,0.0921835280281857,0.0855144328014086,0.0749764101576282,0.0622268168998313,0.0491738127121681,0.0377359164615862,0.0310692240334552,0.0293918694351508
"17",0.000755932714875359,0.0012251098165919,0.00210457583211293,0.00364259290768273,0.00616483012551723,0.0100572520160637,0.0157145796042724,0.023451784386467,0.0333669990925975,0.0451930064236895,0.0581870487654989,0.0711217127927447,0.0824253307674225,0.0904746389004753,0.0939773228907118,0.0923280168922685,0.0858141741175204,0.075607270232285,0.0635973146131808,0.052211512552607,0.0460924253372275,0.046486569218189
"18",0.00037231569632613,0.000626265013335834,0.00112464099040546,0.00203656568864524,0.0036033079061793,0.00614610217482749,0.0100494223194174,0.0157129391740621,0.0234546173622035,0.0333749738687982,0.045209136030604,0.0582175448415328,0.0711780788849861,0.0825285831309514,0.0906635797052506,0.0943249390175349,0.0929761703045399,0.0870528976528218,0.0780766504529853,0.0686948473020726,0.0649880421153135,0.0695883803672079
"19",0.000176577324727225,0.000308281328422934,0.000578125089384295,0.00109364389509361,0.0020199140620364,0.00359742202409434,0.00614750566418172,0.0100581353567944,0.0157320463080945,0.0234908732371412,0.0334400666025102,0.045321849884531,0.0584072468863429,0.0714906686548387,0.0830375065583185,0.0914915931102909,0.0956909225540913,0.0953031997534804,0.0912441546429145,0.0860579487374165,0.0869963661319077,0.0983159521933882
"20",8.08618712686342e-05,0.000146555994395115,0.000286800808377157,0.000566141593261755,0.0010904419849191,0.00202602086074373,0.00361549929364264,0.00618519048076491,0.0101296260446234,0.0158606716862043,0.0237121631895115,0.0338049567246408,0.0458997774972434,0.0592898972008041,0.072799574669587,0.0849437602793381,0.0942683999763518,0.0998483107183512,0.101943972764037,0.102749597481881,0.110282732683162,0.130469046196893
"21",3.61940590445518e-05,6.81704434305883e-05,0.000139252016641885,0.000286834118865374,0.000576178296851861,0.00111697286928413,0.00208184126817584,0.00372428915588155,0.00638657034163392,0.010485174156446,0.0164593476094379,0.0246728205065293,0.0352734198891458,0.048039687600144,0.0622714566375584,0.0767998519620669,0.090191164510302,0.101199808905103,0.109552663814125,0.11700039837999,0.131919680253864,0.161718223205479
"22",1.68870907841997e-05,3.31352152646173e-05,7.07640780879263e-05,0.000152242843437965,0.000319132811242301,0.000645645644971178,0.00125648182024195,0.00234843618301884,0.00421019058408153,0.00723041160184119,0.0118789601158885,0.0186443577729688,0.0279171671070447,0.0398279844761818,0.0540800754881019,0.0698524184205629,0.0858775680917186,0.100809999569743,0.114047788587617,0.126973927131025,0.148053450107136,0.185752975259042
