"","X0","X1","X2","X3","X4","X5","X6","X7","X8","X9","X10","X11","X12","X13","X14","X15","X16","X17","X18","X19","X20","X21"
"1",0.179537815055071,0.200831780819332,0.178073079201533,0.146446565398209,0.109755133934915,0.0758130351053696,0.0485203752774804,0.0289102418422432,0.0161119766417673,0.00843476637034701,0.004163702911115,0.00194448396582539,0.000861517528651851,0.000362970710843632,0.000145697995780324,5.58047867416929e-05,2.04193416113683e-05,7.14427423584248e-06,2.39200908416434e-06,7.6755089926997e-07,2.4155198745763e-07,8.77269595973696e-08
"2",0.176248533577548,0.197604873405992,0.176008692919797,0.145778098654755,0.110353804194935,0.0772441972234827,0.050276849729192,0.0305854065558614,0.0174749634552861,0.00941800765391257,0.00480564022383178,0.00232866038235871,0.00107411570939112,0.000472451471342373,0.000198417271785042,7.96341504107635e-05,3.0560917637878e-05,1.12185685125227e-05,3.9406663072323e-06,1.32637921132339e-06,4.38097745124195e-07,1.68790705452958e-07
"3",0.167773392008036,0.189221941872657,0.170525042501555,0.143820683994344,0.111663793646631,0.08077764877945,0.0547676704972379,0.034979279928294,0.0211370319115952,0.0121253236690684,0.00661903543754827,0.0034434967723158,0.00170869072342023,0.00080898906857826,0.0003654948227921,0.000157570511774976,6.48206673441953e-05,2.54452890802579e-05,9.53403897381785e-06,3.41585684044374e-06,1.20009634180288e-06,4.97906122458766e-07
"4",0.153964461942942,0.175379798601327,0.161145082732656,0.139984938756539,0.113141177289975,0.0860752701674727,0.0619450273227498,0.042315726300265,0.0274995668293481,0.0170188560999737,0.0100322265973718,0.00563120604906927,0.00300849237385109,0.00152922160836792,0.000739379741021202,0.000340036917055062,0.000148768211991881,6.19373679776959e-05,2.45548503013347e-05,9.29317848219816e-06,3.44831740853323e-06,1.52874385452827e-06
"5",0.1355630654681,0.156597048798904,0.147815395997665,0.13363897892157,0.113806297842325,0.0921547100033068,0.0711138009615255,0.0523189857580643,0.0366742417636901,0.0244644764753517,0.0155103183748071,0.00933581731640598,0.00533127417568532,0.00288753897166396,0.00148341178696422,0.000723044586375,0.000334542078162906,0.000147025049670169,6.1435501981352e-05,2.44880118107094e-05,9.57522716668549e-06,4.52692880493616e-06
"6",0.114062000938489,0.134156388516625,0.131000475900713,0.124323878492079,0.112480435041999,0.0975408646040957,0.0809441802169017,0.0641036734703881,0.0483121112191676,0.0345667966484326,0.0234386717616083,0.0150459376726358,0.00913948316608813,0.00525348369110263,0.00285857327172265,0.00147325338369216,0.000719685988118252,0.000333505960525668,0.00014678994379748,6.16111089310138e-05,2.53921798925509e-05,1.28068229971764e-05
"7",0.0914768881574999,0.109964166190203,0.111746377071517,0.112013586043156,0.108140910382505,0.100574798356678,0.0896260043647952,0.0761439241565946,0.0614324404693382,0.0469405576983402,0.0339137114057997,0.0231489607817414,0.0149257336110996,0.00909268058805834,0.00523633741659482,0.00285265285995525,0.00147133389409096,0.000719141166831627,0.000333561991737918,0.000147533115424434,6.41507236203021e-05,3.45495544204939e-05
"8",0.0698491878433029,0.0861089606104676,0.0914972425819018,0.0972381747456208,0.100297959882107,0.0999014059049674,0.0953007050320822,0.086529513221164,0.0744693957193373,0.0605945375696462,0.0465508956091348,0.033744589287726,0.0230801945362952,0.0148994549789752,0.0090832203257314,0.00523313206836213,0.00285166365139661,0.00147118265533872,0.000719719702068577,0.000335809153367138,0.000154251260351099,8.8803660657073e-05
"9",0.0507751076253609,0.0643823610623707,0.0717796783771937,0.0810129239125268,0.0892007228746987,0.0948955960777284,0.0965757327436814,0.0934133003544043,0.0855391602283616,0.0739872207508286,0.0603758966086823,0.0464582044664889,0.0337077168526634,0.0230663897866739,0.0148945871726196,0.00908163215758642,0.00523276117412473,0.00285200311379506,0.00147300584182422,0.000725923266469018,0.000352759420088822,0.000217316131830047
"10",0.0351585725841709,0.0459676782114152,0.0538942684187946,0.0646051158801093,0.0757785365848862,0.0858370041097986,0.092905435763102,0.0954850969728156,0.0928587068297438,0.0852767858159486,0.073871386014538,0.0603280087413318,0.0464396026135504,0.0337009145830671,0.0230640724635851,0.0148939507952799,0.00908183250500837,0.00523411340819422,0.00285697680510577,0.00148919320124865,0.000766793882986759,0.000505953815320205
"11",0.0232127465586288,0.0313566356860616,0.0387091652405646,0.0492366758861647,0.0613627501598629,0.0737848744250497,0.0847035524346278,0.0923060513856091,0.0951899887502785,0.0927231863869742,0.0852186068965143,0.073847968939774,0.0603191506673167,0.0464364733319554,0.0336999765440465,0.023064146483788,0.0148951225206064,0.00908571221241755,0.00524689310562395,0.002897119548938,0.00158334320313005,0.00111985963206834
"12",0.0146302768864063,0.0204516756768018,0.0265945220132916,0.0358350078961044,0.0473225049383229,0.0602353485017161,0.0731688916562418,0.0843893396400966,0.0921563493965227,0.0951233067425518,0.0926953791258922,0.0852077334115271,0.0738440004085806,0.0603178916545564,0.0464364290238294,0.0337010530588068,0.0230676359803877,0.0149053601072156,0.00911702916879434,0.00534152812578651,0.00310413010099156,0.00235460648557749
"13",0.00881382592571151,0.0127656336867016,0.0174823480852281,0.0249051518312478,0.0347558975158577,0.0467129377600594,0.0599151558808982,0.0730113597219029,0.084316735876066,0.0921249968886501,0.095110625710975,0.0926906013050379,0.085206155360327,0.0738438520438197,0.060318938129414,0.0464397861856504,0.0337103806267257,0.0230932613069942,0.0149786243210932,0.00932895841180273,0.00577541077218934,0.00469936265364876
"14",0.00508187708694761,0.00763292675352043,0.0110017872642622,0.0165346910140062,0.0243231765580615,0.0344401730699348,0.0465534123498494,0.0598394544819883,0.0729776178554005,0.0843026268578545,0.0921195066165199,0.0951087548224889,0.0926903818640469,0.0852072494745199,0.0738472975768595,0.060328079600162,0.0464634203237803,0.033771499085726,0.0232567331153182,0.0154290051248579,0.0101944717233676,0.00889585738052882
"15",0.00280789220982839,0.0043762917835289,0.00663256533472185,0.0104935372571534,0.0162339348386485,0.0241662593722774,0.0343638619560592,0.0465184861071601,0.0598244201530445,0.0729715882720742,0.0843005255461456,0.0921192779668915,0.0951100278450638,0.0926942019946231,0.0852169084304798,0.0738709331999912,0.0603853272474381,0.0466024062928126,0.0341189290591281,0.0241638846093061,0.0170690421119335,0.0159596984116913
"16",0.00148853033534516,0.00240833231298964,0.00383354004705162,0.0063715173910084,0.0103443834489712,0.0161589945536968,0.0241311726034315,0.0343484099493536,0.0465121600575403,0.0598222287521905,0.0729715115486125,0.0843022730493671,0.0921240573225496,0.095121335794729,0.0927201978834599,0.0852758744167626,0.0740039504627449,0.060686792544535,0.0473047266776349,0.0358478709088159,0.0271083873587339,0.0271137525804772
"17",0.000757966720708786,0.00127332587955181,0.00212613698296178,0.00370495559729228,0.00630046566968004,0.0103100095695965,0.0161436059752153,0.0241249097824968,0.034346539184511,0.0465128731793446,0.0598255539584075,0.0729791656525506,0.0843184797049795,0.0921577827926629,0.095191147879162,0.0928643433291831,0.085574240990936,0.0746284313647632,0.062034518323188,0.0504143302026124,0.0408372863301674,0.0435739309300301
"18",0.000371130114043282,0.000647421362320176,0.00113253466642526,0.00206539627883104,0.00367259129715623,0.00628571358353476,0.0103044334303744,0.0161430801787296,0.0241282760219602,0.0343548056756751,0.0465292594114294,0.0598564228472478,0.0730361699861977,0.0844228185141205,0.0923485026917201,0.0955413921640429,0.0935154174336984,0.0868113943634863,0.0770753092261697,0.0672862068862707,0.0583400489620534,0.0661316749045145
"19",0.000174945740993106,0.000316919576678926,0.00058009053474994,0.00110537488824525,0.00205216278180522,0.00366857725649395,0.00628816616153065,0.0103137267822034,0.0161626549704937,0.024165198451029,0.0344211121390868,0.0466441879136526,0.0600499353819027,0.0733549011280336,0.0849410564066637,0.0931896504497295,0.0969238818406633,0.0958560773339485,0.0909896129917534,0.0853337789588511,0.0789561250469877,0.0945118632645053
"20",7.96078524979941e-05,0.000149786284756466,0.000286624630966035,0.000570017617818077,0.00110378400483862,0.00205914221262404,0.00368725349751107,0.00632652355073537,0.0103864647292747,0.0162938354174983,0.0243914465812097,0.0347948905458444,0.0472368197263464,0.0609550738638568,0.0746956481078785,0.0868887569286189,0.0960149506302411,0.101125539824564,0.1025006806136,0.102917594842931,0.10096378186572,0.126571776670668
"21",3.53925742268532e-05,6.92404057568287e-05,0.000138540144444717,0.000287535623975788,0.000580775671326242,0.00113079727439711,0.00211566494410328,0.00379762166855065,0.00653153739476964,0.0107496763259004,0.0169072218480707,0.0253779395819736,0.0363049749718419,0.0494381950788435,0.0640195312294553,0.0787968591207505,0.0922441669676333,0.103036498386518,0.110844623042547,0.118097435994478,0.121548224196453,0.157947547553984
"22",1.63900195368491e-05,3.34256194422707e-05,7.00432097863864e-05,0.000151861732928119,0.000320163014966466,0.000650783005539471,0.00127185256075357,0.00238633263414871,0.00429294285692136,0.0073948566283039,0.0121799962590528,0.0191548038880168,0.0287202224922888,0.0409990870329697,0.05565795530153,0.0718043781151056,0.088070512341304,0.102997163148498,0.115866915840094,0.128806455580377,0.136963798702986,0.182190060015452
