"","X0","X1","X2","X3","X4","X5","X6","X7","X8","X9","X10","X11","X12","X13","X14","X15","X16","X17","X18","X19","X20","X21"
"1",0.168589137965695,0.198210193953816,0.179162583572523,0.148311159811286,0.112187272000571,0.0782053054981151,0.0505257666562682,0.0303977471087363,0.0171080046305701,0.00904518356175577,0.00450959250961978,0.00212712371957732,0.000951936029685248,0.000405142450757584,0.000164299543506719,6.35878905863055e-05,2.35157878345361e-05,8.31777512029526e-06,2.81624959265644e-06,9.14097027671594e-07,2.89753860823035e-07,1.0943349687155e-07
"2",0.165513674498327,0.195012043674508,0.177033100484744,0.147549598619262,0.112691106796652,0.079566626978308,0.0522478348330628,0.0320701758342344,0.018488453128209,0.0100538389290191,0.00517610462499168,0.00253070051490316,0.00117786565939277,0.000522838680303031,0.00022163651394444,8.98103998495721e-05,3.48095938978995e-05,1.29103266629465e-05,4.58358773685289e-06,1.55983874334834e-06,5.18814161786345e-07,2.07669089011282e-07
"3",0.157587452306215,0.18670661654529,0.171388582976475,0.145359074073317,0.113759021913759,0.0829164845326024,0.0566422468334279,0.0364485500634217,0.022189284478079,0.0128238431888156,0.00705305836127584,0.00369757338513329,0.00184941174425835,0.000882915453851333,0.000402385488168869,0.000175071306785617,7.27169638200388e-05,2.88349438721452e-05,1.09187639892128e-05,3.95470922877801e-06,1.39928425170826e-06,6.0268396330953e-07
"4",0.144667537834525,0.172999753142272,0.16176493095518,0.141162247536766,0.114849321265322,0.0879064358485912,0.0636421758045666,0.0437364010934896,0.0285967347786382,0.0178103015224626,0.0105691564804167,0.00597497687901451,0.00321652982866252,0.00164829078608957,0.000803852177258791,0.000373074060848921,0.000164796219852006,6.93040172656902e-05,2.77645747918317e-05,1.06208515136262e-05,3.96903617439333e-06,1.82530629909891e-06
"5",0.127440963567011,0.154413452244709,0.148144438943938,0.134371270124436,0.115015562746652,0.0935638187779485,0.0725387122446674,0.0536303846191076,0.0377934954581478,0.025357755683755,0.0161791165601122,0.00980602891651904,0.0056418411765692,0.0030803299714338,0.0015959803235424,0.000784930731678029,0.000366615410130335,0.000162715822726371,6.8690760196679e-05,2.76646596116774e-05,1.08931958408858e-05,5.33806126854008e-06
"6",0.107298174351708,0.132225362796657,0.131039582219817,0.124592411774987,0.113138448597194,0.0984468364197942,0.0820027509153834,0.0652200418771608,0.0493938737026477,0.0355362587531382,0.0242444779497691,0.0156683559618767,0.00958713659022501,0.00555390792612225,0.0030471234048408,0.00158416548963635,0.000780965664320736,0.000365371197802493,0.000162412933825862,6.88479458581828e-05,2.85695056851209e-05,1.49240215521137e-05
"7",0.0861216884889059,0.108326335386517,0.11154360563919,0.111870340437025,0.108270353359791,0.100952862200701,0.0902480821819586,0.0769701095116957,0.0623842309150356,0.0479189661808819,0.0348246746568743,0.0239245750906308,0.0155338151083166,0.00953402588257419,0.00553417560605345,0.00304021099445973,0.00158188889632809,0.000780301445262274,0.000365388588298458,0.000163144438146667,7.14159359235245e-05,3.98090554315162e-05
"8",0.0658227719362387,0.08478156410122,0.0911324102152837,0.0967901829638756,0.0999915008611358,0.0997936575442666,0.095462915056899,0.086986636889101,0.0751844439802223,0.0614792228866918,0.0474925481359597,0.0346371170979402,0.0238472757355691,0.0155038679658508,0.00952309310988483,0.00553041622279674,0.0030390260994139,0.00158167618036601,0.000780859978298204,0.000367612829457376,0.000169976168128897,0.000101224041401048
"9",0.0479004687831799,0.0633569487427093,0.0713412275103717,0.080392008071825,0.088596528889502,0.0944033234027137,0.0963136761768316,0.0934649690901099,0.0859254017240794,0.0746611507608275,0.0612388132981746,0.0473892615749835,0.0345954718127145,0.0238314694306197,0.015498214876107,0.00952121568466657,0.00552994562504714,0.00303934075997524,0.00158349062472742,0.000786975748208086,0.000384922901391252,0.00024517451123651
"10",0.0332086141675817,0.0452137524268746,0.0534582554337052,0.0639358855989587,0.0750265474088463,0.0850973359385983,0.0923091991486872,0.0951529464781401,0.0928675617156604,0.0856391746390547,0.0745331206674267,0.0611851717787239,0.0473681409343259,0.0345876408953332,0.0238287583423555,0.015497436748486,0.00952136864889096,0.00553129665885279,0.00304431016764484,0.00159937109596006,0.000828856665045054,0.00056525444084897
"11",0.0219547774583317,0.0308293933440764,0.0383270136690065,0.0486137086481966,0.060593960360827,0.0729404294087106,0.0838976848459527,0.0916676529852519,0.0948332798474722,0.092718900709378,0.0855745104999744,0.0745067402741291,0.0611750544724337,0.0473645115741768,0.0345865161484338,0.0238287659320981,0.0154985849498256,0.00952525949385948,0.00554406051231052,0.00308352192121546,0.00169610770639507,0.00123956523794524
"12",0.0138575484446977,0.0201009864337551,0.0262908565225282,0.0353138281155957,0.0466298658259473,0.0594072012650493,0.072284493763964,0.0835593544002449,0.0915045377688616,0.0947597029972816,0.0926878093095734,0.0855621842815614,0.0745021729092122,0.0611735640811108,0.0473643815480404,0.0345875578002842,0.0238322303534382,0.0155088191665634,0.00955649436487563,0.00563617148129821,0.00329664152790742,0.00258359763821095
"13",0.00836130895709082,0.012543700820518,0.0172601372337997,0.0245053690577755,0.0341892916174552,0.0459842956916889,0.05906409150805,0.0721138103268271,0.0834797579551398,0.0914697306450831,0.0947454336096731,0.0926823511678767,0.0855603336321517,0.0745019199959412,0.0611745653327732,0.0473676999569528,0.0345968130880316,0.0238577514929451,0.0155817651725446,0.00976218564442782,0.00608345064806362,0.0051142364451916
"14",0.00482893203740922,0.00749921327278822,0.0108505617463595,0.0162501753146496,0.0238955835017871,0.0338528603340063,0.0458122447270729,0.0589815382106261,0.0720765811412404,0.0834639921851752,0.0914635045102583,0.0947432563740059,0.0926820092574566,0.0855613722696583,0.0745053146965433,0.0611836065369253,0.0473910976745166,0.0346574787330941,0.0240202101985058,0.0160179383159283,0.0106550938479438,0.00960743511405038
"15",0.00267277696747734,0.00429953642036733,0.00653620098889291,0.0103042119251111,0.0159333405849204,0.0237273381567079,0.0337700110481489,0.0457739008144349,0.0589648367054776,0.072069788944166,0.0834615618084025,0.0914631378870366,0.0947444619028931,0.0926857644083506,0.0855709023196475,0.0745286470934219,0.061240151650928,0.0475286590809371,0.0350021110012444,0.024897367548355,0.017710398663409,0.0171148940796713
"16",0.00141948571081179,0.00236632111354855,0.0037757599802192,0.00625307204625335,0.0101462406039517,0.0158524896159737,0.0236889851308394,0.0337529234847919,0.0457668079934335,0.0589623042337261,0.0720695610971698,0.083463225991686,0.0914678274707584,0.0947555976922756,0.0927113716913364,0.0856289971717677,0.0746597700439812,0.0615378275177282,0.0482241105933928,0.0366722213980479,0.027936075355779,0.0288890240625289
"17",0.000724182713745711,0.00125138405664305,0.00209341644630015,0.00363500254473713,0.00617741713862476,0.0101089176844641,0.0158355343545249,0.0236819651058987,0.033750702025599,0.0457673496777053,0.0589655111365746,0.0720770645334351,0.0834791556898447,0.0915009924849111,0.0948242555898487,0.0928531719772672,0.085922679532627,0.0752753382896465,0.0628704506029755,0.0512266105456735,0.0418213022321091,0.0461575956368459
"18",0.000355288382437294,0.000636478615750494,0.00111498436334526,0.00202627222019076,0.00360034108263872,0.00616124827874442,0.0101026033616581,0.0158346362571545,0.0236851061254551,0.0337587494728503,0.0457834077392128,0.058995805468061,0.0721330375272333,0.0835816459822524,0.0916883952472312,0.0951685591162576,0.0934936020697838,0.0871411115755097,0.0776926769908057,0.0679421491469025,0.0594090835859078,0.0696948173906188
"19",0.000167821212275152,0.000311704815511866,0.00057115301835493,0.00108459637771432,0.00201192551171864,0.00359563683227532,0.00616328621140705,0.0101115569934975,0.0158537646156253,0.0237212824846295,0.0338237588472565,0.0458961332084065,0.0591857016712003,0.0724460023267151,0.0840908438870523,0.0925154675207361,0.0965289669160533,0.0957994075457879,0.0912689878364022,0.0856750850657023,0.0800066461906253,0.099170270911054
"20",7.65288523263095e-05,0.000147406887241054,0.000282287667531714,0.000559494497748275,0.00108242638317791,0.00201844330763391,0.00361380121994452,0.00620082757200179,0.0101828245188212,0.0159823177644102,0.0239430412868057,0.0341902624043134,0.0464775984223063,0.0600745597365304,0.0737640260381333,0.0860078149680094,0.0952995447310426,0.100674510206595,0.102372649094245,0.102818400623014,0.101888510778558,0.132342723039612
"21",3.41010930810567e-05,6.8189700203211e-05,0.000136508522299419,0.000282379589148166,0.000569798036412895,0.0011087975124614,0.00207381352157821,0.00372196151112483,0.0064017160168135,0.0105387101683384,0.0165834349506519,0.0249102329714731,0.0356719234797567,0.0486399030836379,0.0630889308862152,0.0778052317349727,0.091295008079769,0.102244992222916,0.110315630043545,0.117516599704487,0.122277489190822,0.164714647980293
"22",1.58317332007437e-05,3.29478292536933e-05,6.90624198231951e-05,0.000149247311458077,0.000314310428040261,0.000638432332846614,0.00124708248899705,0.00233907391694336,0.00420726577884431,0.00724754310633588,0.0119403656412073,0.0187871562420003,0.028190244977913,0.0402846802529935,0.0547629154239407,0.0707706978655747,0.0869823294933429,0.101970017387987,0.115032456596876,0.127831976396487,0.137506968183642,0.189679394192294
