"","X0","X1","X2","X3","X4","X5","X6","X7","X8","X9","X10","X11","X12","X13","X14","X15","X16","X17","X18","X19","X20","X21"
"1",0.428499529786373,0.267170912017721,0.159435520890106,0.0826306623287927,0.0375190280849296,0.0156319459364095,0.00599421054966718,0.00212806968428828,0.000699358064620163,0.000212067067452848,5.91267314646587e-05,1.51095122380606e-05,3.53008070963014e-06,7.52532401745059e-07,1.46119089140926e-07,2.57951125676167e-08,4.13136448364327e-09,5.98742571927881e-10,7.82652255892583e-11,9.19080036023897e-12,9.71578599275796e-13,9.14131738081366e-14
"2",0.412573319887102,0.261563694521968,0.161475837492788,0.0882431029026233,0.0431628311380106,0.0196587949591819,0.00831619950417412,0.00326433883337035,0.0011832474265337,0.000394056331310323,0.000120139931313619,3.34570639961083e-05,8.4999086301428e-06,1.96852373033752e-06,4.15321613487584e-07,7.97594016118436e-08,1.3925136290466e-08,2.20633945249161e-09,3.16488581139202e-10,4.09735286546053e-11,4.80840341730684e-12,5.06639243891364e-13
"3",0.373852902162424,0.246729998104166,0.164798387428833,0.101021299764306,0.0571403063429721,0.0303760812583914,0.0149607360092384,0.00676775331766345,0.00279380506288271,0.00104880864536262,0.000357630712479851,0.000110773384512711,3.11857109508532e-05,7.98521943110471e-06,1.86050562182958e-06,3.94480393879158e-07,7.60840975363861e-08,1.33355413390821e-08,2.12066077148003e-09,3.0526116509118e-10,4.00516983594246e-11,4.75743713838887e-12
"4",0.316438876680616,0.221895469191092,0.165581958721821,0.117373421943477,0.0780111396793071,0.048367680386681,0.02742183808091,0.0140905374623108,0.0065381356209697,0.00273823214181108,0.00103622176585128,0.000354908231750456,0.000110204383519099,3.10707463310132e-05,7.96297116539885e-06,1.85643963702914e-06,3.93788483307499e-07,7.59757347139617e-08,1.33200657826867e-08,2.11870748785961e-09,3.08681619302563e-10,4.10782888017399e-11
"5",0.24909388839932,0.188377401439114,0.159500826439487,0.131214997777573,0.101408730035143,0.0722272124060003,0.0465151490757782,0.0269095261535764,0.0139662992640571,0.00651132825210819,0.00273303391708271,0.0010352999226277,0.000354755506632219,0.000110180150416764,3.10669790926755e-05,7.96239171650337e-06,1.85635218287772e-06,3.9377580284301e-07,7.59740367181823e-08,1.33203705566077e-08,2.1483213093172e-09,3.19560998010699e-10
"6",0.181785133492045,0.149691167650222,0.144271450887812,0.13655244277359,0.120948100716207,0.0978383355279993,0.0711191333654956,0.0462187847237318,0.026840421969623,0.013952109169724,0.00650875935837564,0.00273262131575537,0.00103524077807706,0.000354747873764379,0.000110179248864106,3.10668789377649e-05,7.96238086080081e-06,1.85635106226114e-06,3.93776027171782e-07,7.59790418943159e-08,1.35350938594118e-08,2.24769102187971e-09
"7",0.122847027675918,0.110725223984061,0.120977245099245,0.130150859643366,0.130459529125688,0.118910786375735,0.0972222555080624,0.0709582839487193,0.0461821808929505,0.0268330953931633,0.0139508223544291,0.00650856036821349,0.00273259420838207,0.00103523752824747,0.000354747530924293,0.000110179217037893,3.10668764758335e-05,7.96238152715559e-06,1.85635490318389e-06,3.93819356532428e-07,7.7374447389109e-08,1.4339147490802e-08
"8",0.0769170148209373,0.0760358333726716,0.0934746827276145,0.112954182711854,0.126811239277547,0.129386738166493,0.118594196788272,0.0971413421707537,0.0709402390885297,0.0461786382197534,0.026832486112974,0.0139507303195679,0.00650854816554614,0.00273259279240689,0.00103523738492961,0.00035474751862729,0.000110179217798791,3.10668853038564e-05,7.96241855156394e-06,1.85669188019853e-06,4.01986212791435e-07,8.3161775679344e-08
"9",0.0446930425926872,0.0484484909187859,0.0664478711223939,0.0892533338302814,0.111259332274849,0.12628914423291,0.129236315961441,0.118556515823559,0.0971330913880443,0.0709386459135262,0.0461783690075709,0.0268324462180093,0.0139507251419796,0.00650854757946043,0.00273259273520157,0.00103523738304756,0.000354747534658481,0.000110179298565641,3.10672022713935e-05,7.96478808111741e-06,1.8998987707431e-06,4.39153905188162e-07
"10",0.024152118395245,0.0286682672538759,0.0435046279729789,0.064384917463858,0.0884547770699134,0.111024055291226,0.126222991518042,0.129220067005548,0.118553019166145,0.0971324261475126,0.0709385352204276,0.0461783528702114,0.0268324441610952,0.013950724914387,0.00650854756150484,0.00273259275941178,0.00103523751991247,0.000354748181396962,0.000110181713206699,3.1082297868354e-05,8.17214458113944e-06,2.11337165214136e-06
"11",0.0121669100379281,0.0157794175769499,0.0262968697931536,0.042565526246817,0.0640346743369348,0.0883564287194767,0.11099710361963,0.126216503352173,0.129218694861974,0.118552761743721,0.0971323839159546,0.0709385291530664,0.046178352109258,0.0268324440825379,0.0139507249380146,0.00650854775963383,0.00273259376996029,0.00103524209847701,0.000354764552808855,0.000110268910605458,3.19880824949724e-05,9.27033843096331e-06
"12",0.0057267243505179,0.00809498265767102,0.0147186442253365,0.0258975858922588,0.0424221692713645,0.0639964775584561,0.0883462485864799,0.11099470516144,0.12621600538714,0.129218602756132,0.118552746844602,0.0971323818061396,0.0709385288971567,0.0461783521180857,0.0268324443138189,0.0139507263131296,0.00650855442795466,0.00273262262814124,0.00103534107895533,0.000355221222948244,0.000113882180169834,3.70523221018977e-05
"13",0.00252375922494313,0.0038786612690674,0.00765151192710728,0.0145597042525533,0.025842697089885,0.042408363931625,0.0639929099405223,0.0883454278582906,0.110994538228354,0.126215974981377,0.129218597914045,0.118552746180323,0.0971323817834017,0.0709385292117899,0.0461783538333485,0.0268324532340241,0.0139507664583488,0.00650871801500343,0.00273315828233988,0.00103750846221869,0.000368423016956744,0.000134814904475235
"14",0.00104330624460258,0.00173923152682563,0.00370507398712405,0.00759215659219156,0.0145400022318001,0.0258380466526007,0.042407202996936,0.0639926499649673,0.0883453762166622,0.11099452899401,0.12621597357745,0.129218597895375,0.118552746889035,0.0971323848448362,0.0709385422092281,0.0461784102388653,0.0268326793242206,0.0139516115874944,0.00651132642985618,0.00274247279395893,0.00108178290277586,0.000445895899184976
"15",0.000405209133943484,0.000731186916495308,0.00167552214974377,0.00368424345995985,0.00758551396165296,0.0145385400635393,0.0258376955771567,0.0424071267657823,0.0639926352917339,0.0883453738624038,0.110994529424641,0.126215976362736,0.12921860732967,0.118552778101537,0.0971324890434872,0.0709389028414636,0.0461796344337933,0.0268367197587508,0.013963107056333,0.00654751969739008,0.0028788045970846,0.00133788417070322
"16",0.00014804645880594,0.000288649785064677,0.000709239805541019,0.00166864303531434,0.00368213638280949,0.00758508435148886,0.0145384415310055,0.0258376755903865,0.0424071251880381,0.0639926415317221,0.088345393495409,0.110994583280456,0.126216117856195,0.129218970245174,0.118553705348047,0.0971349309294133,0.0709454937404736,0.0461978219320038,0.026882765113202,0.0140897380298918,0.00693156443339521,0.0036312319361638
"17",5.09307497184875e-05,0.000107136708210563,0.000281548608549774,0.000707100097821219,0.00166801374119696,0.00368201956463432,0.00758506300334112,0.014538450648963,0.0258377173366394,0.0424072441426823,0.0639929530750248,0.0883461582680851,0.110996349404786,0.126219980604823,0.129227078029129,0.118570514743332,0.0971702769829005,0.0710231917349742,0.0463651419891271,0.0272775559180776,0.0150681212425296,0.00887745340545606
"18",1.65083027920513e-05,3.74241457454996e-05,0.000104978200936068,0.000280922189847019,0.000706926090698338,0.00166799558203718,0.00368205438828714,0.00758519051532437,0.0145388264846985,0.0258387420287768,0.042409846610073,0.0639991062615768,0.0883596912967798,0.111024056643287,0.126273016137933,0.129323380902657,0.118740361601226,0.0974739747333807,0.0715675962350357,0.0474467467490495,0.0294887849632155,0.0194338699366436
"19",5.0433063580208e-06,1.23114817494255e-05,3.68088998142865e-05,0.000104810051490614,0.000280894924602402,0.000706989573514149,0.00166822924957794,0.00368278194811476,0.00758729090341673,0.0145444712933278,0.0258528459782073,0.0424425376950119,0.0640692181119605,0.0884984879317061,0.11127738657484,0.126701050853208,0.13000065841967,0.119777051596445,0.0990321482341933,0.0741354310884502,0.0517684455964207,0.0378151062879221
"20",1.45250876440052e-06,3.81674457040897e-06,1.2151662173971e-05,3.67862399693319e-05,0.000104883490638408,0.000281194402359343,0.000707980752890562,0.00167127216502399,0.00369148150180721,0.00761042696080618,0.0146015877578462,0.0259833605524755,0.0427175655493571,0.0646013523381067,0.0894394576343153,0.112793599927154,0.128928361428298,0.133028918725214,0.123641956915874,0.104215058387022,0.0811381939509173,0.0647891404044157
"21",3.95118568383961e-07,1.11831648829316e-06,3.79240080044117e-06,1.22105007321091e-05,3.70470304979967e-05,0.000105809072961094,0.000284226327929479,0.000717233513626765,0.00169756517895827,0.00376094367633485,0.00778062722236497,0.0149871006242596,0.0267870474263122,0.0442511243568486,0.0672616411545479,0.0936038716767202,0.118630613518802,0.136241217551497,0.141182166951081,0.132449771909228,0.113176604908628,0.0970278715628124
"22",1.04079645559014e-07,3.19252247567788e-07,1.1592915042213e-06,3.99175317861525e-06,1.29580281123657e-05,3.96324738289376e-05,0.000114143703665019,0.000309276349131555,0.000787350967232359,0.00188001139760665,0.00420104602533008,0.00876114525406139,0.0169946589871706,0.0305397342628456,0.050600752904209,0.0768801167453988,0.10645632841806,0.133514499696697,0.150687784583526,0.153106024070098,0.139642005105708,0.125466956650744
