"","X0","X1","X2","X3","X4","X5","X6","X7","X8","X9","X10","X11","X12","X13","X14","X15","X16","X17","X18","X19","X20","X21"
"1",0.212998347521322,0.201716005907919,0.176289293142561,0.141364056210571,0.10334576757237,0.0695494888651756,0.043312307507348,0.0250847168196659,0.0135775897619232,0.00689911189290749,0.00330379826642182,0.00149595939094277,0.000642247787986248,0.000262016167901541,0.000101756428180138,3.76697821188505e-05,1.33063375725355e-05,4.48815031808622e-06,1.44627776038507e-06,4.45961366849469e-07,1.33075837869539e-07,4.7171831824745e-08
"2",0.209049525120259,0.198503912090526,0.174384934268318,0.140952244714395,0.104200842616797,0.0711670055595771,0.0451581880341203,0.0267642848811724,0.0148921168039363,0.00781421015653715,0.00388105180175456,0.00182984177197042,0.000820773206672698,0.000350792177832787,0.000143002062201652,5.56387301035635e-05,2.06683969151473e-05,7.33163468241675e-06,2.48378696918512e-06,8.04856852515593e-07,2.52593979005103e-07,9.4734430120478e-08
"3",0.198881559792983,0.190151975860777,0.169292813733601,0.13963630986288,0.10616475378756,0.0751907258652889,0.0499008524209836,0.0311926067737854,0.0184460487469675,0.010353182977686,0.00552685345914128,0.00280944307161615,0.00136054672808683,0.000627760050836951,0.000275938453052353,0.000115530977128295,4.60676805900179e-05,1.74938367604129e-05,6.32750978644427e-06,2.18446287745565e-06,7.30346309245736e-07,2.93601302453824e-07
"4",0.182332107329187,0.176341744889392,0.16049518686214,0.136790874115297,0.108685925783283,0.0813106092140576,0.0575447626647055,0.0386490145827744,0.0246815073368173,0.0149965475329156,0.00866796486891383,0.0047631873926201,0.00248689615489044,0.00123306022241247,0.000580445606241749,0.000259400914375125,0.000110072782129421,4.43630185329189e-05,1.69919983962553e-05,6.20304697610186e-06,2.19462866602253e-06,9.39055276625965e-07
"5",0.160311622856956,0.157569066590184,0.14783968657797,0.131658928578743,0.110691992721972,0.0885181668818177,0.0674337615325904,0.0489338309421346,0.0337888286645487,0.022167006942947,0.0137962830621058,0.00813652128328227,0.00454396346960987,0.00240234873677247,0.0012024875328619,0.00057005604352815,0.000256076969627076,0.00010907262220861,4.40908948704734e-05,1.69768689243474e-05,6.34531113252073e-06,2.88491521286236e-06
"6",0.134630717518795,0.135095913905665,0.131664315074231,0.123598725652817,0.110839803270032,0.0952472651815557,0.0782373728262291,0.0612312743081175,0.0455193198755876,0.0320620912620558,0.0213600631967878,0.013446046344687,0.00799475462415377,0.00449027055124323,0.00238327115777385,0.00119611597723596,0.000568055000650709,0.000255494766606036,0.000108954173691399,4.4248623331151e-05,1.74805506658153e-05,8.44615808998988e-06
"7",0.107717442986171,0.110819049191847,0.112898090953671,0.112388766699847,0.10790051127134,0.0996845131561153,0.0880803233477525,0.0740418866882122,0.0589822941822977,0.0444090962799092,0.0315546288083403,0.0211442747284359,0.0133603403391064,0.007962858470301,0.0044791207339198,0.00237960551122744,0.00119498965154557,0.000567763441563532,0.000255558740653701,0.000109555009563201,4.57988366364642e-05,2.35309715440232e-05
"8",0.0820156843050431,0.0868332414071765,0.0929155728175195,0.0984107192265369,0.101194370334293,0.100291513372194,0.09497521879037,0.0854104586797616,0.0726508127201591,0.0583130989847842,0.0441104163264926,0.0314303871657807,0.0210959215905936,0.0133426787150452,0.00795679148220189,0.00447716556509935,0.00237904313628122,0.00119495041654615,0.000568199957119508,0.000257390018684558,0.000114026293882308,6.23386944363182e-05
"9",0.0594205863877065,0.0649493588068897,0.0732379051315597,0.0826183330651322,0.0908506757572709,0.0962822432142207,0.0973668308892486,0.0933718457376437,0.0845997343660718,0.0722713692537502,0.0581480093736592,0.044043357609417,0.0314048586957741,0.0210867867075199,0.0133396069435448,0.00795584731163566,0.00447699579105632,0.00237937536739431,0.00119635767388672,0.000573370787938767,0.000269612925966571,0.00015693820271431
"10",0.0409882364536461,0.046375087534541,0.055213823633385,0.06630692913715,0.0777738582599696,0.0878418656005747,0.0945603801351222,0.0964550728163096,0.0929250091162719,0.0843965543417139,0.0721853347004375,0.0581139455613144,0.0440306995468754,0.0314004374479272,0.0210853591858652,0.0133392716089684,0.00795610191271373,0.00447818803396957,0.00238338756092781,0.00121018031096135,0.000605079629791806,0.000375197471564787
"11",0.0269457548627404,0.0316230694289713,0.0397861553712929,0.0507879297730672,0.0633551820656014,0.0760207644439194,0.0868780628997966,0.0940678322844973,0.0962213271418253,0.0928218649359016,0.0843541086432629,0.0721689846508806,0.058108034839786,0.0440287145772403,0.0313999064979855,0.0210855404963561,0.0133403680942654,0.00795954961496015,0.00448894790347458,0.00241847570887718,0.00128819990800398,0.0008512258572949
"12",0.0169024185720388,0.0206079749784378,0.0273981297821346,0.037099520538656,0.0490742175542063,0.0623812013246311,0.0755064490788758,0.0866245186307186,0.0939513891505203,0.0961715031459309,0.0928019637818998,0.0843466711990416,0.0721664023019476,0.0581072896980345,0.0440288253619144,0.0314009592569032,0.0210887787942241,0.0133496524193261,0.00798693569217959,0.00457350764047,0.00260036694407572,0.00183132415383487
"13",0.010129604817295,0.0128454188982845,0.0180349894996804,0.0258447076771083,0.0361495764475828,0.048557094966401,0.0621189118218583,0.0753817525852587,0.0865691145052445,0.0939284145760716,0.0961626136453032,0.092798777835142,0.0843457077333067,0.0721664548909126,0.0581083445681603,0.0440320276767006,0.0314097484110881,0.0211125110062158,0.0134158600954906,0.00818022628388178,0.00497482534395206,0.00373331671506255
"14",0.0058074476985943,0.00766563814775007,0.0113537574763245,0.0171777983395768,0.0253410105430785,0.0358866719871703,0.0484289903012179,0.0620601863255249,0.0753565158219599,0.0865589875284528,0.0939246617057406,0.0961614421216822,0.0927988029433086,0.0843468377499828,0.0721697944362841,0.0581171675904211,0.0440546926133578,0.0314674810418167,0.0212644641149767,0.0138344710337856,0.00901705384916276,0.00720612662983264
"15",0.00318916929630251,0.00438385287204182,0.00684065803358214,0.0109015400827642,0.0169218888813669,0.0252127996132091,0.0358266432640574,0.048402464447376,0.0620491803647803,0.07535229761572,0.0865576436076966,0.0939247146715943,0.096162779311238,0.0928025585358479,0.0843562952932443,0.072192966866448,0.0581729947824399,0.0441883841253487,0.03179828181796,0.0221222388122491,0.0154808952317047,0.0131597524730293
"16",0.00167955552030259,0.00240487753846724,0.00394774663364253,0.00661220295719663,0.0107767738499607,0.0168618270217809,0.0251857864662924,0.0358151763471102,0.0483979672986656,0.06204777556921,0.0753525302099884,0.0865594870068133,0.0939294852187853,0.096174007602999,0.0928284088037955,0.0844149871428,0.0723246867746948,0.0584677643163737,0.0448707267506843,0.0334583199582166,0.0251720081888489,0.0227178988233723
"17",0.000849238326118156,0.00126669883115178,0.0021841505647171,0.00383707749758875,0.00655377992568061,0.0107497709222195,0.0168502766935754,0.0251813417277905,0.035814110247133,0.0483990254122423,0.0620512611351331,0.0753603003675089,0.0865758569984098,0.0939635296035192,0.0962444946283584,0.092973869762781,0.0847144678238367,0.0729440800631134,0.0597989140347494,0.0478958668859742,0.0387585435203196,0.0370333450280809
"18",0.000412714677596054,0.000641218421143678,0.00115960624079873,0.00213275794804109,0.00381095811677305,0.00654252996713779,0.0107459624050731,0.0168505894995956,0.025185143252296,0.0358227234346528,0.0484158880407402,0.0620829532334935,0.0754187614203721,0.0866827285535103,0.0941585953085532,0.0966019707799366,0.0936345894916959,0.085955789572144,0.0753914637295483,0.0649617944839543,0.0564842427436932,0.056907018679252
"19",0.000193004093169849,0.00031230337111545,0.000591508136850442,0.00113709377289205,0.00212248844688206,0.00380857401964155,0.00654586152871669,0.0107558648147751,0.0168709066908763,0.0252233542587791,0.0358913908048357,0.0485349707423074,0.0622833748709265,0.0757484025636728,0.0872175015617774,0.0950238563577212,0.098015518424006,0.0960019292119783,0.0901693672296091,0.0835684342873112,0.0777998650041433,0.0821844298080142
"20",8.70812842885361e-05,0.000146760948748271,0.000290814588926827,0.000583648233901074,0.00113689381680396,0.00213034132410562,0.00382806198579732,0.00658552020298137,0.010831169236928,0.0170070831933252,0.025458720632588,0.0362806534733654,0.0491520628115899,0.0632245273816389,0.0771387700273767,0.0892292956274327,0.0979230628985825,0.102280679658263,0.102723977845456,0.102012231836098,0.100958618656724,0.11099002433508
"21",3.83570616451294e-05,6.73955890896005e-05,0.000139728974642431,0.000292756648222566,0.000595159583312978,0.00116476177004603,0.00218850047190992,0.0039420168752367,0.00679805859992966,0.011208999369284,0.0176467019121869,0.0264886982061517,0.0378572355552452,0.0514469866878894,0.0664095572379842,0.0813811832850316,0.094727950742608,0.105049112872573,0.112093688547811,0.118170012044207,0.122925247734822,0.139367890230172
"22",1.75765467234353e-05,3.22840563389167e-05,7.01436211365317e-05,0.000153590467252139,0.000326122850367399,0.000666825267942217,0.00130985455816354,0.00246832192517957,0.00445633421768979,0.00769758032614279,0.0127028465389339,0.0199968708236336,0.0299828553406583,0.0427559773754538,0.0579145788538419,0.0744578763398679,0.0908827175117888,0.105593875895782,0.117895652386532,0.129692801991734,0.139535237191813,0.161390075913027
