"","X0","X1","X2","X3","X4","X5","X6","X7","X8","X9","X10","X11","X12","X13","X14","X15","X16","X17","X18"
"1",0.305440187309423,0.228759604096073,0.176844468748147,0.128885352279858,0.0813199573423294,0.0443465756000049,0.0210286763842089,0.00874407021027014,0.00320376144198555,0.00103638042442415,0.000296071064379556,7.45754677351915e-05,1.65045783137745e-05,3.19229861466178e-06,5.35402489575329e-07,7.69909993848439e-08,9.34512442418814e-09,9.36333983869301e-10,7.92855957931594e-11
"2",0.212946599230466,0.183244201479305,0.176414669962229,0.157362898661665,0.118726422009022,0.076158584191913,0.0420136367277242,0.0201435145747926,0.00845826584024882,0.0031255346902283,0.00101858324682349,0.000292752734534365,7.40791809743767e-05,1.64476695684488e-05,3.18739135991143e-06,5.3507108476088e-07,7.69773622725827e-08,9.34999090870516e-09,1.01070837975977e-09
"3",0.128510617484342,0.127797988641168,0.152815072726783,0.168481512757117,0.154278831509656,0.117508280503914,0.0756809294175699,0.0418531003815246,0.0200977186518769,0.00844726221153151,0.00312338468685758,0.00101825176525027,0.000292715120701107,7.40767125558146e-05,1.6447629174742e-05,3.18739235263034e-06,5.35071166265466e-07,7.70556224563343e-08,1.02808374328859e-08
"4",0.0696107947644202,0.0794152136674157,0.112060367693575,0.149393088322286,0.167472176926077,0.154035149862022,0.117435208215725,0.0756585877156398,0.0418472943606115,0.020096439242711,0.00844703085228094,0.00312335115525124,0.00101824816315832,0.000292714917415676,7.40767235406078e-05,1.64476496607562e-05,3.1873944857638e-06,5.36023279537406e-07,8.63504445572653e-08
"5",0.0341327862301684,0.0450366459099856,0.0720184071366463,0.110409516816472,0.148952793860073,0.167412301074582,0.154026993751531,0.117433092307133,0.0756581401816168,0.0418472167319661,0.0200964282722173,0.00844702950485151,0.00312335101153673,0.00101824816275166,0.00029271507799439,7.40770143680514e-05,1.64476922646513e-05,3.1966490274465e-06,6.12614813998781e-07
"6",0.0149749632572384,0.0230406562039783,0.0419958072826055,0.071368444485743,0.110236752033834,0.14893442340012,0.16741159744078,0.154026832571962,0.117433064082273,0.075658136729736,0.041847216521893,0.020096428290615,0.00844702952797773,0.00312335116490744,0.00101824996706258,0.000292718221094571,7.4077662740734e-05,1.65220255386039e-05,3.72912989944675e-06
"7",0.00594252219868922,0.0104132450982526,0.0219201244984555,0.0417950196634067,0.0713143777231058,0.110231370989797,0.148934393811579,0.16741159130817,0.15402683152147,0.117433063957256,0.075658136850664,0.0418472167626755,0.0200964286067573,0.00844703155680854,0.00312336747563262,0.00101827718849089,0.000292725755931377,7.45820704557224e-05,1.96929624012657e-05
"8",0.00217080349408487,0.00421268480035599,0.0100355346180885,0.0218714515643395,0.0417817522472628,0.0713130627200379,0.110231370735721,0.148934393803395,0.167411591308176,0.15402683156462,0.117433065224719,0.0756581392008667,0.0418472199704063,0.0200964486043089,0.00844715356718657,0.00312356230470555,0.00101834625625876,0.000295661647965089,9.09263675014258e-05
"9",0.000711513071087977,0.00158077041881665,0.00410260382720877,0.0100267796639494,0.0218690469020124,0.0417815128443298,0.0713130627167645,0.110231370735721,0.148934393803565,0.167411591710026,0.154026841375752,0.117433083318144,0.0756581648056577,0.0418473753667736,0.0200972180023319,0.00844832966945237,0.00312407596104936,0.00103315809516529,0.00036910771219324
"10",0.000200336086446392,0.000540027787661072,0.00155347733673296,0.00410140870919964,0.0100264499783967,0.0218690139846385,0.0417815128443299,0.0713130627167664,0.110231370738651,0.148934396758397,0.167411653487976,0.154026954700989,0.117433249403662,0.075659147041558,0.041851512831079,0.0201032854410566,0.00845148808189864,0.00318931920647199,0.00132233286408927
"11",4.74102782844366e-05,0.000158685593675178,0.000534414419383616,0.00155336505319096,0.00410137767767621,0.0100264468762268,0.0218690139846473,0.0417815128444938,0.0713130627509188,0.11023138841159,0.148934719808531,0.167412243055823,0.154027848730287,0.117438405263186,0.0756782674637224,0.0418784972442553,0.0201195724620085,0.00870365688087192,0.00419011120122708
"12",9.15524465277459e-06,3.91685688217886e-05,0.000157779642135956,0.000534408604358011,0.00155336344535077,0.00410137751692098,0.010026446876644,0.0218690139904443,0.0417815131584161,0.0713131506199337,0.110232811927221,0.148937305129005,0.167416298171473,0.154050654478683,0.117514775300674,0.075782376921412,0.0419497147456257,0.0209774917138872,0.01175319394434
"13",1.39246046894448e-06,7.87660295863807e-06,3.90549044428185e-05,0.00015777952374767,0.000534408571652212,0.00155336344287913,0.00410137752666065,0.0100264469879125,0.0218690164636749,0.0417818823766073,0.0713184885049769,0.110242464255518,0.148952974551232,0.167502140356466,0.154315276253276,0.117864665837672,0.0760484896256881,0.044522766944534,0.0291601348096318
"14",1.62487299767018e-07,1.23996864435236e-06,7.86660748346317e-06,3.90549044457082e-05,0.000157779524221382,0.000534408583828447,0.00155336357780091,0.0041013788809457,0.0100264641148702,0.0218703453689816,0.0417990559511633,0.0713494467413,0.110294540078165,0.149230135687816,0.168299537994481,0.155341901255069,0.118719831710858,0.0828508947531382,0.0638225918094873
"15",1.31477256869823e-08,1.49835020074348e-07,1.23947319844061e-06,7.86660756104099e-06,3.9054910262243e-05,0.000157779650769363,0.000534409893452501,0.00155337549422624,0.00410148387316478,0.0100306346977296,0.0219181508740701,0.0418852054736084,0.0715000058705661,0.111068130572473,0.151324904224536,0.170934368604305,0.157720492952774,0.134540149673129,0.122682584171428
"16",6.07481016614352e-10,1.25500649003403e-08,1.49825205458699e-07,1.23947435600803e-06,7.86666288263779e-06,3.90559264013247e-05,0.000157789509921443,0.000534491453462618,0.00155394159414401,0.00411318102851014,0.0101463525072383,0.0221277962211465,0.0422685341678505,0.0733733194092842,0.115862101541577,0.157238462827646,0.17667467562485,0.189933710716919,0.20596731835106
"17",1.14569349676741e-11,5.96024081646678e-10,1.2550200490377e-08,1.49837330865502e-07,1.23987714819457e-06,7.87294973368363e-06,3.9113209986739e-05,0.000158223563494454,0.000537071479256827,0.00158379789371096,0.00435779256763013,0.010596768333062,0.0229970946658124,0.0462077155867913,0.0828994124501307,0.127444620794427,0.169242344871072,0.233694880626428,0.300231888136304
"18",0,1.14569349676741e-11,5.97501123424778e-10,1.2641910030833e-08,1.52158981293126e-07,1.27096655280687e-06,8.13815374902487e-06,4.09508148350373e-05,0.00016800060677136,0.00060775828202737,0.00204198768330692,0.00523054362037837,0.0123868031353491,0.0302479370209117,0.0626752331009412,0.102764466972339,0.149283501277475,0.25623085400688,0.378312388948634
"19",0,0,1.90622996401854e-11,1.01007494879125e-09,2.17180486358896e-08,2.62068268521131e-07,2.16307860424237e-06,1.3896075396513e-05,6.9417950901361e-05,0.000318464427699911,0.00136839714713539,0.00356336325108849,0.00854581500832104,0.0240344252065466,0.0548941861604563,0.0924270389945308,0.137160266719446,0.262396538554843,0.415205742609576
