"","X0","X1","X2","X3","X4","X5","X6","X7","X8","X9","X10","X11","X12","X13","X14","X15","X16","X17","X18"
"1",0.2612533301895,0.16265608483063,0.130473745526989,0.106768358291826,0.0863403024708839,0.0682140775608768,0.0526292930614696,0.0396072411380525,0.0290745810741284,0.0208273279266397,0.0145639484862742,0.00994198993534951,0.00662588759026282,0.00431291761526706,0.00274614541441747,0.00171471906847218,0.00106625756210712,0.00065653678170829,0.000527255475144221
"2",0.247692270512513,0.15519306900289,0.125939979528726,0.104763113986052,0.0864842787580149,0.070029247992781,0.055563844589715,0.0431270920586974,0.0327249666880056,0.0242698787977687,0.0175863244953153,0.0124453139658078,0.00859925117292431,0.00580328283494771,0.00383137889073869,0.00248079700531472,0.00160081205336582,0.0010200914179934,0.000845006248428851
"3",0.228916327468142,0.1447562366438,0.11943886123588,0.101664621552555,0.0863175363310393,0.0721976498055047,0.0593610753831731,0.0478507229979891,0.037756699690483,0.029129217455072,0.0219512846849683,0.0161442287223249,0.0115837280072313,0.00811182898459061,0.00555447308814522,0.00372839176395421,0.0024944505867978,0.00164242495760357,0.00140024064074572
"4",0.206440678338529,0.132090573116065,0.111283308523425,0.0974132929514912,0.0854930217168717,0.0741924622006535,0.0634273612943016,0.0532142749953554,0.0437032010929914,0.0350703251247159,0.0274598755971539,0.0209589218221165,0.0155902714204146,0.0113090692992813,0.00801766763319082,0.00556955846408868,0.00385633913232575,0.00261805252353491,0.00229174475349371
"5",0.181603468167302,0.117858772944968,0.101756771075075,0.0919594211900098,0.0836948313477592,0.0755210574497434,0.0671927354740733,0.0586611833635308,0.0500906002537034,0.0417432448313156,0.0338992431159279,0.0268041026506747,0.0206370675152121,0.0154861595994382,0.0113550565026771,0.00815522900620317,0.00583777100967275,0.00408104958909151,0.00366223491362086
"6",0.155732151724671,0.102747143761702,0.0912000077580089,0.0853329670944486,0.0806880185485042,0.0757509100048933,0.0701104569265613,0.0636156531607028,0.0563886258623741,0.0487177858113737,0.0409692732544419,0.0335158643350529,0.026683581268899,0.0207007575668526,0.0156921971260799,0.011648082832432,0.00861600042563162,0.00619674093515113,0.00569378160221852
"7",0.130131361539555,0.0874682255556436,0.080028391359165,0.0776753930941669,0.0763615275304506,0.0745573462952945,0.0717016009231853,0.0675162939345584,0.0620275995207594,0.0554816731969301,0.0482635208111858,0.0408200948280852,0.0335927381453298,0.0269391709271034,0.0211129707504929,0.0161967451191735,0.0123760877625665,0.00915020322628082,0.00859905548007287
"8",0.105935774100196,0.0726828800155741,0.0686914078510623,0.0692351596381555,0.0707573926762533,0.0717804159930468,0.0716294733322136,0.0698955643288079,0.0664705130350956,0.061495576939992,0.0553020260074942,0.0483428922395449,0.0411228292312332,0.0340959850807138,0.0276335269121314,0.0219095380869527,0.0172875812261382,0.013127825115389,0.0126036381900045
"9",0.0840081650981196,0.058938191040593,0.0576279473213732,0.0603427547969637,0.0640701518108961,0.0674511270931561,0.069750391357706,0.0704477947308883,0.0692873988237402,0.0662620241443336,0.0615849381996365,0.0556431294374905,0.048937985720146,0.0419655149721788,0.0351802489676109,0.0288253201867928,0.0234731190796749,0.0182886406219021,0.0179151565967971
"10",0.0648981809916163,0.0466320004702197,0.0472267649709768,0.0513719268520395,0.0566184758450927,0.0617831235442504,0.0661312702576286,0.0690725093746624,0.070217969612313,0.0693964569815335,0.0666596149965875,0.0622648901280468,0.0566391905002524,0.0502495411027214,0.0435767243334941,0.0368853978566532,0.0309711897914144,0.0247260635748674,0.0246787088156295
"11",0.0488493302260385,0.0360011533920093,0.0377959225777222,0.042695480837634,0.0487983707341909,0.0551365092620759,0.0610355589006485,0.0658888581862825,0.0692140006988484,0.0706902645362336,0.0701923061257762,0.0678043174034196,0.0638145978751158,0.0585837784222757,0.0525444272480038,0.0459118560550023,0.0396978611628125,0.0324236465203329,0.0329217598355767
"12",0.0358435803217823,0.0271315092570505,0.029545922671005,0.0346455080757481,0.0410299803094919,0.0479643505689002,0.0548832980422358,0.0612203080876855,0.066454050678228,0.0701537398408513,0.072030777427605,0.0719788042981102,0.070101022308508,0.0665798734207966,0.0617185059438913,0.0555969988590851,0.0494140215673889,0.0412115645440457,0.0424961837775901
"13",0.025669009331537,0.019984697275176,0.0225883482698572,0.0274859272007288,0.0337099305194035,0.0407547907469702,0.0481957071859498,0.0555544435754376,0.0623281767668568,0.0680297112878717,0.0722438628430659,0.0746830970148443,0.0752432913963309,0.0738744802202632,0.0706763877907989,0.0655074552448436,0.0597062940222883,0.0507339375660091,0.0530304517417665
"14",0.0179955211980353,0.0144347425408957,0.0169484124869565,0.0214009766442497,0.0271773916903571,0.0339797084371437,0.0415351849781837,0.049485494445191,0.0573942809343681,0.0647722361395931,0.0711258361567257,0.0760164089103918,0.0791356975508688,0.0801737537745983,0.0789745096266741,0.0751060940412605,0.0699918989563111,0.0604409718781571,0.0639108796100383
"15",0.0124451604290081,0.0103066491277001,0.0125862317926857,0.0164975630406086,0.0216952607337982,0.0280545066988869,0.0354470814177327,0.0436453484852359,0.0523085534379878,0.0609874887239553,0.0691569309047386,0.0762676407331954,0.081831779599728,0.0852827729497075,0.0861895651547511,0.0837966816438341,0.079560787853764,0.0696238030598532,0.0743161942128283
"16",0.00864546725273205,0.00740828556499427,0.00941813944017961,0.0128131028063989,0.0174394709746398,0.0233043561947013,0.0304011275893317,0.0386227808071449,0.0477300808786523,0.0573355452255467,0.0669162876757782,0.0758528503956206,0.0835162876076491,0.0891163229744912,0.0919661440117409,0.0910001177229728,0.087670973877178,0.0775115919605373,0.08333106703971
"17",0.00625676450873438,0.00554729399239175,0.00732781059456625,0.0103168796469192,0.014484028658083,0.0199258921455545,0.0267246503265928,0.0348672469100564,0.0442003026367928,0.0543972335511592,0.0649535367652397,0.0752117849576076,0.0844458920280688,0.0916972972333748,0.0960773096526586,0.0962697272295071,0.0937059516502248,0.0834402547332647,0.0901501427792033
"18",0.0049746773450304,0.00453263236679211,0.00616550548680647,0.0089028353104098,0.0127810623114522,0.0179473300768194,0.0245365446741602,0.0325938271904597,0.0420216428114284,0.0525362328659248,0.0636511334128282,0.0746921379926231,0.0848781003749949,0.0931483799262447,0.0984877261277768,0.0994202965876478,0.0973568862370055,0.0870514513725192,0.0943215975290759
"19",0.0045090262124595,0.00416057863147909,0.00573430781155581,0.00837251717761162,0.0121360721795598,0.0171909777023422,0.0236924213264339,0.031708439966657,0.0411640780268377,0.0517935650976039,0.0631190070490923,0.0744610726790041,0.0850180460476076,0.0936895146992368,0.0994099767789124,0.100639611663368,0.0987794587528224,0.0884640238442085,0.0959573043532075
