"","X0","X1","X2","X3","X4","X5","X6","X7","X8","X9","X10","X11","X12","X13","X14","X15","X16","X17","X18"
"1",0.167263053262321,0.166110986614771,0.142594947412085,0.119780208811775,0.0980754298665229,0.0784686484972239,0.0615957935072849,0.0473283497291902,0.0355649715526611,0.0261147964423893,0.0187356909361107,0.0131349405684134,0.00899987632825166,0.00602893132552074,0.00395222144809217,0.00254305290703653,0.00163182022702495,0.00107118245971307,0.00100509810361193
"2",0.158943444152181,0.158371969893622,0.137010678407375,0.116480987252967,0.0969447024464772,0.0791650732482791,0.0636439460782063,0.0502321439648635,0.0388673733291493,0.0294431735454255,0.0218226731839593,0.0158196719596426,0.0112139721175644,0.00777384580126386,0.00527475404265441,0.00351437854646634,0.00233807835786173,0.00159053914036465,0.00154859453167649
"3",0.147387713240202,0.147569248435781,0.129106940187037,0.11165751969392,0.0950705439340658,0.0798154901880414,0.0662109839918209,0.0540686490365717,0.0433618272605777,0.0340807454126885,0.0262175139541557,0.0197230840069517,0.0145020499932445,0.0104219670483504,0.00732731624434791,0.00505736479614075,0.00348796670245402,0.00245654666753956,0.0024765292061091
"4",0.133493666337915,0.134491614677366,0.119357456094252,0.10545216875516,0.0923003231962407,0.0800498444387404,0.0688063099918434,0.0583193920825321,0.0485763764087025,0.0396502987388807,0.031658945610615,0.0246983390189483,0.0188147083992614,0.0139966303460204,0.010180143887567,0.00726681288852988,0.00518617635210137,0.00377330627835744,0.00392748649696612
"5",0.118055528931061,0.119838380112768,0.108183979035623,0.0979910437940562,0.0884912042995464,0.0795201670326629,0.0709607637815087,0.0624784809705785,0.0540405268280817,0.0457678433609814,0.0378765271241794,0.0305933420270577,0.0241060002572581,0.018535569898605,0.0139284229268621,0.0102707234028615,0.00757641837304284,0.00568639131689431,0.00609868652637124
"6",0.10187110737467,0.104326493076148,0.0960487853576985,0.0894602207698032,0.0835671820181032,0.0779354988278792,0.072237493002473,0.0660391543764566,0.0592496473395361,0.0519895009778524,0.0445265037476655,0.0371827879717282,0.0302683798373226,0.0240339451587169,0.0186464517701613,0.0141964274271354,0.0108183380819155,0.00836811104002552,0.00923397184470865
"7",0.0857377907156055,0.088691996355899,0.0834668553823219,0.0801300090812087,0.0775538120828404,0.0751027314586026,0.0722727064851823,0.0685277990058582,0.0636866921912434,0.0578177493500512,0.0511823955071392,0.0441457366513846,0.0371018336342829,0.0304102637559495,0.0243550312011466,0.0191426673722262,0.0150655007549646,0.0120010820235408,0.0136073469905521
"8",0.0703636109633156,0.0736095147520122,0.0709532785421919,0.0703339699100466,0.070589066466406,0.0709653322409016,0.0708344859711395,0.0695726829730654,0.0668900162972194,0.0627588498391945,0.0573756280009384,0.051086961821525,0.0443172202786661,0.0374957161937583,0.0310020549729961,0.0251564889962783,0.0204420300461684,0.0167567097999195,0.0194963819342567
"9",0.0563028439224293,0.0596299961496482,0.0589746618321515,0.0604377661340329,0.062913596237541,0.0656172388421446,0.0678592585078247,0.0689582091593144,0.0685173628868958,0.0663869198920429,0.0626505883114874,0.0575763634710777,0.0515569884006775,0.04503677855584,0.0384503525073027,0.0322110572329378,0.0270145723717662,0.022765160447452,0.0271402851374333
"10",0.0439264007279819,0.047147188200106,0.047913694502082,0.050804696639799,0.0548435932285141,0.0592904126194774,0.0634596127290104,0.0666546336224131,0.0683942637713678,0.0684035845335177,0.0666257701794298,0.0632019460991803,0.0584325925135567,0.0527132615393629,0.0464763854121153,0.0401880363433043,0.0347623318441451,0.0300783737512989,0.0366832217433372
"11",0.0334206813115545,0.0363888230493808,0.0380474790879094,0.0417625731133692,0.0467328877069818,0.0523219416660643,0.05790625323057,0.0628217952207957,0.0665414950157971,0.0686855355953455,0.0690531975786432,0.0676303934769538,0.0645756673168667,0.0601720642629254,0.0547825654967773,0.0488686921051469,0.0435497092093421,0.0386303264845221,0.048107919071054
"12",0.0248097406016675,0.0274296672055582,0.0295414396004994,0.0335781686617424,0.0389332033131698,0.0451096381401566,0.0515902976593186,0.057788330365197,0.0631776908969408,0.0673115822968468,0.0698652003397081,0.0706643007853304,0.0696942443527388,0.0670715475218947,0.0630221033761506,0.0579360945473203,0.0531064926150263,0.0482008996657536,0.0611693580549799
"13",0.0179929235310771,0.0202207364944711,0.0224580202496384,0.0264435936003759,0.0317609927591412,0.0380664286503269,0.0449752928024635,0.0520121637688173,0.0586975164020594,0.0645637821566906,0.0691984141986219,0.0722835083165939,0.0736218421978526,0.0731273044759594,0.0708317870060834,0.0669889525555573,0.0630209068983905,0.0583920343723046,0.0753437995635746
"14",0.0127893098748851,0.0146274588934666,0.016776856724089,0.0204756998536276,0.0254760928060456,0.0315816685626381,0.0385478647569323,0.0460294244962912,0.0536284258576504,0.0609001164243845,0.0673869132276034,0.0726584694268624,0.0763461694755269,0.0781480837827999,0.0778661911113575,0.0755668728634816,0.0727519574532846,0.0686277993151423,0.089814625093931
"15",0.00898057525422553,0.0104688382862173,0.0124205775983622,0.0157252975649568,0.0202719488619957,0.025991896088858,0.0327713080849876,0.0403961862994144,0.0485684550680194,0.0568974596018867,0.0649187808582946,0.0721262335073975,0.0780064648414116,0.0820523953701261,0.0838283842862736,0.0831887150888108,0.0816702179233113,0.0781936089000288,0.103522656515422
"16",0.0063443782803363,0.00754913811541235,0.00927784587029615,0.0121881352507376,0.0162703557387208,0.0215556383473922,0.0280386852998699,0.0356212445684449,0.0441039848257143,0.0531633335448186,0.0623532843601471,0.0711248371315085,0.0788549384033159,0.0848628616258853,0.0884979751725234,0.0894103085753544,0.0891396287772912,0.0863323074439069,0.115311118668324
"17",0.00467151224783594,0.00567407482261581,0.00721429857240976,0.00980696067679381,0.0135094782719871,0.0184217744552098,0.0246170824099507,0.0320848035962146,0.0407060193703147,0.050218354998695,0.0602030453381422,0.0700918966046964,0.0791886420970215,0.0866847945726132,0.0917632402539879,0.09390890827618,0.0946488099032865,0.0924066320624105,0.124179671469635
"18",0.00376726184329749,0.00465146381585312,0.00607057626639832,0.0084636449300623,0.0119251713841021,0.0165942830877139,0.0225905478949732,0.0299567437675448,0.0386251736532655,0.0483749453136665,0.0588093307405121,0.0693539136439996,0.079271926056051,0.0876785673659926,0.0936536486401789,0.0965769901381696,0.0979617340449067,0.0960890623353531,0.129585015077959
"19",0.00343741201088445,0.00427641579524493,0.00564703931661437,0.00796099905041115,0.0113264698697514,0.0158972996206421,0.0218108175571703,0.0291306404914451,0.0378095630026668,0.0476438198563873,0.0582464984788397,0.0690419751582198,0.0792785838766991,0.0880420558810475,0.0943715586460864,0.0976048200030911,0.0992482133520197,0.0975256449613616,0.131700173071417
