"","X0","X1","X2","X3","X4","X5","X6","X7","X8","X9","X10","X11","X12","X13","X14","X15","X16","X17","X18"
"1",0.17369285530053,0.158119688227922,0.140524331762195,0.11897171390737,0.0978508049224427,0.0786852570371202,0.0619801979454931,0.0478186401777265,0.0361081882706776,0.0266676039665269,0.0192574476572443,0.0135970753221516,0.00938850051447405,0.00634229708677073,0.00419777477835288,0.00273552586850224,0.00178629819929835,0.00122554414197424,0.00105025491322719
"2",0.165360013838401,0.151041922416787,0.135195114106722,0.11575023948368,0.0966701229377668,0.079239896447369,0.0638422193742606,0.0505263372629367,0.0392313367016968,0.029850404589253,0.0222398711412297,0.0162175122668798,0.0115723475457903,0.00808242770577643,0.00553305132765773,0.00373220944029224,0.00252666554037594,0.00179719677369233,0.00159111109943337
"3",0.153755783716537,0.141135431587093,0.12764034214306,0.111045725704491,0.0947490092778563,0.0797202941585413,0.0661752741064379,0.0541077476246479,0.043484660251166,0.0342846571123361,0.0264817073027845,0.0200202825185102,0.0148064420816261,0.0107135302516706,0.00759603707751906,0.00530739025535088,0.00372528480550897,0.00274466107176096,0.002505738953102
"4",0.139753081193717,0.129097659022384,0.118300211024162,0.104999912117328,0.0919583113534598,0.0797947304149851,0.0685312106902368,0.0580828320549835,0.0484252954592697,0.0396107675266328,0.0317284161876438,0.0248567930141838,0.0190343199462297,0.0142496581414081,0.010448064132111,0.00754947188887018,0.00548387371394406,0.00417526016206211,0.00392013195638878
"5",0.124124711835379,0.115546718124746,0.107564878340731,0.0977353993889021,0.0881731303640277,0.0791476609225696,0.0704790297133704,0.0619824229657975,0.0536126531687213,0.0454648933736845,0.0377194206281349,0.0305759323596508,0.0242046740667982,0.0187197517388999,0.0141749603184701,0.0105793228281362,0.0079426926550177,0.00623907332400319,0.00601267388295973
"6",0.10765490228248,0.101123113625178,0.0958644236430578,0.0894292552577659,0.0833271127531029,0.0775122834621993,0.0716142520965618,0.0653345674129389,0.0585740498372702,0.0514283043126758,0.0441271995389818,0.0369595046031431,0.0302092694051291,0.0241128069843028,0.0188423339924318,0.0145165012146394,0.0112566792937864,0.00911250371943801,0.00900093656491742
"7",0.0911383126225079,0.0864940502213108,0.083682389821142,0.0803370477202042,0.0774453946711632,0.0747083852897442,0.0715961130245227,0.0676952065908707,0.0628240401964052,0.0570326394081238,0.0505483600245873,0.0437014532601279,0.036854341885035,0.0303460781681556,0.0244647388912992,0.0194522559559611,0.0155734110543499,0.0129806502881492,0.0131251309063399
"8",0.0752923737280259,0.072281563100829,0.0715074325122518,0.0707738019570647,0.0706551200745007,0.0706784769523832,0.07020205220589,0.0687116755455973,0.0659271196072687,0.0618132988720911,0.0565419274443202,0.0504287015417231,0.0438649443623839,0.0372563182868192,0.0309883475042055,0.0254280016143824,0.0210104543123317,0.0180150295584925,0.0186233608194392
"9",0.0606916527271347,0.0590051620342355,0.0597880434798465,0.0610859590092041,0.0631780189449032,0.0655023705696624,0.0673628167105029,0.0681736333328102,0.0675571175793227,0.0653686773595479,0.0616803418906726,0.0567379958652391,0.0509048191413335,0.0446030174167108,0.0382803040380814,0.0324146987003758,0.0276283550653586,0.0243429256215041,0.0256940905135541
"10",0.0477349893562741,0.0470488250358956,0.0488988300495587,0.0516203588794791,0.0553075229348556,0.0593884122639216,0.0631721783779619,0.0660422332724173,0.0675426775812174,0.0674152684569821,0.0656055562044658,0.0622444689665648,0.0576108481043917,0.0520852478817419,0.0461277298491992,0.0402963004082022,0.0354018032013996,0.0320099969124159,0.0344467522630555
"11",0.0366400656753464,0.0366494044059866,0.0391189465935527,0.0426940611021726,0.0473757697925538,0.0526460246961226,0.0578733100285706,0.0624560309581847,0.0658940703314254,0.0678319589636047,0.0680834373220982,0.0666366744287254,0.0636394107785899,0.0593722187278996,0.054248738446968,0.0488609936958106,0.0441932386647959,0.0409404276863761,0.0448452177012163
"12",0.0274613301626432,0.0279047421584183,0.0306246470815689,0.034570560437378,0.0397181677846612,0.0456470699135216,0.0518268465520941,0.0577145209086362,0.0628075977337931,0.0666858947433563,0.0690467059003112,0.0697283216629993,0.0687168057505187,0.0661428738289286,0.062314364900774,0.057802368519641,0.0537335596426405,0.0509009794194045,0.0566526428987115
"13",0.0201243307695104,0.020797120621482,0.0234956109532544,0.0274464494442929,0.0326429908880764,0.0387849523173778,0.045468557748997,0.052243960523425,0.058647487229631,0.0642347745223805,0.0686172329209459,0.0714954995834124,0.0726829354830675,0.0721263719175303,0.0699773836295178,0.0667311777682887,0.063615059427017,0.0614775992723296,0.0693905049794637
"14",0.0144682862465693,0.0152259809621439,0.017732270951645,0.0214496958916438,0.0264107740091302,0.0324386079587613,0.0392642324084861,0.0465513034909021,0.0539073485162672,0.0609027696607689,0.0671001558029853,0.0720885794018697,0.0755166174567819,0.0771337560885257,0.0769026336960447,0.0751980353377247,0.073303032873017,0.0720762337914874,0.0823296854552462
"15",0.0102884392555467,0.0110426829160946,0.0132787489030418,0.0166466183471568,0.0212232726802713,0.0269434918849695,0.0336652580359505,0.0411695748375246,0.0491526499571616,0.0572282792678158,0.064944308181552,0.0718103482925875,0.0773330808688552,0.0810730194311287,0.0827952919119646,0.0827295525554984,0.082175386029067,0.081963274069903,0.0945367225739106
"16",0.00736965393711826,0.00807901071656058,0.0100431985926431,0.0130498634555718,0.0172153164550886,0.0225643943206573,0.0290613887657126,0.036592514178624,0.0449426112840122,0.0537815841447492,0.0626660962471507,0.071056688642751,0.0783501281608766,0.0839458647490129,0.0874290386203329,0.0888849309464231,0.0896030794438301,0.0903637658701683,0.105000871468717
"17",0.00550350599683606,0.00616120008417703,0.00790618471205997,0.0106170552205564,0.0144389789316502,0.0194603711725434,0.0257230358006642,0.0331937744465041,0.0417301126933681,0.051054057705584,0.0607408155928245,0.0702252458796797,0.0788291294575233,0.0858327001206103,0.0906810704942501,0.0933406628288973,0.0950801351893311,0.0966273206516201,0.112854643021321
"18",0.00448907799907163,0.00510934323398881,0.00671658103085583,0.00923979677566227,0.0128411152735638,0.0176457833696584,0.0237416069617883,0.0311448289295887,0.0397594835784299,0.0493432172460351,0.0594873886982086,0.0696159430031638,0.0790083813130964,0.0868734005880655,0.0925691633885735,0.0959856305916465,0.0983733190235462,0.100422008334626,0.117633930660431
"19",0.00411776204638967,0.00472224221413042,0.00627489541584655,0.00872336354408922,0.0122362276610109,0.0169526974418385,0.0229782762066697,0.0303485904505048,0.0389863275623527,0.0486639139819516,0.0589800959246179,0.0693556112568689,0.0790542080076607,0.0872568816004387,0.0932874545059542,0.0970051041041794,0.0996520575261947,0.101901849254,0.119502441295302
