"","X0","X1","X2","X3","X4","X5","X6","X7","X8","X9","X10","X11","X12","X13","X14","X15","X16","X17","X18","X19","X20","X21","X22","X23","X24"
"1",0.187487086802242,0.10568214997779,0.0958808597846686,0.0880938599507321,0.0809537674026884,0.0734969679296501,0.0657649986277283,0.0579570798727282,0.0502102628165439,0.042676864222489,0.0355277668500885,0.0289315030033616,0.0230274943979753,0.0179059556492704,0.0135999924354654,0.0100893883339874,0.00731199838355811,0.00517792931803316,0.00358620070296294,0.00243265723194668,0.00162214585963467,0.00105858572565313,0.000706632216864521,0.000479969217200963,0.000337883286729734
"2",0.174495483824689,0.0992237886797906,0.0909127655893001,0.0846964464064821,0.0790797824237507,0.0730545788287147,0.0665719189979162,0.0597647861971452,0.0527422050976717,0.045657039312328,0.038703006729796,0.0320875685347083,0.0259987423408891,0.0205786272580556,0.0159097664766971,0.0120145558457103,0.00886398680987237,0.00639078874160596,0.00450771986817014,0.00311537551618339,0.00211799353559669,0.00140936589239657,0.000961529255353375,0.000666628701821247,0.000475549135348502
"3",0.154327577974273,0.0890924850581728,0.0830044034508948,0.0791270718524294,0.075801302938167,0.0719652770711422,0.0674363010443677,0.0622416069914736,0.0564363628541356,0.0501596131950494,0.0436247747230336,0.0370857307690601,0.0307956380039673,0.024971467490474,0.0197713737470769,0.0152864738680116,0.0115442132530506,0.00851848798921836,0.00614972947380325,0.0043510253298121,0.00302974310654437,0.00206436890099583,0.00144550461591023,0.00102628809902963,0.000743178199899257
"4",0.131249360351876,0.0772942948583169,0.0735723423554355,0.0721732779254771,0.0713155114890086,0.0699069060959306,0.0676268297796239,0.0643788916854633,0.0601395468455566,0.055005665302381,0.049183325073082,0.0429515037940449,0.0366158406544935,0.0304652355972618,0.024739386077621,0.0196107663005086,0.0151797205419476,0.0114784498411137,0.0084918181304899,0.00615796035529335,0.00439695027114735,0.00307064865228591,0.00220868846678183,0.00160639083563475,0.00118068871921671
"5",0.108456607138255,0.0653693147553786,0.0637448633499395,0.0645203990476072,0.0658791517360555,0.0667414903007246,0.0666743511271051,0.0654609747416847,0.0629826538605277,0.059263525283095,0.0544643589844495,0.0488507073715134,0.0427475223005596,0.0364918800873994,0.0303924784161718,0.0247015031220587,0.0195993981568248,0.015189422163976,0.0115177344564092,0.00856265489279301,0.00627096398226721,0.00448911139126975,0.00331695402539789,0.00247020943754394,0.00184176987098555
"6",0.0873339425969052,0.0540132626721098,0.0540606890730315,0.0565328155889723,0.0596737935043213,0.0624642911302405,0.0643986540833244,0.065158027623022,0.064524125519966,0.0624255058391977,0.0589418645731054,0.0542832333457987,0.0487521715634004,0.0426984014165782,0.0364742134203121,0.0303980133388286,0.0247282773643597,0.0196460830903124,0.0152737783256783,0.0116452921531286,0.0087507670290185,0.00642250422987077,0.00487510120484345,0.00371604603066393,0.00280914528300294
"7",0.0685837288717109,0.0436229059292276,0.0448726599020668,0.0485101667586327,0.0529254503896006,0.0572031259422233,0.0608107816479074,0.0633575895562196,0.0645356546514371,0.0641692199367265,0.0622321039393943,0.0588424710638057,0.0542385173931589,0.0487413470613558,0.042711835793413,0.0365098367396237,0.0304589529205359,0.0248159495623042,0.0197891069769805,0.0154805759187927,0.011940859889055,0.00898701441555287,0.00700819105368269,0.00546528892508515,0.00418666476149939
"8",0.0525355236136976,0.0344341716442293,0.0364380591212346,0.0407291677217108,0.0459058323128205,0.0511898872685969,0.0560672169846937,0.0601127029752696,0.0629523626507155,0.0643139783270888,0.0640568814362481,0.0621836956265917,0.0588332893586677,0.0542574537180827,0.0487853810140594,0.0427842330074529,0.0366185750919712,0.0306075930124394,0.0250469765568573,0.0201134019223466,0.0159320651480368,0.0122983069473843,0.00985192394065568,0.00785615216060911,0.00609516843853214
"9",0.0392548919690731,0.0265612200769329,0.0289330974664886,0.0334332494156915,0.0389033735864309,0.044721773572553,0.0504310811265999,0.055611561387278,0.0598563478738261,0.0628198636950859,0.0642561270695748,0.0640454894467169,0.062205600280406,0.0588854023884627,0.0543426734285337,0.0489123686314196,0.0429662629916321,0.0368609530274666,0.0309704982134779,0.0255427581862216,0.020785808123355,0.0164579046448596,0.0135412794428044,0.0110347209581687,0.00866569299693317
"10",0.0286115291461251,0.0200172681317863,0.022454911759354,0.0268146836470347,0.0321897671088557,0.0381191452082556,0.044229773399735,0.0501431747846262,0.0554566899053066,0.0597852765719085,0.0628026237215097,0.0642780798440382,0.0641031423762241,0.0623033487051891,0.0590323036798359,0.0545535572147496,0.0492066418230068,0.0433503723893157,0.0374169392767865,0.0317099580537019,0.0265190407356898,0.0215375824193658,0.0181951145227734,0.0151410375216592,0.0120280380531593
"11",0.0203418906482424,0.0147360479509209,0.0170271381916811,0.0210023434701554,0.0259919387181917,0.0316861505868516,0.0378108354752961,0.0440560904684352,0.0500582222641512,0.0554311212114535,0.0598040783873971,0.0628624520717279,0.0643845008406941,0.0642685672478336,0.0625440512508668,0.0593705757293984,0.0550158618092296,0.0497993371007918,0.0441812231742255,0.0384925845393237,0.0330911662699664,0.027562686787101,0.0238969726806085,0.0202899457454971,0.0162942173799521
"12",0.0141073838898513,0.0105952179002557,0.0126111120330748,0.0160582755346613,0.020473853417439,0.0256794385610393,0.0315015472528505,0.0377148071618136,0.0440217140282079,0.0500714210548754,0.05548918428622,0.0599141398497263,0.0630397478607967,0.064650982139429,0.064649469758256,0.0630707178937212,0.0600771664919151,0.0559062973505529,0.0510097849809505,0.0457063414946966,0.0403954723643323,0.0344966275781833,0.0306738437337536,0.0265478769884479,0.0215375763949424
"13",0.00954374396101057,0.00743946587641073,0.00912111260947645,0.0119826987182187,0.0157294884799801,0.0202882907251886,0.025577365125008,0.0314599777930938,0.0377213190918851,0.0440746464197989,0.0501793052293,0.0556701838100435,0.0601949102780894,0.0634541827595125,0.0652355353909902,0.0654461160200373,0.0641212036841165,0.0613789498976732,0.0576243518481833,0.0531161497430202,0.0482575526058727,0.0422294430856322,0.0384758752832076,0.0339083129911148,0.0277698185731284
"14",0.00629848958171539,0.00510095842046879,0.00644121351714907,0.0087253421751471,0.0117860074602535,0.0156270613701013,0.020242314074703,0.0255775198173411,0.0315055782923166,0.0378219097345787,0.0442503908668774,0.0504611789635036,0.0560990076900784,0.060819614603138,0.0643249392937094,0.0664061157238762,0.0669644357884892,0.0659719973048207,0.0637529458275403,0.0604561548308448,0.056442422847145,0.050573452120866,0.0471610349932946,0.0422701897894611,0.0349197249125735
"15",0.00405560617858436,0.00341552418511191,0.00444137426553715,0.00620027481174916,0.00861457298624819,0.0117385782582019,0.0156219926929556,0.0202796567278049,0.025667100772931,0.0316683616974505,0.0380913184599452,0.04467301721774,0.0510955172279135,0.0570125120116817,0.0620785323218671,0.0659950836683224,0.0685382649836377,0.069521662253937,0.0691632399668803,0.0674563168757318,0.0646706866231894,0.0592684864094001,0.0564891513392892,0.0514245944289581,0.0428185736349249
"16",0.00254854360175171,0.00223388430830862,0.00299097774443042,0.00430137970274914,0.00614548700027838,0.00860559393748373,0.0117676310883208,0.0156984419856949,0.020423897463961,0.0259128747528816,0.0320649313173192,0.0387044163018569,0.0455827253234996,0.0523912593598963,0.058778329876584,0.0643910602513638,0.068902282877438,0.0719697853896688,0.0736920326130053,0.0738714903171575,0.0726424784386638,0.0679980746042699,0.0661293671982502,0.0610553261714057,0.0511977283737538
"17",0.00156385828488074,0.00142807564839309,0.00196880283371636,0.00291618482713574,0.00428440423093877,0.00616668773468947,0.00866811421268395,0.0118901034682481,0.0159128493355448,0.0207789184992905,0.0264767750736696,0.0329264041641856,0.0399689610324303,0.0473645871505052,0.0547928059989671,0.0618838673112729,0.068237478325039,0.0733715895876455,0.0772646277584207,0.0795079350783134,0.0800663744584146,0.0764163024353901,0.075683553811954,0.0707577298463427,0.0597030088919209
"18",0.000938327300217034,0.00089380913061318,0.00126919907049469,0.00193661399335689,0.00292702573425798,0.00433317090868584,0.0062662688176431,0.00884708179757671,0.0121936473206121,0.0164071348306018,0.0215544929928346,0.0276488704923713,0.0346290828535159,0.0423429432849569,0.0505294252331016,0.0588351825142589,0.0668190508478258,0.0738841979490038,0.0798995942985828,0.0842423850474819,0.0866892667019416,0.0841829538692088,0.0847253861115005,0.0800771520493061,0.0679277368500435
"19",0.000552249100953596,0.000549810605185344,0.000804833738359067,0.00126609477450627,0.00197062514744091,0.00300427193130207,0.00447589146746723,0.00651401815461262,0.00926005401405914,0.0128579476824429,0.0174384266069814,0.0230972630162028,0.0298675787603132,0.0376908544456073,0.0463814505016328,0.0556265187312215,0.0649726105563335,0.0737370187333985,0.0816974816750007,0.0880303969226084,0.0923230276089844,0.0910028538286991,0.0928516240390172,0.0885644550301063,0.0754626429275573
"20",0.000321158449011817,0.000335248514736751,0.000506760758446597,0.000823201558336498,0.00132177204208921,0.0020789663849648,0.00319688095921389,0.00480433562130593,0.00705501001535429,0.0101214611059668,0.0141823447609286,0.0194008022398192,0.0258924736949141,0.0336870724454358,0.0426775835308146,0.052604116755916,0.0630217388888793,0.073189638212214,0.0828159288610213,0.0909029795471793,0.0968638693367091,0.0966632873244316,0.0997377795699416,0.0958403058160181,0.0819552836063444
"21",0.000187543907132668,0.000206232286721081,0.000322713459431897,0.000542516656631455,0.000900475174182603,0.00146394876205381,0.00232706832342339,0.0036151290245279,0.00548674531913016,0.00813190182977475,0.0117625594389961,0.016592457666616,0.0228030695567911,0.030498649289275,0.039643377788599,0.0500314586897222,0.061237798385492,0.0724864821861767,0.0834370707273315,0.0929528789364418,0.100300807618075,0.101061860095354,0.105186449286304,0.10165454660179,0.0871662589900193
"22",0.000115234918760551,0.000133948418251987,0.000217217995693021,0.000378034375846893,0.000648503135769735,0.00108884698136578,0.00178639171782118,0.00286210087182239,0.00447556693678768,0.00682616785731327,0.0101465698931419,0.0146842476239144,0.0206667777393735,0.0282529197949455,0.0374614633358965,0.0481312000685667,0.0598583454832534,0.0718487064381138,0.0837318898859081,0.0942732213649527,0.102632547510361,0.104111373627473,0.109019162787405,0.105776459512027,0.0908731017252286
"23",7.56671402661926e-05,9.30665630466181e-05,0.000156272393490793,0.000281058525218344,0.000497137187504027,0.000859451089231831,0.0014499819540428,0.00238566584911516,0.00382533732384213,0.00597317560786699,0.00907451010669868,0.0133989684741789,0.0192058144304174,0.026692706347037,0.0359189589796088,0.0467582763033188,0.058826264148705,0.0713201665003344,0.0838516572935048,0.0951180962350025,0.104202465012856,0.106205913224698,0.111686239603962,0.108664759557854,0.0934783901481928
"24",5.66740606631345e-05,7.29300965551561e-05,0.000125762756169066,0.000231760317153288,0.000419100428190727,0.000739599297955999,0.00127195816980657,0.00213042372806306,0.00347283761676812,0.00550543918971603,0.00848010072940336,0.0126785827151496,0.0183781073064908,0.0257989774472413,0.035024731593104,0.0459506645920984,0.058205387949392,0.0709829861361258,0.0838861209198551,0.0955733127302982,0.105082506796923,0.107397417781245,0.113217825128937,0.110331633153324,0.0949851593593667
"25",4.89467922739133e-05,6.45882187036832e-05,0.000112981562719356,0.000210890187760059,0.000385746766213657,0.000687909524781925,0.00119451671174253,0.00201847430725886,0.00331700693531356,0.00529709399452854,0.00821339173255082,0.0123530476668185,0.0180014461524901,0.0253893652322424,0.0346117390702588,0.0455742329359967,0.0579119944295987,0.0708181961194002,0.083891766005919,0.0957734623767091,0.105480289908305,0.10794131078325,0.113921330992691,0.111099776428794,0.0956804951636749
