"","X0","X1","X2","X3","X4","X5","X6","X7","X8","X9","X10","X11","X12","X13","X14","X15","X16","X17","X18","X19","X20","X21","X22","X23","X24"
"1",0.274330561025758,0.174479875974638,0.115794520662137,0.0812998140594576,0.0639337632857573,0.0537510146321486,0.0460501041354534,0.0392450384226226,0.0329832969987055,0.0272574450073262,0.0221215394918968,0.0176184651156971,0.0137636664389399,0.0105435356758678,0.00791904072610615,0.00583195950722114,0.00421214778115475,0.00298456152354284,0.00207522214059906,0.0014158902503092,0.000947329201678553,0.000620691123147825,0.000397865152770114,0.000246602734951569,0.000176048932104498
"2",0.261244318852052,0.167086656556061,0.112206290053349,0.0802195035160521,0.064324640916756,0.0550601020719779,0.0479624256611773,0.0415353788514045,0.0354640837883663,0.0297703405753471,0.0245399510092458,0.0198496828424584,0.0157481857198931,0.0122517229123106,0.0093459547783046,0.00699124649055014,0.00512983449217806,0.0036933831633729,0.00260992950025305,0.0018098514377611,0.00123053405344439,0.000818863862071342,0.000532498959628658,0.000334049757103614,0.000240570178871935
"3",0.240418936197905,0.155233462808296,0.106323171756507,0.0782710157226096,0.0646973449267362,0.0569062681932038,0.0508063124254358,0.0450362255157825,0.0393325728141297,0.0337554923832091,0.0284343678444513,0.0234949094951962,0.0190358787568517,0.0151204810889228,0.011774803487958,0.00899107651933013,0.00673407844885414,0.00494901260555616,0.00356962857866377,0.00252607119953099,0.00175178339475943,0.00118782481551974,0.000785742282980856,0.000499895577536238,0.000363643160065209
"4",0.215564782888769,0.140911201442635,0.0989533051935946,0.0754796249264642,0.0646300224056042,0.0586152813772265,0.0537757163426666,0.0488967177517351,0.0437602106566904,0.0384560355511912,0.0331514400286965,0.0280198206655097,0.0232132223258797,0.0188485557616153,0.0150014217762666,0.0117059260501899,0.00895902728189693,0.00672771910820801,0.00495772469124968,0.0035831595551791,0.00253605696536689,0.00175292188279065,0.00117973739325692,0.000761158651774339,0.000559209325534642
"5",0.189599629718436,0.125706810695462,0.090771994564071,0.0719132172661985,0.0638354965958666,0.0596888936605332,0.0562505587158787,0.0524415951961533,0.0480710477625355,0.0432385505387471,0.0381312372272523,0.0329564408933082,0.0279111529469775,0.0231632203553674,0.018839859734865,0.0150227568539217,0.0117488284824776,0.00901520105899694,0.00678727735366106,0.00500959951235705,0.00361796527666363,0.00254828218009121,0.00174403344688508,0.00114050755911112,0.000845842404173163
"6",0.163865711279711,0.110356068649166,0.0820978477055875,0.067606282344757,0.0621734284244305,0.0598738026113,0.0579045713950714,0.0553046391600529,0.0518892000892787,0.0477444027859393,0.0430541597913331,0.0380394773920033,0.0329268959359459,0.0279257045293976,0.0232111725218086,0.0189141226267513,0.0151167287771549,0.0118536601388002,0.0091180203198601,0.00687247885772209,0.00506368387855046,0.00363317846023038,0.00252742538405474,0.00167437125039156,0.00125296569069145
"7",0.139211785908543,0.095348246732559,0.0731772266888521,0.0626348427504656,0.0596051449419199,0.0590447387890934,0.0585439498665066,0.0572414590231081,0.0549401843331469,0.0516910132607025,0.0476507699874155,0.0430308093795807,0.0380670011154264,0.0329948163973682,0.0280281769946034,0.0233434443492259,0.019069387641263,0.0152830817711308,0.012012199308148,0.00924535902116295,0.00694838969828088,0.00507676792826051,0.00358801149350272,0.00240675049612806,0.00181644212359631
"8",0.116250917698808,0.0810656481220117,0.0642440003157296,0.0571255279270164,0.0561762417915127,0.0571741621479785,0.0580715353318525,0.0580923101441014,0.0570145751903928,0.0548372403605442,0.0516689659562889,0.0476881688424107,0.043117264654374,0.0381980808891496,0.0331680816302839,0.0282396328907908,0.0235840722079195,0.0193215016745009,0.0155182085655262,0.0121953203448179,0.00934649744892606,0.00695110083524787,0.00498843332809261,0.00338616052561326,0.00257635117610071
"9",0.0954143542078516,0.0678072129946055,0.0555218757566251,0.0512457301914233,0.0520029948567257,0.0543203627302716,0.0564796117455191,0.0577806835154534,0.0579719371590686,0.0569910678622161,0.0548832220382979,0.0517736618593953,0.0478486640407996,0.0433339315017469,0.0384705933815002,0.0334915034110091,0.0286002947471757,0.0239550388743259,0.0196601972309331,0.0157731333081609,0.012323087552051,0.00932416707054155,0.00679060383983219,0.00466193789092301,0.00357413223353858
"10",0.0769649913490147,0.0557883781820743,0.0472135759911349,0.0451871497980264,0.0472557087989783,0.0506148026540053,0.0538439696970989,0.0563152961151618,0.0577504462438071,0.0580252689260118,0.0571138138851618,0.0550737055225927,0.0520353229930947,0.0481856197136585,0.0437465500625119,0.0389508335870735,0.0340178102000927,0.0291319253542477,0.0244295252344104,0.0200035684226094,0.0159243122560535,0.0122513179600788,0.00904868259522745,0.006279028354822,0.00484839610304221
"11",0.0610116059026013,0.0451411497913065,0.0394893860052277,0.0391474601988651,0.0421387106997863,0.0462447382822867,0.0503123893347684,0.0537864606017707,0.0563718120470626,0.0578901663229686,0.0582455171435037,0.0574209704530182,0.0554767139414141,0.0525409178091838,0.0487930073822081,0.0444416160810335,0.0396997761929277,0.0347601712839429,0.0297781630568625,0.0248761022472401,0.0201670189926704,0.0157652056243092,0.0118003412531514,0.00827123809287372,0.00642936125900735
"12",0.047530338519616,0.0359190133633166,0.0324787017244125,0.0333129795483234,0.0368691138258743,0.0414322586130578,0.0460874398915425,0.0503553608021241,0.053938715749189,0.0566196625682503,0.0582413510225436,0.0587138261492637,0.0580200359807595,0.0562143987468716,0.0534126399034801,0.0497744741474368,0.045481016286177,0.0407095258735315,0.035615117787667,0.0303372478570611,0.0250287544566157,0.0198652127664653,0.0150570566019954,0.0106534566825162,0.00833230113189997
"13",0.0363919342705904,0.028106639899586,0.0262658064221314,0.0278444761057575,0.0316569039341368,0.0364122307529088,0.0414055497580682,0.0462372404875261,0.0506245593004914,0.054329065559957,0.0571487952307578,0.0589299915970974,0.0595792357331949,0.059069032775958,0.0574348901681528,0.0547646333032618,0.0511808140140962,0.0468180978800398,0.041806961272899,0.0362860109307992,0.0304397929901949,0.0245079285957572,0.0187947487815658,0.013413848517936,0.0105508117171265
"14",0.0273916388736393,0.0216330987824234,0.020890060849044,0.0228674627619123,0.0266885043500441,0.0314117302386967,0.0365149082433956,0.0416805751981011,0.046656672456177,0.0512046410517499,0.0550971186852154,0.0581319008474927,0.0601474281348215,0.0610336131965346,0.0607356664010704,0.0592509878975208,0.0566188028779092,0.0529033145492494,0.048183146803268,0.0425739129760292,0.0362790582552795,0.0296006388050201,0.022946563826087,0.0165074483102011,0.0130511056291088
"15",0.0202785686219795,0.0163868662690349,0.016349960646489,0.0184674671950831,0.0221151938042539,0.0266330404982141,0.0316547002543396,0.0369447276309949,0.0422949975808933,0.0474859909309367,0.0522857032817751,0.0564623803532215,0.0598002076320373,0.0621127938233774,0.0632521955013148,0.0631132454345674,0.0616317692420669,0.0587761464925702,0.0545462050087148,0.0490106756752937,0.0423757230314008,0.0349999252948284,0.0273998487985618,0.0198528656046797,0.0157688013933623
"16",0.0147819177133072,0.0122308957078997,0.0126100055785874,0.0146899354591607,0.0180468165152832,0.022241475150301,0.0270376382607192,0.0322784864381922,0.037808670260324,0.0434432146310827,0.0489644270747547,0.0541305306628581,0.0586885211609073,0.0623873904435452,0.0649900791233418,0.0662841275918925,0.0660888146076464,0.0642569309698514,0.0606862508261658,0.0553760740282227,0.0485178409986423,0.0405172166513096,0.0319992595271004,0.0233337843812199,0.0186096962376755
"17",0.0106322089594714,0.00901626333979976,0.00960906989008077,0.011543786364048,0.0145503538368112,0.0183583454027866,0.022836949635711,0.0279013929864991,0.0334528774964929,0.0393513047769638,0.0454081635933989,0.0513890613902103,0.0570212828789691,0.0620040178139293,0.0660207136185647,0.0687542677725671,0.0699024836136264,0.0691908321068595,0.0663986050303119,0.0614376567775928,0.0544685224889127,0.0459323687260716,0.0365573230472011,0.0268064935467491,0.0214556549063621
"18",0.00757673455724835,0.00659334205564404,0.00726898886800104,0.00900730843621845,0.0116523319231587,0.0150586339759893,0.0191781971319779,0.0239891446913892,0.0294481135101,0.0354644711310381,0.0418882691819937,0.0485056719880412,0.0550396254947119,0.0611549757556392,0.0664689221569652,0.0705687186222189,0.0730341403070282,0.0734609830088921,0.0715027176453138,0.0669729409367585,0.059988804590557,0.0510149385160472,0.040872487016799,0.0301136556382148,0.0241758828600457
"19",0.00538913844592531,0.00481992159307381,0.00550226755071826,0.00703500969871456,0.00934369189049126,0.0123723508833225,0.0161355681519942,0.0206636091577596,0.0259633741601692,0.0319928768024244,0.0386442400353626,0.0457319633080798,0.0529861037206166,0.060051073276152,0.0664925133110738,0.0718156381272419,0.0754930461577353,0.076997856485161,0.0758603570974939,0.0717938192525766,0.0648650432332663,0.0555512847913063,0.0447531964657123,0.0331032774505762,0.0266427789530441
"20",0.00387382752712577,0.00356625119159806,0.00421826998022504,0.00556436245266262,0.0075859275135918,0.0102885484706675,0.0137321141135117,0.0179877523152702,0.0231046589281944,0.0290843247317889,0.0358591581271402,0.04327428480486,0.0510735654021023,0.0588918344427348,0.0662573500943845,0.0726093949079521,0.0773297493057748,0.0797838041871063,0.0793905492269875,0.0757696257835618,0.0689367596638207,0.0593734437480452,0.0480443945358677,0.0356500469278165,0.0287500016172014
"21",0.00286647224759897,0.00271751604533991,0.00332781527644426,0.00452196199784793,0.00631782610329893,0.00876139774336545,0.0119437035760666,0.0159659313970422,0.0209102227475728,0.0268135379657924,0.0336428114837908,0.0412714620502663,0.0494592737426485,0.0578386879841309,0.0659128201707143,0.0730715603963613,0.0786252756085649,0.0818520025755287,0.0820783290219184,0.0788441707415517,0.0721191812987999,0.0623837407158919,0.0506508642947289,0.0376745203684951,0.0304289144462313
"22",0.0022499462950705,0.00219019769021086,0.0027637318217624,0.0038501192284163,0.00548907875236909,0.00775094912864152,0.0107462529760211,0.0145960561125749,0.0194052603824963,0.0252361824076832,0.0320813087771961,0.0398360309475234,0.0482739872141901,0.0570287775730639,0.0655883523612206,0.073309537025363,0.0794528968461219,0.0832340351783958,0.0839122833207307,0.0809684295366888,0.0743365931711637,0.0644938545057892,0.0524858111705318,0.039103901368365,0.0316164262084019
"23",0.0018706544434507,0.0018613567812626,0.00240587179716946,0.00341741920268333,0.00494881950219264,0.00708510618734522,0.00994898992784477,0.0136745865918762,0.0183823168076835,0.0241522941503441,0.0309954559300711,0.0388236592659162,0.0474217485394577,0.0564258579998326,0.0653149671944642,0.0734240010509097,0.0799792356384251,0.0841523227605496,0.0851544806189526,0.0824235192412845,0.0758669100986964,0.0659578621156497,0.0537637503846217,0.0401019361229687,0.0324468776463405
"24",0.0016713006174848,0.00168678992511381,0.00221352987870348,0.00318233503929146,0.00465275644198346,0.00671741769623938,0.0095054935901673,0.0131582739153257,0.0178049428174248,0.023535868509653,0.0303728259196773,0.0382375789117003,0.0469220261687978,0.0560644561991757,0.0651393514684443,0.0734695343807146,0.0802617689044278,0.0846622902258676,0.085854174632304,0.0832498148683572,0.076740595614507,0.0667968509812512,0.0544980841966107,0.0406764703622205,0.0329254687345497
"25",0.00158491388976007,0.0016106395036889,0.00212893597501622,0.00307821096856939,0.00452088182632551,0.00655281749879875,0.00930600694270886,0.0129249390566751,0.0175427754193781,0.0232545994541309,0.0300872305054861,0.0379671124151441,0.046689565688455,0.055894076532275,0.0650532596603457,0.073484524863333,0.0803857330670429,0.0848913976369744,0.0861715192333883,0.0836265969938952,0.0771403911996648,0.0671817181834298,0.0548355362007491,0.0409408008352856,0.0331458164494731
