"","X0","X1","X2","X3","X4","X5","X6","X7","X8","X9","X10","X11","X12","X13","X14","X15","X16","X17","X18","X19","X20","X21","X22","X23","X24"
"1",0.0816004021816254,0.0820053557446254,0.0958119293960014,0.101785721837355,0.10211245347181,0.0989579121613896,0.0917720792762234,0.0814288251484957,0.0690405292064601,0.0559371711179913,0.043349236684793,0.032169262869746,0.0228856208618862,0.015623068672939,0.0102420769895107,0.00645174964555511,0.00390668359362272,0.00227454510175954,0.00127353746003586,0.000685830111956347,0.000355288917763712,0.00017725197815819,8.49041664479389e-05,3.994803898555e-05,2.86153648601393e-05
"2",0.0700154283102642,0.0715932481308013,0.0852736069872312,0.0931829967811646,0.096618563347174,0.0968663304456721,0.0929527112049423,0.0852867293094159,0.0747190816432376,0.0625110239787873,0.049993842534487,0.0382716134191913,0.0280807380796152,0.0197710318278304,0.0133713410364638,0.00869342714090605,0.00543674146328579,0.00327197191136045,0.00189559552229653,0.00105745479499462,0.000568184916890168,0.000294495644202882,0.000146695774169819,7.21576516722714e-05,5.49881439402177e-05
"3",0.0535257950015181,0.0564598271840789,0.0695430163419687,0.0796773986016677,0.0871205252637355,0.0920738494865383,0.0930264655890417,0.0896789168792329,0.0823765921668525,0.0721224006766159,0.060258400043882,0.0481167686784088,0.0367769650258278,0.0269451526174174,0.0189476591268314,0.0128011487012545,0.00831593287286643,0.00519761165231278,0.00312694743221773,0.00181138582587704,0.00101074179545873,0.000544263888472533,0.000281548904723563,0.00014438699563456,0.000116299247561573
"4",0.0372414393503868,0.040989506309877,0.0527636368582393,0.0641407591132262,0.0747153277035686,0.0839189090662182,0.0898731178555493,0.0915626153208197,0.0886511705342023,0.0816163372735414,0.071548925097013,0.0598260939073274,0.0477964671259759,0.0365462840869488,0.0267847447243786,0.0188403690352944,0.0127322635464069,0.0082735398032042,0.00517267343279498,0.00311304159272801,0.00180436093077671,0.00100954695524287,0.000542269245120241,0.000289956432480497,0.000246644698675384
"5",0.0241147833736541,0.0279217899072317,0.0377940367351756,0.0489872653232771,0.0609476766161103,0.0728507463584472,0.0827839330470761,0.0892376613814522,0.0911972019891165,0.0884284173977698,0.081474962749892,0.0714561668886962,0.0597641859122093,0.0477551576658539,0.0365191315147393,0.0267673581257966,0.0188296183833729,0.0127259296906601,0.008270145524368,0.00517133691953627,0.003113623059805,0.00181028506665403,0.00100965745063408,0.000563161175083045,0.000505767743385981
"6",0.0146467760174042,0.0179512269291675,0.0256436124046614,0.0354966646976692,0.0471588070470775,0.0599653245039138,0.072302914503983,0.0825147630998743,0.0891061245596963,0.0911300016014355,0.088393137905244,0.0814556890513656,0.0714452023049543,0.0597577461523709,0.0477513199828783,0.0365168700112789,0.0267661146481236,0.0188291456513229,0.0127262858494899,0.00827166415894841,0.00517520753588465,0.0031279803087974,0.00181193085431062,0.00105506930427365,0.00100042091587112
"7",0.0083712618243347,0.0109117043419034,0.016485344385004,0.0243681687618595,0.0345309265631196,0.0466772598719784,0.0597147744105185,0.0721921768202319,0.0824672799069681,0.0890850039075807,0.0911205889040467,0.0883888650688251,0.0814536933999186,0.071444238960878,0.0597572826097715,0.0477511539468775,0.0365170014488787,0.0267667802346668,0.0188309903773603,0.0127303953302442,0.00828083340612514,0.00520614650996904,0.00313330353640931,0.00190639465512165,0.00190843081740566
"8",0.00450937472919864,0.00627401615584446,0.0100360664827688,0.0158281207401912,0.0238914777421057,0.0343089960959523,0.0465683367532091,0.0596709116797266,0.0721753945489707,0.0824605774319919,0.0890823655126525,0.0911195523013612,0.0883884612783931,0.081453550977582,0.071444243808676,0.0597574777909818,0.0477517848371664,0.0365187296764461,0.0267711071021201,0.0188403471181277,0.0127506844154207,0.00834485142942502,0.00522061826607171,0.00332228400968639,0.00351066911592705
"9",0.00229180149809339,0.00341286029802155,0.0057832543403334,0.00971966554353994,0.0156071402108071,0.0237949475439338,0.0342639508755364,0.0465516951227756,0.0596652025402644,0.0721733167899562,0.0824598393523309,0.0890821092035942,0.0911194778899642,0.0883884856943425,0.0814537178455164,0.0714447720871315,0.0597589667794812,0.0477557052438505,0.0365283039028248,0.0267914847313556,0.0188834463482685,0.012878324540027,0.00838029206670107,0.00558423239792501,0.00622700715342188
"10",0.00109989015086327,0.00175653336618346,0.00315358643707361,0.00564052097931071,0.00962326429387229,0.0155674563435128,0.0237772246360508,0.034257914585637,0.0465498398475939,0.0596645837616504,0.07217311880925,0.0824597859710483,0.0890821287843054,0.0911196042343344,0.0883888969546967,0.0814549263825108,0.0714480841200721,0.0597674850883938,0.0477760535947293,0.0365709282474673,0.0268794482708686,0.0191286388298034,0.0129583886738931,0.00905301530755026,0.0106486823293255
"11",0.000498842183348967,0.000855483385581469,0.00162712884747933,0.00309314984371341,0.00560090683035502,0.00960783456206164,0.0155608228073001,0.0237751326164586,0.0342573408376682,0.0465496653755211,0.0596645389158252,0.0721731305126588,0.0824598748812196,0.0890824299681077,0.0911205252018666,0.0883915340310088,0.0814619952678138,0.0714658631138895,0.0598090373227266,0.0478616785747695,0.0367433836138732,0.0273331122207269,0.0192975571695227,0.0141548604645943,0.0175541714519061
"12",0.00021394829983138,0.000394316307050311,0.000794411052608863,0.00160308468302121,0.00307780819303026,0.00559523127269625,0.00960547326879995,0.0155601302957055,0.0237749647417032,0.03425729753455,0.046549669720808,0.0596645972141143,0.0721733377052767,0.0824605346781982,0.0890843986466034,0.0911260420435433,0.0884060125945262,0.0814976247364108,0.0715473560011075,0.0599741733333012,0.0481863697358735,0.0375516021528799,0.0276683739127692,0.0213427998242878,0.0278904420513
"13",8.6823038908825e-05,0.000172035549401549,0.000367056907364806,0.000785417433743624,0.00159748412044381,0.00307583329049754,0.00559443241223246,0.00960525473935939,0.0155600855723455,0.023774962557357,0.0342573326055678,0.0465498029494194,0.0596650399495777,0.0721747154044715,0.0824645632323647,0.089095460370567,0.0911544843252659,0.0884745338279379,0.0816510554419241,0.0718530168900327,0.0605610805952004,0.0495723261649725,0.0381805554034868,0.031027842560069,0.0426988046574853
"14",3.3353686805476e-05,7.10536726424047e-05,0.000160531725325943,0.000363892922612687,0.000783490273081067,0.00159683425049346,0.0030755768080124,0.00559436754968382,0.00960524770281304,0.015560104276444,0.0237750420596888,0.0342576097287689,0.0465507036599711,0.0596677908094867,0.0721826075515851,0.0824858139535485,0.0891490268660312,0.0912808942724564,0.0887517514784548,0.0821939126302299,0.0728713351908929,0.0628480248345498,0.0506912827558444,0.0434817085794467,0.0629680427611279
"15",1.21334887656791e-05,2.77834924184445e-05,6.64660142021028e-05,0.00015948465722389,0.000363267983149138,0.000783288216421531,0.00159675657152156,0.00307556050308545,0.00559437583578616,0.00960529141026579,0.0155602653519306,0.023775590520501,0.0342593614212175,0.0465559590253674,0.0596825935309107,0.0722217180070744,0.08258251386228,0.0893726803307371,0.0917614540641232,0.0896766829286852,0.0838895998356323,0.0765012720567192,0.0647403561888119,0.0587245822032937,0.0894109624998733
"16",4.18074186210126e-06,1.0285601646261e-05,2.60557549360621e-05,6.61400748901645e-05,0.00015929377104334,0.000363208830807348,0.000783266850071406,0.00159675687855621,0.00307558240850421,0.00559446224916397,0.00960560075006981,0.0155613012593904,0.0237788448877352,0.0342689594955879,0.0465825203615522,0.0597515041316127,0.0723889486893042,0.0829618315845937,0.0901716453041584,0.0932729186204194,0.0923859727420566,0.0894294673011753,0.0795483451208154,0.0764255297477109,0.122187376842334
"17",1.36451204875174e-06,3.60488407099086e-06,9.6715637870293e-06,2.59603469612068e-05,6.60852453756744e-05,0.000159277810198726,0.000363205075972672,0.000783276024453092,0.0015967992293187,0.00307574253368885,0.00559502641556386,0.00960746223876296,0.0155670606547648,0.0237955632355539,0.0343144683379361,0.0466985839114829,0.0600282296723809,0.0730050694262686,0.0842349185290004,0.0925393748139111,0.0974246709860502,0.100510945762873,0.0941058027622724,0.0958538170774554,0.160634018949845
"18",4.21815041050303e-07,1.19593335074801e-06,3.39909349803065e-06,9.6453337167811e-06,2.59456667198058e-05,6.60818949656992e-05,0.000159280632219763,0.000363223643520322,0.000783351318039448,0.00159707943510091,0.0030767171371092,0.00559820025817333,0.00961714882553946,0.015594779001988,0.0238698915030771,0.03450107143136,0.0471362363468314,0.0609857632850009,0.0749477441579432,0.0877882882678548,0.0986379493525943,0.108868815410922,0.107353957442883,0.115917437798022,0.203096375014526
"19",1.23476076684706e-07,3.75462688731156e-07,1.13094764927299e-06,3.39236327202711e-06,9.64188331496107e-06,2.5946257704893e-05,6.60890268984988e-05,0.000159312382079638,0.000363349157697582,0.000783813386273145,0.00159866943985049,0.0030818376446493,0.00561364554371745,0.00966079775860943,0.0157102843340256,0.0241558038622818,0.0351616533432647,0.0485582981157585,0.0638215683164234,0.0800518049890659,0.0963682036470486,0.11410630348831,0.118415683009793,0.135306885689029,0.246975386474514
"20",3.42126329004434e-08,1.11510596550092e-07,3.56150324819548e-07,1.12940134107454e-06,3.39200272978349e-06,9.64428970435272e-06,2.59581360184289e-05,6.61392409494282e-05,0.000159508861227535,0.000364066417511548,0.000786260138775873,0.00160647689638595,0.00310515678947356,0.00567884813416805,0.00983136169822958,0.0161272357653107,0.0251061833066,0.0371773737078531,0.0525136480934672,0.0708312680701833,0.0916017418191256,0.116416075255585,0.126799358919287,0.152725066142381,0.289063605040135
"21",8.96821392468449e-09,3.13170263845291e-08,1.06129424883528e-07,3.5593529011077e-07,1.13003464356306e-06,3.39597833975097e-06,9.66229235106955e-06,2.60331590206084e-05,6.64303881870499e-05,0.00016056334201383,0.000367634616734777,0.000797550477528265,0.00163989714532652,0.00319770130034561,0.00591840069141705,0.0104102671734858,0.0174303107759833,0.0278318341780881,0.042444991801966,0.0617106033853396,0.0856967442316235,0.116503341056623,0.132492328872581,0.167143305297783,0.32614737145066
"22",2.25944766792827e-09,8.46114378068191e-09,3.04849184838919e-08,1.08318286471121e-07,3.64192360791797e-07,1.15906485939977e-06,3.49349696406638e-06,9.9773976206423e-06,2.70142458315321e-05,6.93743732750269e-05,0.000169068040507089,0.000391234898271156,0.000860265319656909,0.00179890110753839,0.00358067944359421,0.00679075446667182,0.0122797992402731,0.0211811618693141,0.0348234094258115,0.0542862263462882,0.0802650639065058,0.115448433984334,0.135828747202317,0.177614413212627,0.35457030924158
"23",5.32161843785648e-10,2.1371416649811e-09,8.20054981521712e-09,3.09364101344487e-08,1.10470198921613e-07,3.7370510501858e-07,1.19881507662293e-06,3.65041124758408e-06,1.05609805090382e-05,2.90550732604943e-05,7.60761249437349e-05,0.000189713702019539,0.000450847829697526,0.00102143156372457,0.00220626271788554,0.00454148205201069,0.00889953435706901,0.0165737564886654,0.029244629568525,0.0485090678057257,0.0756431962591507,0.113927975875942,0.137635741242939,0.185082685775563,0.375952607374475
"24",1.21007258509674e-10,5.24345788661694e-10,2.16155683949754e-09,8.74486152339762e-09,3.35561715844522e-08,1.22285456743464e-07,4.23732916647287e-07,1.39753878203425e-06,4.39041998410802e-06,1.31430875890488e-05,3.74948188580208e-05,0.000101909329173501,0.000263729049966899,0.000649194525002442,0.00151792179134099,0.00336500200150367,0.00705602636593114,0.0139574349012243,0.0259478416044947,0.0449473484602474,0.0726285235835188,0.112700883884678,0.13842702851855,0.189437288125513,0.388942850867324
"25",2.92631677722005e-11,1.40735280523284e-10,6.42029967141835e-10,2.86578159082988e-09,1.21428755719012e-08,4.88573900165408e-08,1.86680100864047e-07,6.77211644737074e-07,2.3312920366088e-06,7.61056382313382e-06,2.35410638377507e-05,6.89319760904935e-05,0.000190873489702038,0.000499206288994023,0.00123139352660256,0.00285998579304754,0.0062413650974068,0.0127689948873916,0.0244099290767795,0.0432395933426768,0.0711322488800945,0.112023789898749,0.138708199350977,0.191455152103464,0.395135924798504
