"","X0","X1","X2","X3","X4","X5","X6","X7","X8","X9","X10","X11","X12","X13","X14","X15","X16","X17","X18","X19","X20","X21","X22","X23","X24"
"1",0.218593024278075,0.101016625724893,0.0882641314315174,0.0871818456185849,0.0825501978958923,0.0768470553237796,0.0695152757887898,0.0608892348473059,0.0516365196380054,0.0424042549243096,0.0337269699648907,0.0259859381342294,0.0193990858487425,0.0140348654056955,0.00984310954076397,0.00669380514060586,0.00441528554931308,0.00282577707467743,0.00175551328532251,0.00105965453194516,0.00062186572145215,0.000357553540355456,0.000201422534461157,0.000104664719835572,7.63235365509372e-05
"2",0.198015346389441,0.0931604487473747,0.0832925852476512,0.0839347709038827,0.0812984984933288,0.0774120137439545,0.0716449878965337,0.0642249602766458,0.0557496356096051,0.0468626187690614,0.0381514643241502,0.0300864984545047,0.0229884650244029,0.0170236063565873,0.0122218819097587,0.00850985464862544,0.00574871162005378,0.00376945173034408,0.00240047168010498,0.00148636630924666,0.000895512052564592,0.000529393853482439,0.000306737837518422,0.000163280061846183,0.000122438059324586
"3",0.166973398003082,0.0810344527785861,0.0752760525014068,0.0783492449268549,0.0786294640447621,0.0774970620384264,0.0742090045603203,0.0688097997040713,0.0617550691253049,0.0536412561042338,0.0450988977712657,0.0367076193580218,0.0289329225156712,0.0220915608650241,0.0163466975093409,0.0117270404026948,0.00816029988892616,0.00551092170482627,0.00361452455770807,0.00230559235046627,0.00143127744311715,0.000872639657198328,0.000521200352187456,0.000284518664470686,0.00021948317202606
"4",0.133138574865511,0.0673088262181551,0.0655713145443577,0.0709539274928415,0.07420305974263,0.0760556320380704,0.0756520892957585,0.0728076768414001,0.0677626147762138,0.060985995861554,0.0530820907157464,0.044694262625827,0.0364160492877029,0.0287245312556968,0.0219449020836321,0.0162462450599815,0.0116615313264888,0.00812145417066033,0.0054923708236417,0.00361272982347405,0.00231285149794397,0.0014553857605908,0.000896324484860429,0.00050167177023181,0.000397887637022483
"5",0.101857753915662,0.0539757142165894,0.0553589875915916,0.0624047852505205,0.0680707697301902,0.0725882662379545,0.0750151087853217,0.0749352993148497,0.0723272031305683,0.067450973353127,0.0607886056120881,0.0529584772417157,0.0446170558248041,0.036368048989386,0.0286955884170128,0.021929601163601,0.0162423515654051,0.0116684929509074,0.00813893536895545,0.005522321237064,0.00364685150506227,0.00236895969149893,0.00150419588063574,0.000862740017503899,0.000702913007978173
"6",0.0751028863010642,0.0418980413847313,0.0453027059322009,0.0532185077591099,0.0605179789957346,0.0671054830252419,0.0720176116982974,0.0746472264587604,0.0747057398331611,0.072190519106031,0.0673730727337402,0.0607457886283787,0.052935879829774,0.0446063902149827,0.0363655466036092,0.028700770054571,0.0219444610407666,0.016269852953535,0.0117105703486226,0.0082004677483127,0.00558884708867438,0.00374922918597202,0.00245442280720701,0.00144199357324881,0.00120600669426603
"7",0.0534456707634307,0.0314905107129597,0.0358975631538977,0.0439309234446131,0.052036373052997,0.0599635190852661,0.0668033162195678,0.0718325752011868,0.0745373498725545,0.0746439058517094,0.0721577295444812,0.0673569163316636,0.0607392081482783,0.0529358883800598,0.0446130768864515,0.0363819091390231,0.0287324959588125,0.021997946466678,0.0163489517555692,0.011823417235754,0.00832075776570646,0.00576715681037378,0.00389253611202047,0.00234152376260935,0.00200877834432936
"8",0.0367258016102507,0.0229087182965191,0.0275126968811709,0.0350562447797753,0.0432175263222305,0.0517293312100601,0.059809744899614,0.0667134075938112,0.0717813027596876,0.0745097665240893,0.0746302670588578,0.0721522123680182,0.0673570145843656,0.0607453718753323,0.0529514024688061,0.0446448816088884,0.0364407584654691,0.0288297805192441,0.0221400739959351,0.0165484199094465,0.0120335272281936,0.00862144596380588,0.00599931973966071,0.00369333260779335,0.00324765072896803
"9",0.024373195761618,0.0161229779946699,0.0203769414261959,0.0270171248950117,0.0346405369899486,0.043053242412619,0.0516542497781383,0.0597678277032992,0.0666904440392871,0.0717696274028054,0.074504881254837,0.0746300974110701,0.0721572032904469,0.0673706303196163,0.0607747492475398,0.0530092510163113,0.0447498082677735,0.0366118812096579,0.029077072211304,0.022481629895894,0.0169038452615035,0.0125247813412305,0.00898475500955005,0.00565786222309284,0.00509538363657302
"10",0.015622967881268,0.0109724448414475,0.0145742434096284,0.0200960713782862,0.0267829402522605,0.0345554444444849,0.0430180990903279,0.0516356120362518,0.0597581866379892,0.0666862480219263,0.0717693297346972,0.0745087930359285,0.0746412484394502,0.0721827657598741,0.0674234014047892,0.0608764112626745,0.0531905860620665,0.0450416249050167,0.0370288536281047,0.0296437302496393,0.0230638524628797,0.0176811323328825,0.013073401983313,0.0084162688074736,0.00775634193733343
"11",0.00967212902240054,0.00721742375266337,0.0100613149360766,0.0144209099802569,0.0199684592089642,0.0267402156834429,0.0345397256094637,0.0430103586448285,0.0516322150727378,0.0597579076197004,0.0666894200240418,0.0717783215434166,0.0745297991505265,0.0746868659617397,0.0722745049276423,0.0675967441872369,0.0611804482493177,0.0536731103482986,0.0457229316406286,0.0379395410315614,0.0305670192888406,0.024254346818113,0.0184795013639375,0.0121543236365202,0.0114524622976376
"12",0.00578315618930285,0.00458678738214523,0.00670169364908986,0.00998063070833652,0.0143536457265624,0.0199476766431904,0.0267336163951303,0.0345370471759713,0.043010195889843,0.0516348428020924,0.0597653042360425,0.0667064628064915,0.0718158112678898,0.0746085855975666,0.0748416951756983,0.072561411809503,0.068091293948571,0.0619539759426435,0.0547516416773487,0.0471403360583128,0.0393564323034637,0.0323310123920625,0.0253720905084749,0.0170369851624652,0.0163976685517954
"13",0.00333928186285349,0.00281532744688564,0.00430584201347234,0.00666076471503342,0.00994637050896206,0.0143439288556509,0.0199453242751391,0.026733529341211,0.0345392430086873,0.0430162795876899,0.0516488267823361,0.0597957230654596,0.0667710887457613,0.071947868696124,0.0748622999915556,0.0753025519415072,0.0733416490307854,0.0692932143812343,0.0636077074192829,0.0568874283919266,0.0492436465991698,0.0418834660857481,0.0338333201790989,0.0231747959832334,0.0227605210911854
"14",0.00186180895209637,0.00166842490438055,0.00266801785847931,0.00428584510837117,0.00664396923598438,0.00994216858634492,0.0143437295962067,0.0199470883956261,0.02673846466754,0.0345506005623957,0.0430410466309214,0.051701080970261,0.0599036333934355,0.0669858597238068,0.0723513304117253,0.0755804090845561,0.0764960526893148,0.0751512434803717,0.0717484923107785,0.0667223144534719,0.059906219256291,0.0527411652908456,0.0438165428997374,0.0305862071130349,0.0306182844240167
"15",0.00100218955387131,0.000954378527980964,0.00159408848982419,0.0026586500678624,0.00427803620398762,0.00664260514633664,0.00994343636868189,0.0143475764989159,0.019956095454288,0.0267582679777944,0.0345926743018567,0.0431277287368219,0.0518755554399946,0.0602422690829715,0.0676080380358682,0.0734362004405126,0.0773497416154294,0.0791349811372351,0.0786796539433395,0.0761424337451093,0.0709093033451918,0.0645793572845546,0.0551136932201226,0.0391631252891617,0.0399099200922814
"16",0.000520750819153781,0.000526823871658219,0.000918301907395732,0.00158995732957634,0.00265540956314074,0.00427835805275935,0.00664540843251187,0.00995027126560604,0.0143629167307521,0.0199891208387955,0.0268270719950842,0.0347314812539224,0.0434005878823834,0.0523926493772162,0.0611718841722514,0.0691959814919217,0.0759769112115026,0.0810755423341056,0.0840409005135048,0.084673791795714,0.0817513940260401,0.0769323472495448,0.0673428847425824,0.0486494827366425,0.0503997704062282
"17",0.000261161945929633,0.000280582449903011,0.000510030693685444,0.000916719998814713,0.00158912132150923,0.00265708253136199,0.00428323286331468,0.0066567182734658,0.0099752000213038,0.0144157691788616,0.0200973752513647,0.0270413512271058,0.0351436245685341,0.0441642697923046,0.0537369499739061,0.0634219524599602,0.072727611917529,0.08106706039096,0.0876723368975765,0.0919448683290736,0.0919276932887221,0.0892344070429163,0.0799657627117652,0.0586430743151566,0.0616660425549694
"18",0.000126401332147336,0.000144174051152328,0.000273158500533392,0.000509740745924129,0.00091733967678615,0.00159226583746437,0.00266490578704733,0.00430104567609944,0.00669549175469793,0.0100563272070662,0.0145794235705097,0.0204157716445277,0.027641672311229,0.0362329058875348,0.0460434581566909,0.0568204576186194,0.068170403273795,0.0794530610511689,0.0896420913928165,0.0977433010692997,0.100998633226156,0.100884921689601,0.092338981021736,0.0686278252951627,0.0731262422222281
"19",5.90512789016989e-05,7.1500695166667e-05,0.000141172119795642,0.000273630017753457,0.000511502779579534,0.000922335118095084,0.00160416145981268,0.0026916820105315,0.00435871719507961,0.00681474735680003,0.0102936321017179,0.0150339903186274,0.0212575037347836,0.0291397736084683,0.0387687279797408,0.0501257414808711,0.0629910816819681,0.0767595000899383,0.0902246360404736,0.102039808337247,0.108648703143959,0.111328279963634,0.103796860583336,0.0780377684325053,0.0841054924712091
"20",2.66566874792561e-05,3.42812931577137e-05,7.05682523299352e-05,0.000142227105357009,0.000276535344504172,0.000518855734257046,0.000939546636624297,0.00164255256308957,0.00277360018454628,0.00452633653697356,0.00714425036749825,0.0109161004040604,0.0161681183850505,0.0232408728829518,0.0324383457547064,0.0439840934986378,0.0578697092218411,0.0735886998577655,0.089833179873883,0.104972584813814,0.114722350845986,0.12013338476579,0.113752099073738,0.0863441351936567,0.0939409147222963
"21",1.16743423408656e-05,1.59792853918323e-05,3.43581328489018e-05,7.21880477631602e-05,0.000146412211185101,0.000286775318701677,0.000542586354244685,0.000992052757553994,0.00175363616326477,0.00299873490580987,0.00496407874640569,0.00796096744484115,0.0123827695888581,0.0186927911558485,0.0273725510975643,0.0388627198904376,0.0533647539001892,0.0705007031281884,0.0889239489336888,0.106797255463868,0.119229341424156,0.127054943635321,0.121792149558026,0.0931465572800346,0.102100071233463
"22",5.13208722921089e-06,7.51553284322886e-06,1.69488035906836e-05,3.7292141969106e-05,7.92683351372652e-05,0.000162832991159271,0.000323316335794264,0.000620659169527759,0.00115217400589112,0.00206906534199475,0.00359588769812986,0.00605017400689548,0.00986279775017385,0.015577070332208,0.0238005706627231,0.0351387780771999,0.049963772160558,0.0680173225672198,0.0879517241932883,0.107798041247278,0.122223631842895,0.131891233692197,0.127536453536012,0.0980615486922019,0.108056788795879
"23",2.26167481738469e-06,3.58194618248895e-06,8.53856759755533e-06,1.98248489277746e-05,4.44750448682577e-05,9.6407448507225e-05,0.000201890281148517,0.000408355642152823,0.000797626504680112,0.00150455374341639,0.00274103335678008,0.00482305502186513,0.00820111480958239,0.0134692301219681,0.0213219955362233,0.0324857297150902,0.0474648623181045,0.0661031528220113,0.0870700057115535,0.108315523005955,0.124192455965174,0.135232167267891,0.13158746281019,0.101563455061573,0.112341240773735
"24",1.12133931136427e-06,1.9402119078115e-06,4.91210920044247e-06,1.20658406502951e-05,2.85719780949709e-05,6.52030878880163e-05,0.000143332140589866,0.000303370806753289,0.000618056122685591,0.00121205712059424,0.00228841776112843,0.00415987580446057,0.00728543036313515,0.0122858861827726,0.0199050889995852,0.030940853636778,0.0459789748147344,0.0649295725903797,0.0864796989126185,0.1085380358323,0.125274106260437,0.137139274196684,0.133935433708719,0.103608371755204,0.114860348423384
"25",7.19613776707973e-07,1.33944947671117e-06,3.55192131713511e-06,9.0901249181471e-06,2.2342835371725e-05,5.27341719270885e-05,0.00011948739658774,0.00025985329805392,0.000542362766498511,0.00108680168029401,0.0020917011799427,0.00386760659457669,0.0068765724396243,0.011750948995958,0.0192569001715353,0.0302256236697065,0.0452818489063784,0.0643685436248662,0.0861833203070676,0.108617508925518,0.125755809048606,0.138011523953711,0.135020365909072,0.104557966301405,0.116035476713807
