"","X0","X1","X2","X3","X4","X5","X6","X7","X8","X9","X10","X11","X12","X13","X14","X15","X16","X17","X18","X19","X20","X21","X22","X23","X24"
"1",0.159235286713929,0.108513773148739,0.100081923704054,0.0892951377871058,0.0866105279531034,0.0774800467971449,0.0694561107588086,0.0615829173981051,0.0533439933045534,0.0450716735440888,0.0371239609765952,0.029766936383514,0.0232318452683837,0.0176498647619898,0.0130544650230986,0.009402247402768,0.00659582536016875,0.0045081228613944,0.00300304295503839,0.0019505997636939,0.00123673618969749,0.000767003135839667,0.000473538587112915,0.000302534073006276,0.000261886148061216
"2",0.146166410400517,0.100487244383539,0.0939675328023493,0.0854154212925538,0.0842394525903528,0.0770146517544604,0.0705268525160971,0.0638309894645873,0.0564358584084371,0.048664356437858,0.0408977183044651,0.0334567143916215,0.0266387720959329,0.0206460812629615,0.0155783616463534,0.0114466111010094,0.00819279919945128,0.00571395489326894,0.00388482475683446,0.00257618046388039,0.0016683190381306,0.00105746035111833,0.000668521734249424,0.000435987449657147,0.000388923260307376
"3",0.126170440858132,0.0880772278404169,0.0843201619217535,0.0790388352028391,0.0800744928847132,0.0757302892426753,0.0716313954859942,0.0668413184652802,0.0608876787590776,0.0540544726413534,0.046733617207794,0.0393087672611942,0.032165135481065,0.0256082158593571,0.0198409648939615,0.014964640982538,0.010991130214015,0.0078644445076578,0.00548477131369422,0.0037307341950186,0.00247841152628334,0.00161194026845684,0.0010474267133439,0.000699092846047554,0.00064439342733049
"4",0.103845588445731,0.0739776298287477,0.0729926116399148,0.0710708125555103,0.0743733864968091,0.0731541911584385,0.0717706185802403,0.0692868474330247,0.0652191818490254,0.0597647382360532,0.0532800884860503,0.0461766836142855,0.0389072955630129,0.0318771444443204,0.0254032254921526,0.0196976876387953,0.0148675244008189,0.0109287025209079,0.00782813349103671,0.0054680283949517,0.00373040286563096,0.00249196589331511,0.00166577963872729,0.00113809747510769,0.00108363385738497
"5",0.0825202166266081,0.06019319477804,0.0614453186633,0.0623351584023202,0.0675082313888995,0.0691135561917261,0.0703417243716879,0.0702561307663428,0.0683297369148278,0.0646261821559295,0.0594078300720433,0.0530535325427914,0.0460332619556523,0.0388178559456183,0.0318229112236888,0.0253731959308705,0.0196853548671885,0.0148691184704923,0.0109418725093366,0.00785101424663303,0.0055020332229828,0.0037759535542905,0.00259700751802744,0.00181567591874763,0.00178393176194772
"6",0.0635407015596531,0.0475843793410915,0.0503753977671766,0.0533112778569404,0.0597825989892517,0.0636644443179189,0.0671672964193056,0.0693668605448033,0.0696768523157835,0.0679978063452423,0.0644463404361315,0.0593042857058006,0.0529954812603424,0.0460034246445322,0.0388064464829426,0.0318255610554462,0.0253884242349453,0.019713067197876,0.014909313433519,0.0109937015043246,0.00791781267994981,0.00558455576603976,0.00395293711128721,0.00282728057812267,0.00286375245156615
"7",0.0474585392473838,0.0365693664663867,0.0402139294318604,0.0444065338149821,0.0515618749858632,0.0570604678637197,0.0623506238749586,0.066548474191904,0.0690161596463612,0.0694879662601027,0.0679044070373405,0.0643972726081571,0.0592811698891247,0.0529895108770888,0.0460110772110366,0.0388280070034437,0.0318631721890857,0.0254445689479395,0.0197889491446577,0.0150036185456486,0.0111108885975366,0.00805741651659191,0.0058711611523387,0.00429464515903911,0.00448019933744127
"8",0.0343922828047632,0.027320351530389,0.0312388895115543,0.0359847019959534,0.0432532246301216,0.0496897019574761,0.0561956499959057,0.0619651557370746,0.0663386194245444,0.0689094343323459,0.069440403463675,0.0678831999506264,0.0643927763694459,0.0592906620743702,0.0530144100852547,0.046055886250054,0.0388985595013837,0.031964612117286,0.0255788483264335,0.0199528697804663,0.0152018584648888,0.0113394572923447,0.00850759328618112,0.00636223528556252,0.00682861583189178
"9",0.0241826998206297,0.0198368713059524,0.0235989521527162,0.0283410070199841,0.0352523283786595,0.0420022376299144,0.0491349883425673,0.0559606012909802,0.0618417836862589,0.0662797545997098,0.0688874257696721,0.0694357138275425,0.0678926085486648,0.064418676276353,0.0593394667218395,0.0530956537423186,0.0461801738727232,0.0390743738503615,0.0321941523918869,0.0258547877369671,0.0202781732096796,0.0155649470264843,0.0120254695616163,0.00919006556014713,0.0101370876763646
"10",0.0164976687931107,0.0139945622760996,0.017326403911427,0.0216773852988423,0.0278930555321959,0.0344402820294351,0.0416558610220546,0.0489950674089391,0.0558899582781898,0.0618112933731666,0.0662734104783291,0.0688954591877018,0.0694603909937911,0.0679417714758842,0.0645050351948199,0.0594795336150621,0.0533067568791787,0.046475156074192,0.0394546801486929,0.0326445461972608,0.0263726956402053,0.0208376137091066,0.0165785653783053,0.0129405670945104,0.0146522800094922
"11",0.0109187949378497,0.00959007655959206,0.0123570608377803,0.0160928663626174,0.0214136809720856,0.0273811780525156,0.0342300674084885,0.0415750540842972,0.0489566510257817,0.0558773255961034,0.061816909338202,0.0662952936694385,0.0689416621718699,0.0695457514850785,0.0680878247057412,0.0647383545170616,0.0598269396050865,0.0537865871920582,0.0470860911173935,0.0401674343760122,0.0334442439960967,0.0272082684342609,0.0222886793256514,0.0177587610645832,0.0206144431643474
"12",0.00700992415926796,0.00638178491317247,0.00855692805259875,0.0115903033995194,0.0159436793603262,0.0211005800864915,0.0272576106196028,0.0341856126637107,0.0415569774700085,0.048957095212925,0.0558954529313265,0.0618579331023547,0.0663745126087445,0.0690836716355464,0.0697847161350214,0.0684646280691082,0.0652927969627933,0.0605837642256866,0.0547380363458049,0.0481793753409218,0.0413644693401518,0.0346531863470747,0.0292191960138494,0.0237465107671985,0.0282212542367871
"13",0.00436502870656135,0.004122943768193,0.00575111499191945,0.00809541593246261,0.0115094473142104,0.0157581591762673,0.0210308881845951,0.0272357493996548,0.0341817199120414,0.0415697421578105,0.0489918530615349,0.0559652985485332,0.0619880205081722,0.0666032158166624,0.0694629031418887,0.070375030737591,0.0693227688844648,0.066450086279328,0.062019872357267,0.0563629011163924,0.0499154635619868,0.0430575847901623,0.0373483121242567,0.0309335067287728,0.0375829727992642
"14",0.00263599545570017,0.00258532655222161,0.00375043970193413,0.00548220299567863,0.00805376169763984,0.0114034620214218,0.0157215576092441,0.0210239747055059,0.0272439101925595,0.0342093108712427,0.0416288651146108,0.0491053709322217,0.0561719864834716,0.062345318437534,0.0671871430972182,0.0703599225860994,0.0716627981860715,0.0710379142152078,0.0685502513436223,0.0643588049501454,0.0588011716136989,0.0522087896650297,0.0465470568882717,0.0392496830497855,0.0486749816338564
"15",0.00154361249933447,0.00157317676439886,0.0023724844341327,0.00359891147367209,0.00546229636724761,0.00799621454982706,0.0113875235873444,0.0157261716481481,0.0210451546778518,0.0272919014540462,0.0343045816333523,0.0418070567209935,0.049423759181449,0.0567135104013414,0.0632174198885135,0.0685087972574737,0.072232939237586,0.0741255396338097,0.0740124601381158,0.0718097280824288,0.0676730905427265,0.0618028022621464,0.0565680533096945,0.048505432160224,0.0612973820941352
"16",0.000876460124619414,0.000928816042788607,0.00145563704003676,0.00229018204690957,0.00359089058978897,0.00543399800677213,0.00799422864592534,0.0114032810470906,0.0157639630917697,0.0211222494938466,0.0274396289461513,0.034575365105594,0.042282493186183,0.0502195312922943,0.0579761836762243,0.065104636465217,0.0711480678060862,0.0756576203784491,0.0782041651462404,0.0784080724992656,0.0761674174184141,0.0714659793982172,0.0670506203354102,0.0583866771604006,0.0750538350562984
"17",0.000482531257851159,0.000532064446526094,0.000866265330358034,0.00141298842375014,0.00228889800579582,0.00358070922678464,0.00544311327174427,0.00802302032726487,0.0114636139300348,0.0158819929236604,0.0213433885193508,0.0278378313601238,0.0352629357777496,0.0434153062704169,0.0519904854433523,0.0605862199048547,0.0687057798251717,0.0757581758574911,0.0810696102853708,0.083938203714701,0.0839476629788526,0.0807906957324871,0.0775459189776009,0.0684708464158687,0.0893617417928314
"18",0.000257644607134498,0.000295815713605866,0.000500278880970084,0.000845877414329549,0.00141609365003755,0.00229096210174318,0.00360063879394343,0.00548854088716172,0.0081138069539271,0.0116371705673788,0.0162014895675754,0.0219093833321381,0.0287996716659187,0.0368234558271068,0.0458193415556849,0.0554842225143357,0.0653414350653079,0.0747105977041665,0.0827051662159491,0.0883030653636915,0.0907447440174094,0.0893806092769358,0.0875621256323243,0.0782663795634668,0.103501483127751
"19",0.000133544387665441,0.000159824153457194,0.000280835187112332,0.000492386916646159,0.00085260761718897,0.00142781511897755,0.00232302170611903,0.0036674236033962,0.00561899008353318,0.00835915402511827,0.0120820418270216,0.0169778167467334,0.0232089863303841,0.030877360270836,0.0399788388005279,0.0503421674980617,0.0615574257658531,0.0729064411879517,0.083334959293127,0.0915285565172252,0.0963868580574358,0.0968989076172234,0.096625419088306,0.0872736710790093,0.116704947121083
"20",6.73927038981402e-05,8.4226093422944e-05,0.000153940731111926,0.000280235942375648,0.000502795237124684,0.000873289559530502,0.00147411780096303,0.00241624591782992,0.00384688215824979,0.0059520916702791,0.00895512242087113,0.0131078542462415,0.018671307971533,0.025879128952739,0.0348776826855188,0.0456369651621211,0.0578404426422207,0.0707730594827119,0.0832612233766902,0.093744645584444,0.100813502898031,0.103111118623744,0.104347087627122,0.0950583766592076,0.128271263852012
"21",3.33923815808978e-05,4.37358298213771e-05,8.33686057709878e-05,0.000158021465393342,0.000294711634456252,0.000532653182246458,0.000936034265823014,0.00159833096644088,0.00265269532475933,0.00428081731452196,0.00671927002540529,0.0102593189698598,0.015233664269136,0.0219804175660323,0.03077405620182,0.04171468762012,0.0545845835470931,0.0686967053196681,0.0828014717934801,0.0951485165060615,0.10407140554018,0.107913617220385,0.110482394740329,0.101321303096059,0.137684826613551
"22",1.69363278410216e-05,2.33753277853933e-05,4.66561320221315e-05,9.24167468743291e-05,0.000179782478968951,0.00033912531287237,0.000621882055473456,0.00110798320660904,0.00191809536094737,0.00322673073630835,0.00527453027064466,0.00837489298872856,0.0129066748384539,0.0192804329872483,0.0278646199425407,0.0388602263880866,0.0521327180969417,0.067029624612202,0.0822594476365375,0.0959420477764705,0.10622501600202,0.111226583544409,0.114811125386321,0.105784352158164,0.144454723685523
"23",8.89746027112018e-06,1.30438863806443e-05,2.74033421781196e-05,5.69568442075555e-05,0.000115936531625266,0.000228687852198985,0.000437932443302436,0.000813648533935867,0.00146648114343894,0.00256364684523064,0.00434543983195953,0.00713709590383506,0.0113465635904074,0.0174335588616386,0.0258336304901293,0.0368232272722698,0.050334013576124,0.0657470801636136,0.0817496071170747,0.0963744331487009,0.107637010434417,0.113490171738715,0.117830719796746,0.108925779052614,0.149259034138979
"24",5.38789061263633e-06,8.38893874519966e-06,1.8494669518885e-05,4.0148187430298e-05,8.50078173413587e-05,0.000174052262164785,0.000345096591339692,0.000662255510924031,0.0012299525048186,0.00221034485024614,0.00384226445230722,0.006456258911327,0.010475638348956,0.0163876582546018,0.0246668895401568,0.0356351000633855,0.0492653134602268,0.0649618748932534,0.0814031486002828,0.0965736072709414,0.108411911809966,0.114772434046982,0.119567541769264,0.110744458296038,0.152056771059164
"25",4.05701597731793e-06,6.58198118305548e-06,1.49690930862581e-05,3.33802184301491e-05,7.23605142246748e-05,0.000151377854402921,0.000306029489603325,0.000597705368139689,0.00112784712518031,0.00205604216489847,0.00362008013297575,0.00615249848151123,0.010083238983883,0.0159119639270803,0.0241312735025209,0.0350843135299912,0.048764096651501,0.0645868630534775,0.0812280020375249,0.096650308459641,0.108756941362324,0.115356014982045,0.120366116739581,0.111584269031141,0.153353668299672
