"","X0","X1","X2","X3","X4","X5","X6","X7","X8","X9","X10","X11","X12","X13","X14","X15","X16","X17","X18","X19","X20","X21","X22","X23","X24"
"1",0.0750612076245987,0.106649426147638,0.129407357826278,0.140049772493668,0.135600387765312,0.11892803410748,0.0956778354452605,0.0714169540059722,0.0499122339094536,0.0328181660147224,0.0203146509804274,0.0118064257234057,0.00641948228123398,0.00325796470171986,0.00154286456630207,0.000682930539115306,0.000283344883978354,0.000110448761154397,4.04497945643677e-05,1.38721389599224e-05,4.4271870821683e-06,1.30404930188718e-06,3.51105129697155e-07,8.56686387085273e-08,2.22786010864085e-08
"2",0.0552975226499873,0.0834597203492374,0.110070954588482,0.129335924499217,0.13494565824721,0.126332711210081,0.107541366419412,0.0843873354158298,0.0617694975170642,0.0425165595163944,0.0276094564946996,0.016899531460026,0.00972359547378748,0.00524718269236277,0.00265422081962142,0.001260240584546,0.000563142324522753,0.000237416163242036,9.44850283254731e-05,3.53979022428885e-05,1.2408026717745e-05,4.03582373393927e-06,1.20696414125601e-06,3.302060326579e-07,9.96230821288835e-08
"3",0.0318624288143248,0.0532649767225676,0.080494930261578,0.107921125423326,0.12675043015305,0.131557450479374,0.122379723616377,0.103603198434487,0.0809783952138927,0.059128759648665,0.0406402503343721,0.0263631958842751,0.0161237960662224,0.00927380493276994,0.00500584040349396,0.00253481382732138,0.00120573187612689,0.000540073853609989,0.000228292472486721,9.10840489957881e-05,3.41964818862831e-05,1.20059554325246e-05,3.91040036768462e-06,1.17920007078574e-06,4.05494924855263e-07
"4",0.0147222144575835,0.0280962498870261,0.0500900145246137,0.0787138625251933,0.106757066286568,0.125780182158137,0.130626715508535,0.121524706090431,0.102897988222632,0.0804565824674457,0.0587761476772427,0.0404168423712263,0.0262298172077619,0.0160493779277067,0.00923542217967933,0.00498769349050725,0.0025269820288784,0.00120264533579673,0.000538956922907095,0.000227917819550921,9.09661984768407e-05,3.41618640822736e-05,1.20027846623416e-05,3.95193453003929e-06,1.53212882488347e-06
"5",0.00567086836127139,0.0125527100674478,0.0265899642842008,0.0493604114750164,0.0783498418989464,0.106532215193152,0.12559751802017,0.130471021928557,0.121401748213573,0.102810901357354,0.0804007446260672,0.058742499537592,0.0403975816457075,0.0262194379768826,0.0160441908994784,0.00923305098996817,0.00498671207562121,0.00252661691502546,0.00120252367153058,0.000538920679672586,0.000227908208633279,9.09662203207107e-05,3.41895733709892e-05,1.2181913113915e-05,5.27426732561921e-06
"6",0.00185213960387823,0.00479177256163295,0.0120312387277762,0.0263673258390269,0.0492697940043952,0.0783070312071559,0.106502966429824,0.125574723500713,0.130453907332284,0.121390244183293,0.102804019805448,0.0803968755269336,0.0587404062514834,0.0403964973246066,0.0262189095494087,0.0160439530840646,0.00923295363609689,0.0049866762651294,0.00252660516401748,0.00120252026734273,0.000538920051422378,0.000227917098867551,9.10694083725388e-05,3.48386330869852e-05,1.66945437392315e-05
"7",0.000517778434845081,0.0015703424817965,0.00464749820727773,0.0119764146257716,0.026348510507409,0.0492628724150959,0.0783030573395283,0.106500203975966,0.125572786281295,0.130452695057505,0.121389593005915,0.102803696787747,0.0803967202884692,0.0587403329423288,0.0403964636819738,0.0262188948878385,0.0160439471614942,0.00923295146924915,0.00498667556212743,0.00252660507334958,0.00120252175640468,0.000538953797406357,0.000228264174198933,9.32129570101991e-05,4.90071279957425e-05
"8",0.000124493008700737,0.000443091585737129,0.00153723263797684,0.004636242451816,0.0119730944562742,0.0263475523965939,0.0492623968108237,0.0783027641482183,0.106500012814902,0.125572674571656,0.130452641593961,0.121389570431638,0.102803687860767,0.0803967168334049,0.0587403315942527,0.0403964631500784,0.0262188946816902,0.0160439470884692,0.00923295149347375,0.00498667629216898,0.00252661322134303,0.00120264179678712,0.000540047951598742,0.000234812070706627,0.000134449056959737
"9",2.57817902651758e-05,0.00010780382568565,0.000436679636846772,0.00153527377166755,0.00463573774576804,0.0119729825265626,0.0263475037163418,0.0492623707136886,0.0783027484584916,0.106500004084817,0.125572670722256,0.130452640155917,0.121389569957952,0.102803687719967,0.0803967167938142,0.0587403315825662,0.0403964631461327,0.0262188946883145,0.0160439473608243,0.00923295530384922,0.00498671302559863,0.00252701792766456,0.00120589537275668,0.000558708803237195,0.000346901169014192
"10",4.59308410779678e-06,2.26153090419438e-05,0.000106751903570881,0.000436390135214642,0.00153520732139464,0.00463572679292622,0.0119729783733631,0.0263475018952733,0.0492623697495311,0.07830274794188,0.106500003868706,0.125572670646808,0.130452640133432,0.121389569952361,0.102803687718855,0.0803967167936305,0.0587403315825264,0.0403964631866124,0.0262188959352734,0.0160439636602081,0.00923309782466944,0.00498798838891835,0.00253612879504165,0.0012557716144945,0.000845187392158779
"11",7.00953634978657e-07,4.08272817723464e-06,2.24696369084619e-05,0.000106715866613314,0.000436382605744133,0.00153520643123155,0.00463572649630479,0.0119729782750913,0.0263475018545304,0.0492623697284983,0.0783027479334262,0.106500003865871,0.125572670646003,0.130452640133248,0.121389569952331,0.102803687718853,0.0803967167936392,0.0587403317456815,0.040396467898374,0.0262189547497431,0.0160444454576096,0.00923682427098498,0.00501198304203531,0.00266164049874347,0.00194718071672215
"12",9.09155154594333e-08,6.314198121279e-07,4.06586616173175e-06,2.24659206128638e-05,0.00010671514563457,0.00043638254732344,0.00153520641351935,0.00463572649198818,0.0119729782739865,0.0263475018539855,0.0492623697282872,0.0783027479333574,0.106500003865852,0.125572670645999,0.130452640133247,0.121389569952331,0.102803687718972,0.0803967173376463,0.0587403468826487,0.040396651609112,0.0262204003570976,0.0160545495835961,0.00929635451686655,0.00531015217009562,0.00423937271635023
"13",9.8973288298305e-09,8.29927619950967e-08,6.29815490280343e-07,4.06555661669616e-06,2.24658638806535e-05,0.000106715142697784,0.000436382546477546,0.00153520641335567,0.00463572649197061,0.0119729782739785,0.0263475018539826,0.0492623697282862,0.0783027479333572,0.106500003865852,0.125572670645999,0.130452640133259,0.121389569953493,0.102803689301792,0.0803967603698262,0.0587408611017704,0.0404006012146501,0.0262460500833931,0.016194315407626,0.00996605733067119,0.00870989808148252
"14",8.88253174622779e-10,9.15531579673089e-09,8.287031430504e-08,6.29795375712169e-07,4.06555307934164e-06,2.24658637752284e-05,0.000106715142668045,0.000436382546472397,0.00153520641335553,0.00463572649197056,0.0119729782739784,0.0263475018539825,0.0492623697282862,0.0783027479333572,0.106500003865852,0.125572670646117,0.130452640141489,0.121389574208291,0.102803802315067,0.0803980955843803,0.0587509295976572,0.0404621777437885,0.0265578827939713,0.0176165293506833,0.0168688112425178
"15",6.4167220407574e-11,8.32493869964805e-10,9.14805360103426e-09,8.28693388204487e-08,6.29795208773544e-07,4.06555307685794e-06,2.24658637745322e-05,0.000106715142667929,0.000436382546472397,0.00153520641335553,0.00463572649197056,0.0119729782739784,0.0263475018539825,0.0492623697282865,0.0783027479333697,0.106500003866816,0.125572670691988,0.130452651144288,0.121389856472458,0.102807087145129,0.0804223620587791,0.0588913672412162,0.041124344380017,0.029411975366253,0.0308007991228582
"16",3.61965594026717e-12,6.09083476781087e-11,8.32172166409425e-10,9.14802019370055e-09,8.28693331930937e-08,6.29795208739649e-07,4.06555307684845e-06,2.24658637745306e-05,0.000106715142667929,0.000436382546472397,0.00153520641335553,0.00463572649197056,0.0119729782739784,0.0263475018539873,0.0492623697285061,0.0783027479409571,0.106500004091209,0.125572698137828,0.130453320253131,0.121397482640978,0.102862113453697,0.0807249967860521,0.0602249369573414,0.0465308064239265,0.0531067587378268
"17",1.5349042776881e-13,3.47716713313904e-12,6.08982227150052e-11,8.32171415520582e-10,9.14802006819905e-09,8.28693331928923e-08,6.29795208739593e-07,4.06555307684844e-06,2.24658637745306e-05,0.000106715142667929,0.000436382546472397,0.00153520641335553,0.00463572649197056,0.0119729782740174,0.0263475018557875,0.049262369775475,0.0783027489205711,0.106500069173779,0.125574176838466,0.130469752551433,0.12151327690352,0.103471741101999,0.0832564248607688,0.0698876317707341,0.0867000432528677
"18",4.6578696858977e-15,1.49055197277349e-13,3.47695596090765e-12,6.08982128861797e-11,8.32171413882444e-10,9.14802006819905e-09,8.28693331928923e-08,6.29795208739593e-07,4.06555307684844e-06,2.24658637745306e-05,0.000106715142667929,0.000436382546472397,0.00153520641335553,0.00463572649217485,0.0119729782834491,0.0263475020776104,0.0492623735913222,0.0783028965537695,0.106503102681094,0.125606821426275,0.130694522800323,0.12265500326441,0.107984799925773,0.0995673481991638,0.134361366476024
"19",9.43327103145958e-17,4.56619558758935e-15,1.49052604457851e-13,3.47695590451407e-12,6.08982128767808e-11,8.32171413882444e-10,9.14802006819905e-09,8.28693331928923e-08,6.29795208739593e-07,4.06555307684844e-06,2.24658637745306e-05,0.000106715142667929,0.000436382546472397,0.00153520641404775,0.00463572652413215,0.0119729790145773,0.0263475138723092,0.0492626873338406,0.0783086345888495,0.106562583875823,0.126007730983027,0.132676379792952,0.130199153020284,0.134039496451644,0.197881556313258
"20",1.1316366423569e-18,9.32151720668927e-17,4.5661814891947e-15,1.49052604457851e-13,3.47695590451407e-12,6.08982128767808e-11,8.32171413882444e-10,9.14802006819905e-09,8.28693331928923e-08,6.29795208739593e-07,4.06555307684844e-06,2.24658637746431e-05,0.000106715142674254,0.000436382548369025,0.00153520649665514,0.0046357283819306,0.0119730085629896,0.0263481267715397,0.0492726529275253,0.078407950583049,0.107220370760291,0.129202066505446,0.144525905950203,0.169682178241231,0.276626453001982
"21",6.04216913735785e-21,1.12559447321954e-18,9.32151720668927e-17,4.5661814891947e-15,1.49052604457851e-13,3.47695590451407e-12,6.08982128767808e-11,8.32171413882444e-10,9.14802006819905e-09,8.28693331928923e-08,6.29795209077121e-07,4.0655531006212e-06,2.24658645389792e-05,0.000106715161865932,0.000436382944508766,0.00153521291343893,0.00463581321873858,0.0119742586053346,0.0263648948413117,0.0494287994840457,0.0794170086927123,0.112047961030465,0.146779717414966,0.20134489920101,0.365901082364699
"22",0,6.04216913735785e-21,1.12559447321954e-18,9.32151720668927e-17,4.5661814891947e-15,1.49058042410075e-13,3.47764266240655e-12,6.09358437625242e-11,8.33374650924105e-10,9.17359347143436e-09,8.32588997823556e-08,6.34264395610229e-07,4.10553560377979e-06,2.27519582282889e-05,0.000108382881562841,0.000444406323744392,0.00156736839719972,0.00474447235876025,0.0122952629056887,0.0272694257056317,0.0521325933145317,0.0880699550191803,0.138332374933091,0.223977086397388,0.451031086674557
"23",0,0,6.04216913735785e-21,1.12559447321954e-18,9.32151720668927e-17,4.56654401934294e-15,1.49103826269573e-13,3.48015138812278e-12,6.10160595653016e-11,8.35079544473126e-10,9.19956458752442e-09,8.35568462641788e-08,6.36929918737764e-07,4.12462983608036e-06,2.28641091139648e-05,0.000108939236352664,0.000446867483231074,0.00157844731041371,0.00480551031065684,0.0126751030900808,0.029379957055369,0.0615743280595848,0.120792810554064,0.236936098968885,0.531674218606351
"24",0,0,0,6.04216913735785e-21,1.12559447321954e-18,9.34024793101508e-17,4.59019901341726e-15,1.50400001222958e-13,3.52159621955777e-12,6.18969212322956e-11,8.48497949196302e-10,9.35350672067625e-09,8.49342173955811e-08,6.46838406076908e-07,4.18441988093808e-06,2.31907862601939e-05,0.000110753624629971,0.000458204078930462,0.0016572628076857,0.00532658864256353,0.0155365279045419,0.0418361658413342,0.103426570365686,0.241229250385564,0.590390559102721
"25",0,0,0,0,6.04216913735785e-21,1.13767881149426e-18,9.4928607960107e-17,4.67382320395819e-15,1.53073861315538e-13,3.57842600452513e-12,6.27730880970736e-11,8.5916642768068e-10,9.46605106015381e-09,8.61286439477163e-08,6.61149945757374e-07,4.35779218752841e-06,2.50133110660421e-05,0.000126717632752809,0.000577413276738638,0.00240843504756998,0.00918774452179167,0.0313996399482418,0.0925809278160892,0.241511310180051,0.622177682803195
