"","X0","X1","X2","X3","X4","X5","X6","X7","X8","X9","X10","X11","X12","X13","X14","X15","X16","X17","X18","X19","X20","X21","X22","X23","X24"
"1",0.292924076828615,0.166777462446567,0.112198847258546,0.0791449033479771,0.0628660594105284,0.0531151295483502,0.0455604180465102,0.0388086019020015,0.0325809687595437,0.0268897088050731,0.0217920399496099,0.0173299254115592,0.0135169954257534,0.0103377645928358,0.0077515725186579,0.00569897885636356,0.00410909301532138,0.00290657673816558,0.00201753864423382,0.00137412403906105,0.000917687090916881,0.000600054244278873,0.000383808300071589,0.000237062973377649,0.000160601846073168
"2",0.278950878240913,0.159814693617689,0.10884712471774,0.0782225563358266,0.0633486437957058,0.0544817965634362,0.0475107051364328,0.041122638857167,0.0350734616489484,0.0294041855056828,0.0242039648087726,0.0195487812639672,0.0154854173735228,0.0120280354389501,0.00916032777582244,0.0068410446393671,0.00501127548982807,0.00360202627330257,0.00254112155317245,0.00175910879136085,0.00119383952925027,0.000792820767671314,0.000514409349570679,0.000321516038705179,0.000219626487185581
"3",0.256713997429096,0.148640575458918,0.103334910592266,0.0765219009982588,0.0638661105601174,0.0564204835545151,0.0504175234633475,0.0446648231436796,0.0389647728469939,0.033396085540334,0.028091886214723,0.0231774430738443,0.0187497122385434,0.0148695801656315,0.011560735144168,0.00881323427362283,0.00659010510865254,0.00483531285905188,0.00348189354160457,0.00245978388599329,0.0017026610174029,0.00115208911420478,0.00076030036230546,0.000481810599066436,0.000332268813649644
"4",0.230175284840118,0.135116830551072,0.0963966013034889,0.0740188962728575,0.0639688012823452,0.0582412649225568,0.0534666874540743,0.0485816702747226,0.043427995041269,0.0381133208799377,0.0328092295774887,0.0276893117378062,0.022904154134805,0.0185683594745402,0.0147548451159833,0.0114950398531099,0.00878351997955597,0.00658536869373492,0.00484496420743032,0.00349570345709729,0.00246951508009368,0.00170321257899899,0.00114340596122208,0.000734628771225351,0.000511388554456631
"5",0.202450271288241,0.120730254223383,0.0886506902793122,0.0707431445798162,0.0633474142928439,0.0594327097840244,0.0560305299162502,0.0521945649763826,0.0477873027458861,0.0429253492644516,0.0378009007964183,0.0326224003349107,0.0275860811790603,0.0228578527671439,0.0185622755088862,0.014778083281465,0.0115393076658491,0.00884052408273739,0.0066451142047091,0.0048963086166776,0.00352937888852043,0.00248026681459973,0.0016929675052134,0.00110218827464265,0.000774118728566072
"6",0.174972165044225,0.10617094674355,0.0803897807504581,0.0667111994906005,0.0618506699618792,0.0597344143469511,0.057778197310983,0.0551348133108943,0.051666282544258,0.0474747325681348,0.0427498859142653,0.0377149665403234,0.0325967767956782,0.0276034227538556,0.022907927390479,0.0186382141979171,0.0148733061950893,0.0116448120083153,0.00894317277854617,0.00672913000394427,0.00494834359363532,0.00354206083851037,0.00245709311130261,0.00162011458234402,0.00114757122385035
"7",0.1486472513979,0.0919009222512392,0.0718451247350162,0.0619883060853836,0.0594326675548077,0.0590156062410499,0.0585115186441056,0.0571548171070216,0.0547885739989875,0.051478438318321,0.0473876612053423,0.0427309663368202,0.037745713811678,0.0326672719587037,0.0277081067338666,0.0230421070484615,0.0187949411040135,0.0150403366764082,0.0118027871038242,0.00906842495159082,0.00680166023983184,0.00495733993301872,0.00349315221003906,0.00233148972693745,0.00166481462562209
"8",0.12413014656506,0.0782847545014996,0.063241409874179,0.0566942922121228,0.0561338549100468,0.0572440491526582,0.0581288540553786,0.0580908163955623,0.0569415876890871,0.054693335454158,0.0514614828545057,0.0474288310564802,0.0428205555406779,0.0378796595233062,0.0328432514664042,0.0279220138450471,0.0232845881218238,0.0190477397867121,0.0152742771734957,0.0119824427568595,0.00916418133981431,0.00679797175503054,0.00486315771295039,0.00328390314509143,0.00236284311203877
"9",0.101881327104161,0.0656109467350736,0.0547977605232313,0.0509929668175875,0.0520672247641499,0.0544742690345827,0.056618203911783,0.0578618559495657,0.0579807800544213,0.0569241195070832,0.0547437204759166,0.0515699352209075,0.0475929181216423,0.043040847945177,0.0381557738275438,0.0331699416670911,0.0282850344202031,0.02365613372372,0.0193842183123148,0.0155236354185333,0.0121018719934408,0.00913209844418383,0.00662860279048251,0.00452586005255987,0.0032799531846347
"10",0.0821815074293368,0.0540908233191258,0.0467162395787819,0.0450753175087304,0.0474016676285728,0.0508351666391955,0.0540517146810353,0.0564722905768547,0.0578397663233403,0.058039361297689,0.0570513041105064,0.0549385704436483,0.0518361998507051,0.0479347444259331,0.0434583486051859,0.0386403504627117,0.0336991513621347,0.0288168787036014,0.0241267354185447,0.0197188980559015,0.0156622260658831,0.012015626775141,0.00884353793493248,0.0061016870512365,0.00445188575126244
"11",0.0651468369693331,0.0438575941458729,0.0391696638503357,0.0391407464732704,0.0423418739224979,0.0465128225638382,0.0505745499143996,0.0540086698009709,0.0565357962658383,0.057984770434024,0.0582647999473331,0.0573640887089739,0.0553477910835702,0.0523484338454472,0.048548695858324,0.0441590254094759,0.0393926607788629,0.0344408954796977,0.0294566314534268,0.0245601060854583,0.0198638247281949,0.0154821922390933,0.0115459250946719,0.0080449134548136,0.00590669149226614
"12",0.050751839241501,0.0349700683196191,0.0322923071319353,0.0333791831663367,0.0371068612106146,0.0417295663014948,0.0463879432183022,0.050629439523824,0.0541677239114699,0.0567897809487517,0.058342648613142,0.058740709146339,0.0579716326445737,0.0560944428088032,0.0532287874956352,0.0495371644034887,0.0452019977770123,0.0404002192593772,0.0352854589340093,0.029996186039262,0.0246861960127978,0.0195325572464067,0.0147479908485782,0.0103706220708188,0.00765867372589734
"13",0.038858498704486,0.0274210789124811,0.0261747963757944,0.0279562585290809,0.0319097048584276,0.0367217946705674,0.0417283510360123,0.0465484058352014,0.0509061875406935,0.0545659026053799,0.0573279243032164,0.0590416450711248,0.0596175765678107,0.0590324936206176,0.057325958064211,0.0545891362521792,0.0509467645937239,0.0465342189453807,0.0414816554243771,0.0359282477334334,0.0300616272712743,0.0241249927739031,0.0184268804281992,0.0130677451191896,0.00970215476322561
"14",0.0292481832861859,0.0211494632585975,0.0208634805523658,0.023002970464219,0.0269406788577632,0.031719143397175,0.036845263932461,0.0420139975400337,0.0469770856822795,0.0514966899025054,0.0553461695296215,0.0583249887252896,0.0602742588272406,0.0610872464039,0.0607127404092972,0.0591514974428398,0.0564454077541012,0.052660232576822,0.0478754941284191,0.0422092672107579,0.035870826062833,0.0291686167340484,0.0225174000075154,0.0160927168987981,0.0120061804149213
"15",0.0216530049396915,0.0160539979868456,0.0163637992190283,0.0186103933592737,0.0223552376056807,0.0269271414100929,0.0319802035802323,0.0372868265524022,0.0426403365316824,0.0478203669624187,0.052594109443899,0.0567298673176105,0.060012903762097,0.0622587675235802,0.0633220232462074,0.0631002763336925,0.0615319907092873,0.0585876189560767,0.0542690154281123,0.0486494786436827,0.041944257887919,0.0345218036182347,0.0269088913560398,0.0193661650679073,0.0145115225582963
"16",0.0157838032472091,0.012007625089399,0.0126466378360126,0.0148291356455592,0.0182673287717974,0.0225146541749843,0.0273489153214226,0.0326179732151582,0.0381663386799339,0.043807034407177,0.0493202511285875,0.054462686516538,0.0589806526594567,0.0626233115224034,0.0651545407705865,0.0663635009533902,0.066071540266638,0.0641336163834173,0.0604504428007485,0.0550280521741041,0.0480705684738314,0.0399975367125606,0.0314481840381289,0.0227743091237245,0.0171313600872225
"17",0.0113528364556133,0.00887050986912308,0.00965636970640513,0.0116725844484408,0.0147476428895141,0.018606487526954,0.0231279685615683,0.0282299489542274,0.0338125448536827,0.0397329125005412,0.045799397687078,0.0517746569136299,0.0573835267046493,0.0623234165111039,0.0662767969667443,0.0689265778832458,0.0699715725363705,0.0691390763606962,0.066211936977724,0.0611108142980472,0.0540126547966495,0.0453768180485087,0.0359499619007256,0.0261762952959264,0.0197566913528218
"18",0.00809026878835073,0.00650087287574764,0.0073192840675731,0.00912262832252866,0.0118257933274847,0.0152807522477268,0.0194461961284885,0.02430168392052,0.0298023220576072,0.035854350832834,0.0423039592354093,0.0489331765283891,0.0554608728327548,0.061548162394084,0.0668092039737398,0.070829375772371,0.0731880412052645,0.0734821031371745,0.0713688860307898,0.0666726455280449,0.0595305706597909,0.0504298322542287,0.0402145994635893,0.0294176858536165,0.0222667325618832
"19",0.00575440227392692,0.00476297834945369,0.00555127334777678,0.0071364499347207,0.0094950551525901,0.0125699882664253,0.0163806518254759,0.02095813255868,0.0263077044028626,0.032384149122666,0.0390752866913563,0.0461905726538451,0.0534545955884339,0.0605062390115803,0.0669060848396208,0.0721555076787674,0.0757250897911311,0.077088087985659,0.0757786586686233,0.0715222807706923,0.0644091011580653,0.0549430181491008,0.0440520351260504,0.0323490938936573,0.0245435627588306
"20",0.00413638694840874,0.00353220464246801,0.00426409865055531,0.00565330465925888,0.00771845995817292,0.0104650379757354,0.0139566010273138,0.0182648543059557,0.0234374770784557,0.0294728028758176,0.0362987170117269,0.0437546576376567,0.0515779090846102,0.0593962485519487,0.066731067353891,0.0730159646852851,0.0776291112604207,0.0799349702038873,0.0793562116484904,0.0755258918987662,0.0684859070126192,0.0587479990324617,0.0473081081111206,0.0348471784577022,0.0264888299272628
"21",0.0030607553666029,0.00269765288619497,0.00337012283569404,0.00460077828544892,0.00643557118367516,0.00892107575785361,0.0121513322443835,0.0162280656245963,0.0212320986563303,0.0271973955556912,0.0340862955599168,0.0417661110012835,0.0499892323456092,0.0583798434455689,0.0664327114944186,0.0735304744531028,0.0789784763123892,0.0820528171354296,0.0820834740951393,0.078624652021986,0.0716744118141471,0.0617463171856681,0.0498878079380891,0.0368335547562809,0.0280389720444922
"22",0.00240244265506972,0.00217848157887606,0.00280314993702892,0.00392177455634162,0.0055965500641213,0.00789883037135653,0.0109418030417898,0.0148471143458953,0.019718540626426,0.0256155686020579,0.0325260945312617,0.040339160555658,0.0488204733166288,0.0575945418757344,0.0661399040369693,0.0738049736636444,0.0798442172725194,0.083470499773804,0.0839462556305794,0.0807671277190549,0.0738972134652383,0.0638488824938112,0.0517044826353191,0.038236368193762,0.0291355490570441
"23",0.00199744324461792,0.00185435252457365,0.00244309355817868,0.00348411098640376,0.00504925087651636,0.00722483098051264,0.0101360446788351,0.0139176557812027,0.0186891234007032,0.0245278773540637,0.0314403015379486,0.0393317673165717,0.0479788377843185,0.0570079861149594,0.0658880282991091,0.0739446392509585,0.0803971989612999,0.0844140062177324,0.0852091314475424,0.0822356001086712,0.075431950518755,0.0653081698465615,0.0529700466425656,0.0392160551619694,0.029902497405422
"24",0.00178457765933655,0.0016821449538602,0.00224943215393677,0.00324619544285448,0.00474919753557878,0.00685248928723163,0.00968764531709033,0.0133966555825726,0.0181078478525264,0.0239090023456026,0.0308173752446902,0.0387481797967967,0.0474848433168469,0.0566556706984447,0.0657245463066127,0.0740045489897461,0.080695069368293,0.0849386135510794,0.0859209443769012,0.0830698631248068,0.0763084440596399,0.0661446636514214,0.0536974118331089,0.0397801096049511,0.0303445279460636
"25",0.00169233583117715,0.00160698268130489,0.00216421797253457,0.00314077853306867,0.00461550722793574,0.00668576267126265,0.00948590156048836,0.0131611406412936,0.0178438364866491,0.0236265319395329,0.0305315475143483,0.0384787507201701,0.0472549067065341,0.0564893715493378,0.0656439614821394,0.0740261125924281,0.080826087511556,0.0851744908509407,0.086243927160798,0.0834503884340383,0.0767096096774164,0.0665284491168855,0.0540317041469215,0.0400396432275303,0.0305480537637018
