"","X0","X1","X2","X3","X4","X5","X6","X7","X8","X9","X10","X11","X12","X13","X14","X15","X16","X17","X18","X19","X20","X21","X22","X23","X24","X25","X26","X27","X28","X29","X30"
"1",0.14028308552965,0.113650433139081,0.100144539974256,0.0775160127353126,0.0695163865275637,0.0642713156282207,0.0596366584047752,0.0548629926318533,0.0498639152724232,0.0447091647249689,0.0395241658158277,0.034440386631048,0.0295768111950614,0.0250304351347412,0.0208726166561443,0.0171488282929889,0.0138803707781463,0.0110673280803429,0.00869232061761176,0.0067246827933619,0.00512470251610342,0.00384755281404818,0.00284674679874042,0.00207680743417082,0.00149529169123805,0.00106380701633141,0.000748366404063688,0.000523181492676206,0.000360116525070679,0.000235183186463026,0.000265793557689454
"2",0.133217708677492,0.108145486296966,0.0957686570971462,0.0748268917808267,0.0677546337561577,0.0632692229879823,0.0593130190712754,0.0551523387812323,0.0506864885029724,0.0459698804536462,0.0411176478329808,0.0362583767566959,0.0315154377898722,0.0269963040791557,0.0227871478322934,0.0189506662965078,0.0155259933545836,0.0125301585662193,0.0099607420485452,0.00779937550151908,0.00601569732802221,0.00457130973864389,0.0034235130050141,0.00252836536089331,0.00184319796308442,0.00132803047929556,0.000946271667896452,0.000670132277190911,0.00046690416953639,0.000308060626138969,0.000352339920187118
"3",0.124195669039313,0.10109561007939,0.0901195266307733,0.0712854959609386,0.0653600399529603,0.061817753911593,0.0587136544288554,0.05533537838918,0.0515639166175414,0.0474326185537405,0.0430407825675152,0.0385098165041178,0.0339648738823735,0.0295231458471847,0.0252866145728409,0.0213376894394986,0.0177369402702172,0.0145226316721427,0.0117118513648598,0.00930295286989988,0.0072789230409645,0.00561114676213423,0.00426330948145544,0.00319479911678827,0.00236375562035726,0.00172892227219408,0.00125075188648142,0.000899361928763042,0.000635597324742806,0.000424375364103286,0.000492094647053222
"4",0.112308136633862,0.0917804044667641,0.0825971980470481,0.0664804923429241,0.0620167611398132,0.059680549294047,0.0576782787713818,0.0553275302928814,0.0524854550306037,0.0491561477940485,0.0454149612860177,0.0413696274446515,0.0371428724907358,0.0328599525045326,0.0286395005501415,0.0245866599984165,0.0207881577258724,0.0173093407264935,0.0141931846452523,0.0114611297811418,0.00911540631093864,0.00714225719435864,0.00551580785143097,0.00420169083879394,0.0031606533128558,0.00235085141378484,0.0017294131543321,0.0012644677669749,0.000907485159464521,0.00061364667162071,0.000721979358788472
"5",0.0996970714248727,0.0818552869106872,0.0744875359510138,0.0611547836081235,0.0581592855293146,0.0570399376663791,0.0561688074644244,0.0548986262263821,0.0530622204472887,0.0506307342908048,0.0476495826630227,0.0442054750375138,0.0404109504391136,0.0363920557874848,0.0322780328895455,0.0281924632511463,0.0242459269977136,0.0205305255550038,0.0171165329891215,0.0140512345056136,0.0113597400783059,0.00904716761667414,0.00710204960392062,0.00549978724698875,0.00420657362928933,0.00318189325557145,0.00238039549759472,0.00176961453298289,0.00128946924988383,0.000882829433920127,0.0010534102202709
"6",0.0868452576511203,0.0716904486038503,0.0660713106723743,0.0554586881192284,0.053859695969369,0.0539019539176787,0.0541325083928137,0.0539445261483387,0.053148102155863,0.0516796193665253,0.0495496965505767,0.0468168077027151,0.0435746743615567,0.0399411260729533,0.0360476155773036,0.0320291845645637,0.0280152547898404,0.0241218870424111,0.0204460401089965,0.0170621432648555,0.014020968186588,0.0113502311555589,0.00905701291783692,0.00713050100282244,0.00554584285935155,0.00426644285796131,0.0032458524455899,0.002453290692632,0.00181465287709171,0.00125753788179752,0.00152112608980826
"7",0.0744117294735946,0.0617985165779305,0.0577537763063175,0.0496361586828322,0.0492691481247078,0.0503381718050009,0.051566975470626,0.0523939156774183,0.052610578683796,0.0521196688761858,0.0508945110457055,0.0489595110651305,0.0463811771151934,0.0432592117917209,0.0397170022606458,0.0358914811435481,0.0319229190076469,0.0279455020433521,0.0240794606883883,0.0204253369995718,0.0170606260954434,0.0140382950733072,0.0113876554792442,0.00911572783566286,0.00721049535441615,0.00564239617878142,0.00436575194021348,0.00335475725296713,0.00251853487390966,0.0017661548970859,0.00216485217962863
"8",0.0627363273773109,0.0524487529101167,0.0497585389817828,0.0438377445359134,0.0444969823617874,0.0464194858866423,0.0485030404344186,0.0502357141875646,0.0513967527820956,0.0518588641479743,0.0515582708206821,0.0504818133311497,0.0486620534524076,0.0461714446021086,0.0431148758476173,0.0396205675209496,0.0358299118281565,0.0318872053141029,0.0279301933003861,0.0240822637503072,0.0204467888896127,0.0171031896641182,0.014105756896677,0.0114829198161619,0.00923928359173418,0.00735554337870122,0.00578879143495605,0.00452238885543623,0.00344531196050645,0.00244430777341219,0.00303491436518201
"9",0.0520625355951512,0.0438393528356029,0.042261641816637,0.0381988275598962,0.0396580823505375,0.0422390223130652,0.0450069899640723,0.0475037524846018,0.0495038410424568,0.0508560662673257,0.0514626558945171,0.0512723580376661,0.0502796785445707,0.0485226439088367,0.0460782589280921,0.0430554957289401,0.0395862879201234,0.0358154314482636,0.0318903478124556,0.0279517257900081,0.0241257684537616,0.0205176375131055,0.0172078585405206,0.0142487925349741,0.0116648117659563,0.00944972289447914,0.0075651243447012,0.00600848292848763,0.00464433176103989,0.00333261531582408,0.00418985770430194
"10",0.0425302569634839,0.0360905840971984,0.0353834352641505,0.0328307313763145,0.0348633731589078,0.0379029124656403,0.0411726702760446,0.0442712189128684,0.0469767501226272,0.0491221609420793,0.0505815136049181,0.0512681196671676,0.0511375460593619,0.0501890750164716,0.0484645946351098,0.0460445161065242,0.0430409453391399,0.0395888274935145,0.0358359123201844,0.0319326249371693,0.0280227125459251,0.0242341560246657,0.0206730053722187,0.0174164439192199,0.0145105020714164,0.0119639931199764,0.00974396367236536,0.00786738506781135,0.00616874033702696,0.00447580782612981,0.00569552128434016
"11",0.0342023338502761,0.0292640818872936,0.0292009186560446,0.0278238386941111,0.0302174336417525,0.0335240577280014,0.0371128815051933,0.0406411224483514,0.0438989760300385,0.0467125475045981,0.0489357477289665,0.0504520783316389,0.0511806735213111,0.0510811415243667,0.050155999731482,0.0484500207037953,0.0460463901338783,0.0430600981999563,0.0396291576913851,0.0359046683028794,0.0320406137359375,0.0281825892625113,0.0244591692910666,0.0209711078694129,0.017786112816117,0.0149282881762636,0.0123696570074748,0.0101521318278924,0.00807278962399469,0.00592077220683193,0.00762260036714912
"12",0.0270774171781638,0.0233715832071545,0.0237518351968248,0.0232457677466793,0.0258128140755719,0.0292137322021719,0.0329494380014184,0.0367360548884712,0.0403833171339743,0.0437199167865919,0.0465890032739168,0.0488522768280128,0.0503980696281959,0.0511488857285439,0.0510670776737673,0.050157723074274,0.0484682534516674,0.0460848893427885,0.0431260933381234,0.0397338596601626,0.0360635885138617,0.0322712023466026,0.0285024106876562,0.0248777866149242,0.0214843173494857,0.018359423135407,0.0154775563886896,0.0129105022496981,0.0104083685124521,0.00771384873312908,0.0100429870515914
"13",0.0211037611401243,0.0183845613327625,0.0190398567357416,0.0191406910157379,0.0217254011092986,0.0250738970010157,0.0288033722285313,0.0326873603720418,0.036561195999854,0.0402649055035617,0.0436406885136075,0.0465379696174559,0.048822397324851,0.0503851364692019,0.0511511211097884,0.051085156999504,0.0501951156343657,0.0485318923330789,0.0461858708750538,0.043280398568819,0.0399627219337522,0.0363902061869835,0.0327180889519804,0.029080378451909,0.0255781405104149,0.0222573251012153,0.0190895728947172,0.0161803464520288,0.0132206046525254,0.00989723107486721,0.0130246339051824
"14",0.016192785683121,0.0142439528369269,0.015040428711187,0.0155298750375162,0.0180112710750198,0.0211909620299912,0.0247862313261739,0.0286247677775047,0.0325716242507244,0.0364855064375286,0.0402169393339193,0.0436131095189206,0.0465266836601793,0.0488257817252558,0.050403881788575,0.0511884876983136,0.0511475818711376,0.0502931987717624,0.0486813578591246,0.0464084732435615,0.0436042513161229,0.0404177525039683,0.0370043717848547,0.0335026833327426,0.0300196861787836,0.0266019040466273,0.023209760766077,0.0199844436007784,0.016542697478725,0.0125045555927112,0.0166249927621377
"15",0.012232114009179,0.0108697959586695,0.0117072407553336,0.0124136181299964,0.0147054108085257,0.0176315801121338,0.0209932374880609,0.0246673912239149,0.02855076381714,0.0325261249781329,0.0364602337936727,0.0402075889839456,0.0436181256603798,0.0465468184401122,0.0488641893286765,0.0504666235936811,0.0512854210916863,0.0512936768009256,0.0505097471104152,0.0489970158012353,0.0468594312108642,0.044228039537026,0.0412479629812628,0.0380514324809011,0.0347404565404394,0.0313509425199105,0.027820321803897,0.0243252455177215,0.0203902744600689,0.0155558911913174,0.0208832838707464
"16",0.00909725899773952,0.00817013695973844,0.00897881944820308,0.00977432462163407,0.011822253381872,0.0144406613381663,0.0174987628809551,0.0209168041333187,0.024622995387249,0.0285273080496712,0.0325186773257327,0.0364671172312857,0.040229610427765,0.043658442532614,0.0466112831983702,0.0489621081973589,0.0506119315035104,0.0514983275677716,0.0516020886482727,0.0509503694995091,0.0496152047801531,0.0477009059462063,0.0453317121000498,0.0426212829899927,0.0396534396650549,0.0364393530702164,0.0328784784905225,0.0291799906293468,0.0247557287947263,0.0190525026928029,0.0258121195101625
"17",0.00666135398628197,0.00604869317116784,0.00678475494039415,0.00758032438135379,0.00935774398287324,0.0116414930988516,0.0143542367784441,0.0174525752266372,0.0208941525662622,0.0246170272310889,0.0285359724057441,0.0325427546298816,0.0365098397863174,0.040296808827303,0.0437591295189647,0.0467586577442684,0.04917500303278,0.0509167638532905,0.0519306697976077,0.0522077139441926,0.0517845876878474,0.0507320003844105,0.049143461916283,0.0471014457313278,0.0446569463040117,0.041780058116337,0.0383146748087231,0.0344967750722284,0.0296031554618002,0.0229719268393581,0.0313892987739401
"18",0.00480261370102835,0.0044109607578245,0.00505117076142858,0.00579000569163573,0.00729250594649463,0.00923761759825289,0.0115883037674669,0.0143303247756683,0.0174472621539168,0.020904138479893,0.0246429281857713,0.0285810979348385,0.0326130622163934,0.0366143295576601,0.0404483236779416,0.043975577405218,0.0470646921720375,0.0496042205301493,0.0515133180266725,0.052750106071472,0.0533155522377628,0.0532423962349801,0.0525852193496972,0.0513833467845405,0.0496399609314926,0.0472666191119761,0.0440325378959315,0.0401922389425332,0.0348646396259804,0.0272640539704132,0.0375508755029009
"19",0.00340950112928248,0.0031686694057719,0.00370518819245899,0.00435586263847484,0.00559562157055377,0.00721597473104606,0.00920882493520757,0.0115820665790271,0.014340802697419,0.0174743184213902,0.020951094805295,0.0247159331429583,0.0286893619363132,0.032769461813889,0.0368363837549779,0.0407595810292595,0.0444074547217581,0.0476588176074788,0.050413941265485,0.0526041271686573,0.0541972098884323,0.055186419855989,0.0555815552988133,0.0553685096706199,0.054488576060713,0.0527776040790409,0.0499109772879047,0.0461515552154038,0.0404387452099937,0.0318490257017176,0.0441868341846409
"20",0.00238379853291891,0.00224266128421295,0.00267827751913393,0.00322813566712286,0.00422856093205438,0.00555076467128685,0.00720617821058828,0.00921838323953643,0.0116092076375645,0.0143884522176249,0.0175487834852759,0.0210618962723933,0.0248762684537195,0.0289168686956033,0.0330873071948118,0.0372747295104509,0.0413574630737551,0.0452151215225209,0.0487389355995116,0.0518413827321098,0.0544622538394836,0.0565565178665407,0.0580860987368571,0.0589757361588967,0.0590929384388022,0.0581825501422426,0.0558087034328972,0.0522313665079428,0.0461920575154539,0.0366177933976681,0.0511408075109921
"21",0.00164192214487075,0.00156439353355312,0.00190850924118925,0.00235782443166494,0.003148864770369,0.00420750869711914,0.00555726879769798,0.00723185374206144,0.00926512559049643,0.0116831623651914,0.014499404631655,0.0177103511541361,0.0212921631279206,0.0251986408627472,0.0293611868403432,0.0336912629765875,0.0380856238676748,0.0424343400907407,0.0466294362422846,0.0505734528718994,0.0541849309060749,0.0573842169809313,0.0600851206908542,0.0621466972486817,0.0633540906781456,0.0633492812116861,0.0615713288553036,0.0582661988318874,0.0519645365898382,0.041436112539638,0.0582151894867299
"22",0.00111488483814922,0.00107633146795776,0.00134180941327167,0.00169895771922961,0.0023132938541717,0.00314687091822675,0.00422969747837235,0.00560111965391879,0.00730283410806111,0.00937296694350756,0.0118417854177231,0.0147273832246744,0.0180316530436445,0.0217370121622908,0.025804529590873,0.0301740847692601,0.0347670466534422,0.0394917664651204,0.0442497827251683,0.0489423525681955,0.053474281217053,0.0577366478297684,0.0615975204968756,0.0648492286084727,0.0671901283397591,0.0681522403523629,0.0670410058850721,0.0640785986645163,0.0575791317369535,0.0461524756182977,0.0651825782355841
"23",0.000747313199296024,0.000731520270097656,0.000932380633551221,0.00121009966394412,0.00168027296324488,0.00232792014636643,0.00318562764038927,0.00429502066877875,0.00570217741916753,0.00745344697869855,0.00959193707837824,0.0121535516037777,0.0151627935205965,0.0186287278216506,0.0225417117630043,0.0268715613314873,0.0315677724605577,0.036562313764343,0.0417729535734583,0.0471070669263711,0.0524629529324612,0.057708663495262,0.0626710022568807,0.0670779523066313,0.0705412288263137,0.0724814274930309,0.0720683005335111,0.0694928400303484,0.062855639047242,0.0506100486817519,0.0718037749693825
"24",0.000495887026452316,0.000492611144839003,0.000642480873504783,0.000855152265911635,0.00121157565440575,0.00171065297801404,0.00238503985368155,0.00327636358826943,0.00443249661493178,0.00590484871604982,0.00774572939647531,0.0100049767164772,0.0127259458490545,0.0159411369719948,0.019667974883549,0.0239053791865998,0.0286317989477596,0.0338053850783703,0.0393643007044532,0.0452274369612518,0.051292675809288,0.0574113318029899,0.0633748425488279,0.0688522235611076,0.073373173290699,0.0762512538565671,0.0765254048016839,0.074351196292017,0.0676278154595005,0.0546617825542917,0.0778511266109571
"25",0.000327505323259862,0.000330582457791188,0.000441756533465107,0.000603569509701638,0.000873292877836482,0.00125773068955806,0.00178821811538022,0.00250505257648272,0.0034561744725747,0.00469567194216053,0.00628201294402871,0.00827537693093013,0.0107340548136184,0.0137100646807954,0.0172443718271748,0.021362274894972,0.0260696275015365,0.0313506604650524,0.0371654107347237,0.0434473091639114,0.0500982017370691,0.0569583055310593,0.0637902698427351,0.0702118057584196,0.0756790825589218,0.0794083719620797,0.0803191990757487,0.0785308998652873,0.0717617535451999,0.0581869269669008,0.0831344647016008
"26",0.000217416788495954,0.000223356772853099,0.000306322107006372,0.000430144282256025,0.000636221686258012,0.00093552521348458,0.00135750419407631,0.00194054688069569,0.00273169395465256,0.00378610066842184,0.00516605308927315,0.00693900300710852,0.00917447854767032,0.0119398896632537,0.0152954871780283,0.0192889372026532,0.023950136463954,0.0292870732115122,0.0352807189022283,0.0418797349326685,0.0489923994576233,0.0564523600595022,0.0640000465929263,0.0712109108074568,0.077478888436464,0.0819368640746616,0.0834015608968456,0.081958446443867,0.0751719092219666,0.0611057101089891,0.0875245591531241
"27",0.000147477854409862,0.000154460708637267,0.000217746459649031,0.000314529613026158,0.000475839446206865,0.000714628912034174,0.00105844551061336,0.0015437254438495,0.00221623557907619,0.00313125440887072,0.00435323607808327,0.00595446742712153,0.00801248451925833,0.0106061573189169,0.0138105829897604,0.0176911478827169,0.0222973219767956,0.0276569947513768,0.0337693007028473,0.0405968939361978,0.0480551888411513,0.0559744971374466,0.0640790435830162,0.0719114899916453,0.0788163098874049,0.0838593731975867,0.0857744385944135,0.0846179305080405,0.0778311283121557,0.063388861418237,0.0909688070094322
"28",0.000104647530165202,0.000111836276921778,0.000162084634317549,0.000240662964937068,0.00037206703070784,0.000570060055305507,0.00086058657028654,0.00127841558422637,0.00186807093098087,0.00268451972569337,0.00379332667895748,0.00526980501783705,0.00719686346333912,0.0096613722082972,0.0127490927761641,0.0165384436534683,0.0210936034317045,0.0264577465141591,0.0326443184411489,0.039627432459755,0.0473289903567136,0.0555779778615871,0.0640875259828684,0.0723765393642683,0.0797529125082418,0.0852324866154779,0.0874868534140884,0.0865496764807937,0.0797705729283663,0.0650582581896293,0.0934932503495709
"29",7.97393123167833e-05,8.68310599721846e-05,0.00012900178359002,0.000196157386719105,0.000308891769315946,0.000481223342405977,0.000737925117151691,0.00111253424716217,0.00164858825975711,0.00240064464518322,0.00343477149612518,0.00482804877209735,0.00666673467882442,0.00904286043778941,0.0120492296837604,0.0157730280973755,0.0202884943887168,0.0256494289299557,0.0318794113264754,0.0389608866655559,0.0468207826012448,0.0552877921016637,0.064068013912584,0.0726645383692452,0.0803605028650627,0.086137631269498,0.0886249893758075,0.0878401569229796,0.0810703303816911,0.0661792501114334,0.0951915806885186
"30",6.64197646170296e-05,7.33688195146698e-05,0.000111011730649138,0.000171705416148439,0.000273911128327493,0.000431688728546852,0.000669078063602585,0.00101883914405431,0.0015238612917749,0.00223837559630661,0.0032286482430829,0.00457269772767618,0.00635866384621818,0.00868155547340643,0.0116383107223876,0.0153213326764831,0.0198109178183944,0.0251673381388517,0.0314204232374125,0.0385578466904058,0.0465098143832809,0.0551051046440926,0.0640458159036066,0.0728256936938244,0.0807130657200173,0.0866691333815446,0.08929732315266,0.0886053009361391,0.0818427419251339,0.0668463704902001,0.0962036415116192
"31",6.02998643114733e-05,6.71552628591447e-05,0.000102653222314,0.000160267772442315,0.000257465352962281,0.000408294583155613,0.000636424147820413,0.000974218638102096,0.00146423007304672,0.00216050399740478,0.00312937328102806,0.00444928383837303,0.00620926713674575,0.00850576844741856,0.011437742909785,0.0151001608132936,0.0195763212939668,0.0249297265844187,0.0311933496559011,0.0383575208016384,0.0463541484126165,0.0550121335303071,0.0640316632846005,0.0729019046074991,0.0808838721381026,0.08692859762145,0.0896267836470959,0.0889811101631946,0.0822226651180251,0.0671747951771094,0.0967022986229911
