"","X0","X1","X2","X3","X4","X5","X6","X7","X8","X9","X10","X11","X12","X13","X14","X15","X16","X17","X18","X19","X20","X21"
"1",0.193398729681516,0.168264629174701,0.166996839920174,0.140490791740094,0.111430210318148,0.0825883302298274,0.0567851110551948,0.0361325622121001,0.0213086395545037,0.0116794445788331,0.00596545686299851,0.00284492583111114,0.00126825239621351,0.000528678112089037,0.000205975077716451,7.4907051604614e-05,2.53772006545961e-05,7.98747637522159e-06,2.32795230028575e-06,6.25840269736728e-07,1.54740095125605e-07,4.29934787496438e-08
"2",0.172982816400805,0.15427394904988,0.158418871173632,0.1396832341584,0.11643806411336,0.0906513793410634,0.0654125171204244,0.0436662115060815,0.0270187083472573,0.0155436950627794,0.00833832805344863,0.0041806528125215,0.00196222245098118,0.000862921891026963,0.000355611006009236,0.000137250095825469,4.95502150458257e-05,1.67018038847466e-05,5.24328218831034e-06,1.5287984596767e-06,4.13598867116679e-07,1.29718057424786e-07
"3",0.134185950397837,0.126430610717828,0.139587097424055,0.135189254882553,0.12376496184876,0.105267144058587,0.0825585317331664,0.0596651940810962,0.0398431871219241,0.0246724643365215,0.0142154948714615,0.00764252581731232,0.00384232167638825,0.00180921604317357,0.000798504790933108,0.000330368320616821,0.000128055066805863,4.64440403462591e-05,1.57322409443266e-05,4.96669280038704e-06,1.46230423029594e-06,5.11532655960434e-07
"4",0.0917713492476848,0.0933574127230898,0.11344501385118,0.12334329013572,0.126073627549129,0.118675115616425,0.10222898791579,0.0806538932815334,0.0584931314147114,0.0391617106857191,0.0243022240154403,0.0140278314505535,0.00755374648251005,0.00380310433586487,0.00179303831683986,0.000792277066833573,0.000328134944522016,0.000127311432185996,4.62166580022345e-05,1.56777577856119e-05,4.98196772603968e-06,1.92315075076509e-06
"5",0.0566952541891831,0.0628836289299689,0.0847139605756993,0.103680544496646,0.118521543653563,0.123817829697113,0.117575539051,0.101645842488291,0.0803365840718319,0.0583253955099897,0.0390774349901552,0.0242622322042388,0.0140099525389545,0.00754622809769628,0.00380013266935926,0.00179193529972779,0.000791893807774326,0.000328012810585797,0.000127283812656194,4.62536167723463e-05,1.58122965024991e-05,6.70519228789311e-06
"6",0.0320934970976267,0.038893038378828,0.0579785100496382,0.0794555300220323,0.101299359707197,0.117533148100904,0.123407766562359,0.11738964433701,0.10155721647808,0.0802948985121263,0.0583066366983824,0.0390694285218609,0.0242590022277248,0.0140087243107686,0.00754578806196472,0.00379998476999306,0.0017918917900107,0.000791893344552384,0.000328054879888048,0.000127476859045228,4.67883134092027e-05,2.17209765951049e-05
"7",0.0167617846082152,0.0221776448451121,0.0363888344781029,0.0553878270833159,0.078364908234685,0.100888595295858,0.117384940663552,0.123349212611263,0.117364588920005,0.101546451923991,0.0802904684765692,0.0583049169583289,0.039068803295545,0.0242587916981224,0.0140086607059608,0.00754577643444834,0.00380000158196582,0.00179195447058814,0.000792085130826579,0.000328784767672423,0.000129393606346431,6.55742095237497e-05
"8",0.00811343598222406,0.0117026720179494,0.0210075147785193,0.0352092290127126,0.0549222383157578,0.0782040097828358,0.100838187557107,0.117367870343531,0.123342707355172,0.117362007207685,0.101545457273716,0.0802901057991948,0.0583047934838019,0.039068766862354,0.0242587905420161,0.0140086905003216,0.00754587034890381,0.00380026310697878,0.00179268617497438,0.000794620293812997,0.000335124017379442,0.00018495924304844
"9",0.00365337965269536,0.00573379670411031,0.0111987383090784,0.0205081921782567,0.0350225144074522,0.0548620077337065,0.0781874971265754,0.100833512912172,0.117366348410988,0.123342164916387,0.117361815112315,0.101545392691855,0.0802900875427059,0.058304798680569,0.0390688064941834,0.0242589212457629,0.0140090598200593,0.00754684761412377,0.00380283075236536,0.00180084838132106,0.000814043044295453,0.000488396269019888
"10",0.00153486666415982,0.00261582682761335,0.00553267531912845,0.011001603414623,0.0204377380395504,0.0350009160686461,0.0548567216738959,0.0781862552771016,0.100833182706846,0.117366246934794,0.123342133440326,0.117361807945233,0.101545401024641,0.0802901310189401,0.058304952842848,0.0390692841903566,0.0242602345487561,0.0140124049655963,0.00755516990446394,0.0038272593022425,0.00185614487152648,0.00120904301870924
"11",0.000602858300016204,0.00111374850943207,0.00254118511202206,0.00545998843306246,0.0109766351801973,0.020430358667127,0.0349992674837887,0.054856397647147,0.078186187743572,0.10083316564344,0.117366243812108,0.123342140936788,0.117361846706231,0.101545552954754,0.0802906510406709,0.0583065319481482,0.0390735378263238,0.0242707374914345,0.0140373475724143,0.00762326239423575,0.00397391365414908,0.002808440942936
"12",0.000221642668402554,0.000443343519630282,0.00108794825881323,0.00251614573987743,0.0054516919907937,0.010974242760079,0.020429859568932,0.0349991837243639,0.0548563847155104,0.0781861860413283,0.100833170471798,0.117366271656338,0.12334226394517,0.117362317748909,0.101547140630553,0.080295399863632,0.0583191160158123,0.039103841528772,0.0243399516596261,0.014214384664959,0.00798631039217894,0.0061232024345178
"13",7.6316828879434e-05,0.00016517945204232,0.000435033178879979,0.0010798909113235,0.00251356481731197,0.00545095813649491,0.0109740963483587,0.0204298377862125,0.0349991816620618,0.0548563871904083,0.0781862021992451,0.10083325153643,0.117366622226204,0.123343588004683,0.117366727146393,0.101560173027645,0.0803294904794219,0.0583995936799831,0.0392818366809728,0.0247696749057039,0.0150544193868678,0.0125279744144737
"14",2.46080676834595e-05,5.76298670014252e-05,0.000162686139750279,0.000432614121884276,0.00107914158796214,0.00251335300526775,0.00545091686042821,0.0109740907485384,0.0204298384943049,0.03499918946633,0.0548564311238152,0.0781864165787715,0.100834162888512,0.117370019959205,0.123354783366726,0.117399490718654,0.10164499078827,0.0805265792890383,0.0588241718008146,0.0402560414167929,0.0265876352064426,0.0240352085038053
"15",7.42473329137845e-06,1.88265593803556e-05,5.69342079196118e-05,0.000162010180755404,0.000432412175343716,0.00107908457208584,0.00251334205118091,0.00545091587026719,0.0109740940862882,0.0204298593136184,0.0349993009380249,0.0548569582289593,0.0781886096016392,0.100842213660799,0.117396238990705,0.123430765450013,0.11759433052229,0.10209165622534,0.0814675498358753,0.0608872893170721,0.0439349716158565,0.0431852118632913
"16",2.09292755422095e-06,5.75452197802461e-06,1.86465496153583e-05,5.67590093603684e-05,0.000161959992468107,0.000432398027761178,0.00107908208487263,0.00251334332891654,0.005450925757627,0.0109741486110355,0.0204301325668518,0.0350005353220798,0.0548619348283987,0.0782064792588556,0.100899484470697,0.117560154328485,0.123846531889675,0.118534733634713,0.104032391636351,0.0855472322139118,0.0678398689410469,0.0725454100977429
"17",5.49891777830874e-07,1.64336741201563e-06,5.71148724623856e-06,1.86046142432833e-05,5.67476120308854e-05,0.000161956911335242,0.000432398331526515,0.00107908739195976,0.00251337217137276,0.00545106912138855,0.010974810918851,0.0204329468226581,0.0350113881635219,0.0548996686925772,0.0783245888600427,0.101231482756989,0.118389792466717,0.125693475618801,0.122265561604743,0.111557856325049,0.0977881005858495,0.113709186283904
"18",1.34231348980208e-07,4.37498345517324e-07,1.63391348745539e-06,5.70228020684172e-06,1.8602344291263e-05,5.67474854744872e-05,0.00016195991372736,0.000432414953383134,0.00107916873412754,0.00251374235641331,0.00545264736326215,0.0109810792199493,0.0204558599181622,0.0350878210872413,0.0551313961449359,0.0789598410170592,0.102786524875308,0.121782364093841,0.132381397569496,0.135191171679166,0.131567870367262,0.165951482953509
"19",3.0313519149656e-08,1.08241233959683e-07,4.35607894306626e-07,1.63210669126611e-06,5.70212380277501e-06,1.86039150196979e-05,5.67567648936983e-05,0.000162006396930674,0.000432628003757746,0.00108007486915928,0.00251735119814892,0.00546609778766222,0.011027599228385,0.0206040177633348,0.0355202219735395,0.0562801174646226,0.0816982501362351,0.108612086340301,0.132944668150665,0.152994461709478,0.165441809116042,0.22513534078868
"20",6.29832885293094e-09,2.47872514815453e-08,1.07912905403466e-07,4.35392779571739e-07,1.63282998083775e-06,5.7067455863725e-06,1.86282762529242e-05,5.68729084649309e-05,0.000162513410791005,0.000434675718777532,0.00108779657848941,0.00254459648811125,0.00555559898426075,0.0112997316147381,0.021366525874843,0.0374750934142502,0.0607969694910588,0.0910255024928529,0.12591061159996,0.163367703006765,0.195121975508626,0.283767290664923
"21",1.19658219447668e-09,5.23329262195755e-09,2.47931498340766e-08,1.0826913312847e-07,4.37815892385147e-07,1.64581988684689e-06,5.76995798113751e-06,1.89103707289868e-05,5.80332416864766e-05,0.00016694134044209,0.00045045889573569,0.00114047327544127,0.00270869165069589,0.00603056439233295,0.0125720748097426,0.0244981986581457,0.0444498080538665,0.0747034409464643,0.115862998382191,0.167338554186444,0.217200258017497,0.332792600692665
"22",2.25111771999251e-10,1.11148674158731e-09,5.80642839596409e-09,2.77875800073013e-08,1.2259258185263e-07,5.01241852494074e-07,1.90759385174982e-06,6.7799052520507e-06,2.25593506979384e-05,7.04084779377598e-05,0.000206449575416272,0.000569331001243623,0.00147684489211916,0.0036005415701323,0.00823693795297123,0.0176269767016791,0.0350621225267087,0.0643208810374999,0.10817598857425,0.167847899709666,0.229637953886858,0.363135758478674
