"","X0","X1","X2","X3","X4","X5","X6","X7","X8","X9","X10","X11","X12","X13","X14","X15","X16","X17","X18","X19","X20","X21"
"1",0.144410991775376,0.153319395058483,0.149302963241031,0.127138136702653,0.104946973004436,0.0851883912666198,0.0675533894718153,0.0519423187391029,0.0385390754525488,0.0275195029327807,0.0188904958676266,0.0124594770503436,0.00789433727125968,0.00480458943437725,0.0028088660680337,0.00157756071769179,0.000851334153607546,0.000441565136694502,0.000220260468676876,0.000105946012386477,5.02424578663715e-05,3.41877165882051e-05
"2",0.137406513330195,0.146472998275187,0.14375352060932,0.124028018919442,0.104204239897465,0.086357078576855,0.0700500205901894,0.0551677775547567,0.0419631255689174,0.0307402795639452,0.0216584695382511,0.0146675566699088,0.00954485284533879,0.0059678274558121,0.00358520499881371,0.00206978762416268,0.00114856636332239,0.00061286348758134,0.000314689365554835,0.000155977517689955,7.64550352535756e-05,5.41762120360736e-05
"3",0.122872661095602,0.132179223663706,0.131999910885299,0.117181242295336,0.102178076458354,0.0883064103151447,0.0748639189135048,0.0616701886618634,0.049073393157149,0.0375995757249561,0.0276951238722384,0.0195963898961837,0.0133153407851851,0.00868751830978402,0.00544313250235607,0.00327575712290215,0.00189422527304753,0.00105298634958623,0.000563267109616471,0.000291022107714441,0.000149183394112085,0.000111452106356405
"4",0.104079146524303,0.113481715486223,0.11621598748209,0.107354900458242,0.0983426861997758,0.0896105349843046,0.0801178989882186,0.0695293242730146,0.0582052512946337,0.0468485359214812,0.0361996324122317,0.0268344077014333,0.0190792756084335,0.0130117301487379,0.0085135581839925,0.00534619319679584,0.00322358168828391,0.00186755769376197,0.00104085852707875,0.000560537163261811,0.000300430175795208,0.000236255887904286
"5",0.0842439508996793,0.0934204976622413,0.0986555413075686,0.0954636285400261,0.0923528339646344,0.0889775874023723,0.0839706983344671,0.0767489116085808,0.0675304244756575,0.0570350981583427,0.0461795786309054,0.0358275100361535,0.0266327059806333,0.0189724948672825,0.0129565885306374,0.00848614618582256,0.00533373957284631,0.00321956140164683,0.00186922026890349,0.00104916223260822,0.000587947596372279,0.000486172342614567
"6",0.0653979198677196,0.0739682131632602,0.0808792426467733,0.0822874797410812,0.0841903447798976,0.0857062672411487,0.0852298360864114,0.0818839112462395,0.0755951664737541,0.0669001364177357,0.0566993273962881,0.0460064315323679,0.0357412697015828,0.0265914093065626,0.0189540350755795,0.0129500016200548,0.00848643796933673,0.00533908071505161,0.00323046688358224,0.001890861952668,0.00110865331792716,0.00096350686497372
"7",0.0487519797421418,0.0563798471579386,0.0640263510825879,0.0686191226460534,0.0742126277448983,0.0796758189514128,0.0833118656551618,0.0839808998249676,0.0812364198403935,0.0752619849621913,0.0667326024192523,0.0566180671010005,0.0459689555965362,0.0357256742168825,0.0265872597689403,0.0189570870474882,0.0129592291759591,0.00850255897903121,0.00536509642917508,0.00327737430447206,0.00201211667884702,0.00183706067466514
"8",0.0349279130083895,0.0413885933660287,0.0489231288910008,0.0552614811916182,0.063082591673288,0.0712686276182016,0.0782031595344229,0.0825911347948953,0.0836302490003562,0.0810662045384082,0.0751810788673191,0.0666959730974754,0.0566034440106464,0.0459660842713289,0.0357309161921721,0.0266006441817371,0.0189806053559592,0.0129960010330831,0.00855877662117201,0.00546135707353115,0.0035137855387323,0.00336825014023039
"9",0.0240676424117517,0.0292753483524532,0.036071591286715,0.0429259996952815,0.0516186516319936,0.0612350344947762,0.0703947057634907,0.0778013742654372,0.0824078157851893,0.0835465170419234,0.0810290670206908,0.0751665894182136,0.06669377668841,0.0566103655896659,0.0459833510586116,0.0357626034866958,0.0266524262123367,0.0190588899626874,0.0131116211945233,0.00874778449550548,0.00590271028725524,0.00593613385638867
"10",0.0159623989479568,0.0199608311758634,0.0256585626423153,0.0321359653769413,0.0406215131363601,0.0505008016768488,0.0607337538257665,0.0701780434530375,0.0777090011240906,0.0823687580264781,0.0835317031106754,0.0810271841736895,0.0751747296672013,0.0667141950333567,0.0566495229520134,0.0460510251122305,0.0358702587210062,0.0268113982416578,0.0192863525664863,0.0134668651426308,0.00953616424895853,0.0100509716444315
"11",0.0101973796078876,0.0131253721359686,0.0176075984305265,0.0231770668160853,0.0307320912482936,0.0399684829365029,0.0502225172701123,0.0606207725599731,0.0701337002518148,0.0776931001890723,0.0823668957459592,0.0835406241189024,0.0810499193265664,0.0752197235220052,0.0667957036171696,0.0567867173310531,0.0462648120899375,0.0361789420200951,0.0272394410124642,0.0199249536847737,0.0148128774741217,0.0163413086107111
"12",0.00627950529063638,0.00832749072452607,0.0116577452945642,0.0161021072080071,0.0223524299761508,0.0303633690217057,0.0398189783537015,0.050166003434306,0.0606018015580469,0.0701313118892814,0.0777023601648967,0.0823910557779154,0.0835896472405484,0.0811415997160523,0.0753811997948331,0.0670616694205625,0.0571927631201389,0.0468378028819312,0.0369488014253069,0.0283361609453617,0.0221186226866169,0.0254975740749065
"13",0.0037301250678354,0.00510044101638851,0.00744858332202402,0.010777823572716,0.0156345970385161,0.0221512112508111,0.0302860863609398,0.0397930957377242,0.050161874679741,0.0606108239537617,0.0701560193888474,0.0777535274060468,0.0824890804743101,0.0837676222554048,0.0814477115993794,0.0758745662690947,0.0677989697532359,0.0582087774563096,0.048159822180225,0.0387458403942137,0.0317438923869454,0.0381595084355257
"14",0.00213888173767091,0.00301730000426265,0.00459428781926881,0.00695265367530471,0.0105219724553589,0.0155288700509135,0.0221139117942783,0.0302780512676039,0.0398009407135875,0.0501861728560821,0.0606622593819635,0.0702564382078509,0.077940135135026,0.082819569997519,0.0843229050342608,0.0823228190214814,0.0771534443169173,0.0695183156479608,0.0603738473772584,0.0509652032075341,0.0437834279014624,0.0547485923964305
"15",0.00118469946394777,0.00172495174731659,0.00273669760022604,0.00432467835151493,0.00681781736072276,0.0104694833048144,0.015514523005743,0.0221191309311455,0.0303007457244297,0.039850674429663,0.0502849973577492,0.0608494368374332,0.0705957035194226,0.0785268216487056,0.0837823417951999,0.0858055331746522,0.0844396617374267,0.0799272950339154,0.0728957326108333,0.0645399307215088,0.058039183915155,0.0752699597284709
"16",0.000634275646839051,0.000953522552379473,0.00157517747821152,0.00259556051957452,0.00425706787177542,0.00679525129492819,0.0104705606220859,0.0155341539864393,0.0221650518734583,0.0303939329762514,0.040030375079837,0.0506173273297278,0.0614379509093413,0.0715898755968979,0.0801201278463356,0.0861786555754102,0.0891454244200773,0.0887012476216752,0.084939456167459,0.078771429693326,0.07395774970716,0.0991358252308064
"17",0.000328497994492857,0.000510043133621267,0.000876762666989751,0.00150467143670826,0.00256494175265754,0.00425288107593919,0.00681048872102151,0.0105106408621544,0.0156179266917837,0.0223297289740275,0.0307044376148514,0.0405921696809009,0.0515901270333054,0.063043831963001,0.0741032602977686,0.0838104142540447,0.091195861271419,0.0953731803178147,0.0957682456427786,0.0927963402643211,0.0906342328304288,0.125081315519967
"18",0.000164796817748163,0.000264389183499773,0.000472766914709279,0.000844396186349805,0.00149530273366906,0.00257495244458301,0.0042856420356056,0.00688190134181798,0.0106541610769103,0.0158939618342944,0.02283966990231,0.0316078231260494,0.0421225173628199,0.0540594298014011,0.0668180489318039,0.0795113414535224,0.0909781019472026,0.0998431735631258,0.104828682626854,0.105712671836698,0.106904514263065,0.151241754615957
"19",8.03661706464529e-05,0.000133360964795784,0.000248169166263602,0.000461401484580107,0.000849241285636247,0.00152009866261729,0.00263237590516072,0.00440409349357884,0.00711454698136569,0.0110930346351317,0.0166888916895554,0.0242192231170129,0.033895011847184,0.0457308423398033,0.0594460817073631,0.0743497187103531,0.0892382187200484,0.102374957238003,0.111837031433846,0.116726947725947,0.121527262209054,0.175429124512051
"20",3.8547235598527e-05,6.63237671379531e-05,0.000128714660188329,0.000249603710785317,0.000478548715571105,0.000892521266270707,0.00161221827558024,0.00281740856093765,0.00476070301485032,0.00777493023945298,0.0122664249786285,0.0186847731755633,0.027459439085735,0.0388954751116101,0.0530247412776644,0.069399698751035,0.0868751508258291,0.103486526381458,0.116793494348925,0.125289824797754,0.133426575804838,0.195578356014584
"21",1.89068577018674e-05,3.38871390475749e-05,6.88780971423137e-05,0.000139828090889386,0.000280180191111576,0.000546081092673564,0.00103137219508238,0.00188558010709997,0.00333471874824508,0.00570110060396801,0.00941420310447824,0.0149999751857068,0.0230318570646744,0.0340248595576798,0.0482573831934693,0.0654993557508053,0.0847001538679817,0.103774750105529,0.119924563775522,0.131180887866765,0.141922296747252,0.210229180657171
"22",1.08785150843615e-05,2.03095663932648e-05,4.31495350156127e-05,9.13866770330459e-05,0.000190520389959625,0.000385842156977905,0.00075656246392924,0.00143474918048159,0.00262939546505214,0.00465267067006852,0.00794066935277991,0.0130547362613667,0.0206428741810603,0.0313361478788878,0.0455569861719739,0.0632113309929048,0.0833209940809434,0.103751284266426,0.121510933244352,0.134365658795886,0.146635375055306,0.218457545098116
