"","X0","X1","X2","X3","X4","X5","X6","X7","X8","X9","X10","X11","X12","X13","X14","X15","X16","X17","X18","X19","X20","X21"
"1",0.263206355192348,0.136953017007449,0.12928308063681,0.110740521829164,0.0910709969426257,0.0730322391773361,0.0571301774563178,0.0433864644194209,0.0318597901700471,0.0225667775753524,0.0153987290169132,0.0101162898915723,0.00639656320192608,0.00389222267563352,0.00227907407197015,0.00128427397453379,0.000696616706816232,0.000364382704401024,0.000184007392755744,8.98576370693351e-05,4.36093748830414e-05,2.49529446529728e-05
"2",0.251953846894347,0.131946777989448,0.125693793802689,0.109144034515378,0.0913384142156411,0.0747358869689212,0.0597505231425055,0.0464267021995485,0.0349093088659936,0.0253350833229257,0.0177215965614721,0.0119390603188464,0.00774397070301849,0.00483513439420232,0.00290598001722201,0.00168136101968956,0.00093679411191885,0.000503698225451005,0.000261671274706661,0.000131561144219123,6.58688367527202e-05,3.89314751010944e-05
"3",0.228409273155079,0.121360791935335,0.11794255375957,0.105449124427981,0.0914952245953661,0.0779329898156516,0.0649731616183482,0.0526767799829474,0.0413319744591427,0.0312955825240462,0.0228313229580477,0.0160351861430552,0.0108376035435247,0.00704754731590809,0.00440958216433914,0.00265516006886481,0.00153922106289206,0.000861329410294636,0.00046582717249886,0.000243866094248455,0.000127358690364355,7.85391024918255e-05
"4",0.19747953995356,0.107179955558013,0.107161779335096,0.0997085810169163,0.0906805552881052,0.0811816351045003,0.0711343175720731,0.0605511584118272,0.0498195179801693,0.0395066243192558,0.0301500051695837,0.0221275561155828,0.0156124821770942,0.0105895600783261,0.00690572711626275,0.00433109608581527,0.00261392785356432,0.00152295556907384,0.00085761438854879,0.000467422241708991,0.000254491481884312,0.000163497183035551
"5",0.164080243281679,0.0914388510216274,0.0945806489991892,0.0920981522403349,0.0881406176376973,0.0830895247984804,0.0765398536001871,0.0683584332619918,0.0589095397414118,0.0488619604684591,0.0389593457015312,0.0298447975727355,0.0219616470674294,0.0155246729436681,0.0105448832441276,0.00688490275238899,0.00432416903767292,0.0026225329894505,0.00153744120656668,0.000872157654563008,0.000494831884790434,0.00033079289401448
"6",0.131416753935629,0.0755171391003418,0.0811078715762986,0.0828666609584007,0.0834913691173051,0.082776518776497,0.0800048784152237,0.0748152094444328,0.0674065773017464,0.0583913270149957,0.0485859049172171,0.0388165955060131,0.0297737088893813,0.0219282639008663,0.0155115531847497,0.0105436238385918,0.00689246122940542,0.00435289323367162,0.00265772399111252,0.00156969216917666,0.000928134460222865,0.000645139038716863
"7",0.101564357216914,0.060396739880897,0.0675186722863676,0.0724327901430567,0.0767417931731353,0.0798489669712587,0.0807965984866488,0.0789642045616315,0.074275708027587,0.0671301150744989,0.0582526689260172,0.0485189996432326,0.0387867354282915,0.0297633614402575,0.021930115106683,0.0155232892865228,0.0105664454309519,0.00695329759717549,0.0044243790001424,0.00272180420040946,0.00167745423315708,0.00121150388516074
"8",0.0757850130406442,0.0467779579746223,0.0545070784966365,0.0613735302356619,0.068250415898011,0.0743606683145445,0.0786218149753854,0.0801890078727565,0.0786681179307963,0.0741330261231449,0.0670632988768577,0.0582239759509555,0.0485104479828321,0.0387907283270634,0.0297793099702264,0.0219601970930467,0.0155727707377087,0.0106858780547568,0.0070910368674636,0.00454576626485829,0.00292030640804717,0.00218965260397712
"9",0.0546274613832676,0.0350855431746252,0.0426383003128195,0.0503334669323559,0.0586275923229665,0.0667491957728658,0.0736251011611155,0.0782783026330929,0.0800320119322873,0.0785978857963731,0.0741041469407721,0.0670559595049358,0.058230623423667,0.048530170533435,0.0388289094439318,0.0298429176732064,0.0220598362365827,0.015797480375608,0.0109406837180488,0.0073114105313686,0.00489573645062932,0.00380726374604196
"10",0.0380587613131266,0.0254852374881218,0.0323008667610867,0.0399155783320017,0.0485974087239524,0.0577136178717808,0.0663224161515032,0.0734372346178373,0.0781987931325663,0.0800011560782723,0.078591151854595,0.0741132790942746,0.0670808136073476,0.0582762901425539,0.0486094441068964,0.0389553634150715,0.030034885116202,0.022466713478643,0.0162504554372897,0.0113239285853037,0.00790114715442541,0.00636545753714489
"11",0.0256416638465751,0.0179291947529174,0.0236887901203356,0.0305922504615697,0.0388573873514851,0.0480596462101366,0.0574741004032668,0.0662239012588713,0.0734009232548602,0.0781915041223273,0.0800121863980112,0.0786208294467963,0.0741685590679045,0.0671743364906734,0.0584317806305582,0.0488502308258506,0.0393106194343468,0.0307438750797432,0.0232400240214526,0.0168879921571838,0.0122719385442689,0.0102282661208619
"12",0.0167155365212796,0.0122182421744479,0.0168159174425167,0.0226561523271682,0.0299699195100665,0.0385517593721828,0.0479304921023037,0.0574266977876903,0.0662138325580807,0.07341273557093,0.0782249158146462,0.0800760357135791,0.0787313342387861,0.0743496738970894,0.0674663590345791,0.0588719889136056,0.0494816280271315,0.0404985991110146,0.032010318535094,0.0242526498467935,0.0183382627707127,0.0157869487302984
"13",0.0105490242678497,0.00806718176023167,0.0115546354021751,0.0162144016577343,0.0223031415972193,0.0298029945448704,0.0384869432768124,0.0479143196624387,0.0574375427983166,0.0662493464063964,0.0734828073924432,0.0783495206498031,0.0802853500005192,0.0790667409432559,0.0748756991534046,0.0682387261350263,0.0599487239998624,0.0513938060603241,0.0424857410916598,0.0335426235102803,0.0263576587148918,0.0233930709744813
"14",0.00644847519596749,0.00516195899308007,0.00768641033159269,0.0112170311754283,0.0160220598700894,0.0222175267107992,0.0297772167766262,0.0384945123711781,0.0479498629697825,0.05751078279906,0.0663830080619432,0.073713383137972,0.0787285442059703,0.0808800921233058,0.0799749923829,0.0761748856445328,0.0699985244712033,0.0629019913882846,0.0543770251774019,0.0446888971108133,0.0364303518491889,0.0332624672528765
"15",0.00382027308473809,0.0032020989817444,0.00495180706113256,0.00750455547469443,0.0111181947468297,0.0159849403727599,0.0222194821818802,0.0298103840020565,0.0385674462500372,0.0480865090611313,0.057752233843865,0.0667905144993969,0.0743699174389978,0.0797375624656485,0.0823815420499402,0.0820674735855939,0.0789280083573829,0.0743697336801896,0.0671806767541158,0.0573773057107253,0.0484141411036298,0.0453651992935068
"16",0.00219480259392063,0.00192663975193449,0.00309118732165085,0.00485939383332218,0.00746029276194768,0.0111132100343793,0.0160133488082488,0.0222884410941836,0.029943545085297,0.0388080379908907,0.0485023187870063,0.0584402065357831,0.0678772353352176,0.0760057908343096,0.0821108150906086,0.0856042288242891,0.0861849892168223,0.0851206455640806,0.0802234199482439,0.0710353380611702,0.0618648350912873,0.0593312774354032
"17",0.00122393500577284,0.00112545064960187,0.00187202536208035,0.00304996627893569,0.00484933744957965,0.00748227412492986,0.0111748059973133,0.016136807149322,0.0225165691982526,0.0303464742431867,0.0394909622869946,0.0496106997516105,0.0601569828987355,0.0704085269082288,0.0795878765674084,0.0868507368994961,0.0914836415167254,0.0945714478701269,0.0927475658999001,0.0848719704871679,0.076030853049139,0.0744110904054892
"18",0.000663794323784509,0.000639771777428238,0.00110290120837959,0.00186178120079412,0.00306580065302594,0.00490112310304763,0.00759087584372002,0.0113803742143104,0.0165075784477812,0.0231590501218357,0.0314152773442272,0.0411930040558831,0.0521959592358972,0.0638906968632046,0.0755647133680015,0.0862370645223825,0.0948562645115967,0.102328046260498,0.10402086360611,0.0979741238263064,0.0899238919806,0.0895270435311824
"19",0.000352022180093336,0.000356208270491423,0.000636818646929277,0.00111465752793648,0.00190301157748011,0.00315615362816389,0.00507670036066085,0.00791430243479198,0.0119527852264443,0.0174818137694151,0.024750449103149,0.0339024867073907,0.0448982757832974,0.0574382858873682,0.0709591696122418,0.0844499157551181,0.0966202661649689,0.10823380198247,0.113447848466544,0.109449479328776,0.102470839946465,0.103434707639801
"20",0.000185483245719478,0.000197782936065984,0.000367464497018868,0.000668340686328605,0.0011856436098758,0.00204459783321564,0.00342269402149798,0.00555838226086335,0.00875225787391321,0.0133544968086435,0.0197311389546472,0.02820206053953,0.0389474974478857,0.0518934495842262,0.066654012848784,0.08225703908555,0.0972686073523684,0.112359513832181,0.120660005080738,0.118589974366107,0.11272468156789,0.114974875566947
"21",0.000101527019065432,0.000114671808911887,0.000221988662827423,0.000420412998794517,0.000776203173937568,0.00139304574068874,0.00242716061231975,0.00410237213926888,0.00672116658037628,0.0106644835682088,0.0163698937521807,0.0242758391594406,0.0347221508985572,0.0478116440397243,0.0633136976101244,0.0803189214097395,0.0973214518654087,0.114942799814583,0.125560615070978,0.125008020566242,0.120071205609752,0.123340727898867
"22",6.51949973620594e-05,7.75943066790864e-05,0.00015567071067151,0.000305034658891009,0.000581876102797994,0.00107783611742294,0.00193640466028561,0.00337120043175537,0.00568235323814129,0.00926342014927957,0.0145870615243773,0.0221543103303775,0.0323936473276148,0.0455109035985896,0.0613715591541115,0.0791139789034353,0.0972044016731698,0.116244417041108,0.128187961593228,0.128528587427291,0.124156706558058,0.128029879495351
