"","X0","X1","X2","X3","X4","X5","X6","X7","X8","X9","X10","X11","X12","X13","X14","X15","X16","X17","X18","X19","X20","X21"
"1",0.147887116369576,0.157943102144221,0.1437450156138,0.121749571024948,0.0998397899113713,0.080772605710343,0.0644658115940813,0.0505671079321391,0.0388304643156798,0.0291014603788363,0.0212405559153845,0.0150760504501738,0.0103953526908361,0.00695858120664074,0.0045200085127814,0.00284834134021645,0.00174129504328026,0.00103311821544096,0.000595959345133263,0.000335963799966887,0.000194945093412301,0.000157783391737517
"2",0.14290176086341,0.152973806623667,0.139877592564051,0.119395080771171,0.098977011905966,0.0811573841498983,0.0657783734155649,0.0524729140900195,0.0410206435341305,0.0313208002008843,0.0233028486812848,0.0168667202075551,0.0118635749571213,0.00810285433659892,0.0053714522815813,0.00345518146689963,0.0021566450204779,0.00130682588201906,0.000770320062859708,0.000444126852101476,0.000264231772949471,0.000219850359786398
"3",0.132329530193014,0.142396942520406,0.131574357041055,0.114232984147965,0.0969307806601049,0.0817442171374305,0.0683588486616636,0.0563696282288183,0.0455971445285886,0.0360387726705571,0.0277567046162711,0.0207939511735219,0.0151336756240907,0.0106915977479864,0.00732863524013667,0.00487296385896762,0.00314330947058539,0.00196820987529297,0.00119916145821196,0.000715125672259994,0.00044142122069179,0.000382038252378761
"4",0.118087320766797,0.12805122833643,0.120132169337639,0.106850530757498,0.0936212177429794,0.0819432490177037,0.0713022439293561,0.0612273780315649,0.0515623290545837,0.0423981069781098,0.0339410009212466,0.0264030330905182,0.0199351331491617,0.0145985281185913,0.0103647574943838,0.00713389153020101,0.00476109188176585,0.00308358161083099,0.00194346132101973,0.00119962630888037,0.000768578949986413,0.000691541670749276
"5",0.10214124522725,0.111833451510815,0.106907768462935,0.0978889930575061,0.0890062719935585,0.0811758597157314,0.0736816346056759,0.0659615863545157,0.0578389763376522,0.0494503367933598,0.0411067060090735,0.0331673476444809,0.0259494077697909,0.0196754342552448,0.0144544683226541,0.0102891511695059,0.00709937257446848,0.00475306003166831,0.00309751439730335,0.00197827442698869,0.0013148440352141,0.00122829530460487
"6",0.085821868953253,0.0950369184728374,0.0928416761448779,0.0878113632096051,0.0830788154188603,0.0790475642233187,0.0748308159690674,0.0697613156239589,0.0635919723569192,0.0564354814622382,0.0486370818839231,0.0406467798398752,0.032914562955421,0.025816033744443,0.019610604284522,0.0144299760991313,0.0102905475868825,0.00712111263333986,0.00479876840612237,0.00317141197582615,0.0021865238749923,0.00211880488058198
"7",0.0700883709520927,0.0786186998605317,0.078674488741847,0.0770485337446284,0.0759443282944245,0.0753678308690742,0.0743180009751356,0.0720273542506429,0.0681396868834621,0.0626746280821636,0.0559292152231876,0.0483661718583778,0.0405085650456733,0.0328511676809908,0.0257964945349494,0.0196197772422479,0.0144620808362298,0.010346438353079,0.00721206376475318,0.00493365479831007,0.00352858464012524,0.00354386336807042
"8",0.0556489156877436,0.0633171086507094,0.0650353221166137,0.0660522246348735,0.0678446890333745,0.0701559942239465,0.0719434821710226,0.0723666211625541,0.0709450901092822,0.0675544151630907,0.0623679514484051,0.0557767244482466,0.0482994180244256,0.0404920090278373,0.0328683342928662,0.025841760012865,0.0196939281636678,0.0145714475407347,0.0105110921411235,0.00744545216373519,0.00552376971272169,0.00574425007015765
"9",0.0429660720623489,0.0496492307915315,0.0524270107464007,0.0552704831607999,0.0591332113095955,0.0636274021117393,0.0677458772688111,0.0706213260941819,0.0716633766517379,0.0705829866103235,0.0673778028548214,0.0622931190976225,0.0557613123421253,0.0483247151561423,0.040552726056885,0.0329666160601973,0.0259841094907167,0.0198919374493445,0.0148558139937292,0.0108991660850825,0.00838611550517442,0.00901958910068579
"10",0.0322663540344415,0.0379086940099616,0.0412037789692191,0.0451060224117728,0.0502238154322061,0.0561486167548167,0.0619780226388574,0.0668748316921121,0.0701788650268047,0.0714507250079119,0.0704945445096554,0.0673612856425388,0.0623262871979666,0.0558390155003129,0.048451456576541,0.0407379885658058,0.033222345754547,0.0263268050153394,0.0203645050044125,0.0154770233905001,0.0123449837587152,0.0137140331055582
"11",0.0235740949780599,0.0281870935465565,0.0315652971249748,0.0358795835632431,0.0415318968281181,0.0481714005331217,0.0550518957835667,0.0614225945605539,0.0666103312965725,0.0700696345680422,0.07143008332356,0.0705347596264716,0.0674567458837712,0.0624842730063593,0.0560739685226085,0.0487804889151332,0.0411779360016997,0.0337929880577547,0.0270832606425031,0.0213211022334004,0.0176173199442148,0.020183251059711
"12",0.016760923802928,0.0204132739633926,0.0235679697376822,0.0278067160617099,0.0334208826899117,0.0401612010170834,0.0474654898311413,0.0547145043776191,0.0612825507269969,0.0665811396350361,0.0701151690350536,0.0715431149217614,0.070725273009826,0.0677451665095092,0.0628961261065997,0.0566341714420031,0.0495087404178562,0.042092858989175,0.0349585087738136,0.0284982298662999,0.0243682302506784,0.0287397588339197
"13",0.0116002966987784,0.0144015987974133,0.0171498962343989,0.0209913576257766,0.026164418326375,0.0325345014355868,0.0397270059419694,0.0472810194537798,0.0546700535474646,0.061330123236765,0.0667100825703447,0.0703375705084401,0.0718857393208024,0.0712237491013516,0.0684374313137922,0.0638137552276908,0.0577946114081317,0.0509202712685666,0.0438192184262835,0.0369652144222094,0.0326633783197976,0.0395787068142783
"14",0.00781808613044372,0.00990054300140644,0.0121637717319751,0.0154351662292302,0.0199287492704264,0.0256150417637456,0.0322902319730126,0.0396578677593617,0.047325038295683,0.0548109389079185,0.0615809503209087,0.0671036951583867,0.0709204231165229,0.0727112652351919,0.0723426056190619,0.0698837534288552,0.0655925814260397,0.0598878894232989,0.0533748782591595,0.0465418424610085,0.0424208808098918,0.052693799678468
"15",0.00513324850702273,0.00663490355693343,0.00841154673986108,0.0110583295169025,0.0147745606584535,0.0196130545054359,0.0255104538608163,0.0323225804635233,0.0398037491109305,0.0475969545319328,0.0552469902775792,0.0622382724186165,0.0680522572446951,0.0722334164379709,0.0744497523127547,0.074534322168083,0.0725042074926179,0.0685730188881372,0.0632327867142636,0.0568998089919151,0.0533742733721878,0.0678015122293639
"16",0.00328603653722751,0.00433779568331589,0.00567570359124225,0.00772612764700486,0.0106736262129766,0.0146260288470641,0.0196242683983947,0.0256515337312451,0.0326039912150706,0.0402673173277107,0.0483094992688223,0.0562946854524921,0.0637181316499726,0.0700569730120132,0.0748277081046461,0.0776393889326333,0.0782399885556086,0.0765734960528238,0.0729342898251646,0.0675746965518887,0.0650602995334762,0.0842984138692035
"17",0.00205408185457022,0.00277138163461693,0.00374384379122948,0.00527574236265687,0.00753375720802409,0.010655524945189,0.0147511115305655,0.019900303544672,0.0261219504647729,0.0333430639657934,0.0413756227733516,0.0499068981177926,0.0585068928634281,0.0666531501167565,0.0737704424292676,0.0792803921543036,0.0826641279648365,0.0835613258081365,0.0820052200318615,0.0780047331512463,0.0768436639297247,0.101276769357201
"18",0.00125848187506951,0.00173735175262355,0.00242523086790797,0.00353912363598771,0.0052255642268319,0.00763268993088282,0.0109103565199765,0.0152045811036077,0.0206305715311731,0.0272401658386883,0.0349884631364779,0.0437046381868296,0.0530720291423576,0.062621929607524,0.071745374836868,0.0797260461807823,0.0858066135783822,0.0893217426281387,0.0900127613049997,0.0875952808663381,0.0879852312637153,0.117615771984835
"19",0.000762764428181966,0.00107933153469863,0.00155951200353564,0.00235946825613562,0.00360584363503479,0.00544518690244448,0.0080459752579716,0.0115949068674389,0.0162761733276125,0.022241272643997,0.0295708529905827,0.0382315493726767,0.0480326400050471,0.0585893908500467,0.0693031307247751,0.0793695396079016,0.087838338580193,0.0937699248481667,0.0966204960201741,0.0958029441362776,0.0977510417189536,0.132149716288151
"20",0.000467542345255875,0.000679744631314401,0.00101888159681046,0.00160058274226102,0.00253442820294347,0.00395992202508026,0.00605130273980121,0.00901730715524596,0.0130870029600904,0.0184838112212892,0.02538632358708,0.0338764654394419,0.0438785465342471,0.0550970194862916,0.0669671547683154,0.0786373325129483,0.0890165089103065,0.0969447577307752,0.101633998140748,0.102226726930743,0.105545941195229,0.14388869914378
"21",0.000303370449549436,0.000453778080518668,0.000705892594432255,0.00115042550755162,0.00188444986165237,0.00303989427846017,0.00479074013868674,0.00735600611958023,0.0109908905880567,0.0159649110221456,0.0225235153973343,0.0308316310340217,0.0409012008944069,0.0525105906232972,0.0651326531589316,0.0778953939043515,0.0896169356794805,0.0989827883115517,0.105024918549719,0.106680369431052,0.111032899013605,0.152226745361612
"22",0.000226755493128867,0.000347015727116099,0.000555493018983362,0.000930367557338005,0.00156169640095734,0.00257641003161544,0.00414691991093942,0.00649608951817238,0.00989150843116117,0.0146262889912868,0.0209816652890916,0.0291685829905204,0.0392492965056789,0.0510466533768061,0.0640591086204196,0.0774083170780655,0.0898657641133005,0.100032515854765,0.106838953402831,0.10910375614713,0.114049133882628,0.156837707658063
