"","X0","X1","X2","X3","X4","X5","X6","X7","X8","X9","X10","X11","X12","X13","X14","X15","X16","X17","X18","X19","X20","X21"
"1",0.209848020984713,0.160796984008027,0.137251954479493,0.112496481699259,0.0913272628266596,0.0735362903896984,0.0582727856679709,0.0451748907040985,0.0341323393856467,0.0250777429867558,0.0178888820053999,0.0123752949296424,0.00829573637735555,0.00538582529628238,0.00338545369865283,0.00206015671424767,0.00121378295338693,0.000692674660994742,0.000383524024810139,0.000208005536199314,0.00011477291242058,8.11377582849498e-05
"2",0.202412880680289,0.155659844200766,0.133750785251004,0.110754280000798,0.0911172037011257,0.0745202482655949,0.0600818921115253,0.0474486797510259,0.0365548039039526,0.027403663685946,0.0199551926297953,0.0140974363621401,0.00965340007795257,0.00640369871221341,0.00411391205779138,0.00255922210274072,0.00154186207050611,0.000900110889280788,0.000510123644174119,0.000283532855645672,0.000160667657108542,0.000116559388621434
"3",0.186685543538682,0.144729607125325,0.126198497927996,0.106848426570742,0.0904122193980849,0.0763470018873952,0.0637043528671879,0.0521356150571243,0.0416503286837088,0.0323831054904068,0.0244538738845655,0.0179099080659577,0.01271004085688,0.00873489186015876,0.00581161616907605,0.00374319388197564,0.00233447089926334,0.00141068643907631,0.000827786772796603,0.000476935556234316,0.000280771871555319,0.000211125195804535
"4",0.165599288764656,0.129915225792201,0.115704714040716,0.101053262826151,0.0888010449969455,0.0781365348691905,0.0680194903665841,0.0580779305371054,0.0483774025887434,0.0391822342190522,0.0307909101905825,0.0234446038337094,0.0172814359375562,0.0123261794855692,0.00850568142588332,0.00567873835754035,0.00366957020709827,0.00229710145249142,0.00139650630866327,0.000834434462757321,0.000510341857557702,0.000397367479242289
"5",0.142151221252197,0.113187018733957,0.103445027644803,0.0937036705020583,0.0859127903169167,0.0790151868074087,0.0718719617584506,0.0640453490940392,0.0555967406461742,0.0468621124980023,0.0382777713296661,0.0302628247360419,0.0231430349904858,0.0171136653872666,0.0122365059665029,0.00846158726268662,0.00566174752643202,0.00366960199435293,0.00231041765287403,0.00143120758827576,0.000908820812611702,0.00073173549879305
"6",0.118359244272607,0.095890804327294,0.0902495399687474,0.0850703021285505,0.081527492577302,0.0783876373260644,0.0744279134803812,0.0691069557574667,0.0624080435692878,0.0546510201545513,0.0463302139087627,0.0379866635480264,0.0301085688112225,0.0230656462394848,0.0170799648930422,0.0122290287570747,0.00847155764347049,0.00568515220064348,0.00370750426970717,0.00238135978588695,0.00156974804725304,0.00130563833316911
"7",0.0956520628022962,0.07902261183257,0.0768006037348892,0.0754766993748011,0.0756249231581078,0.0759320270913412,0.0751289276223788,0.0725536909116871,0.0680487024129496,0.0618264074808643,0.0543411082170482,0.0461712276288154,0.0379103493507971,0.0300784732149945,0.0230638330096954,0.0170987345752973,0.0122655783721672,0.00852531598044803,0.00576078374959566,0.00383791404080844,0.00262590455459948,0.00225412088384461
"8",0.0750514940016033,0.0633485066578888,0.0637077570188031,0.0653327403194759,0.0683912387659387,0.0715951394649866,0.0736859382626214,0.073893892620311,0.0718875010603754,0.0677002312479928,0.0616517866479132,0.0542602101786459,0.0461420006601702,0.0379130083410932,0.030105898238409,0.0231154794408621,0.0171761000122181,0.0123701830296055,0.00866509300964749,0.00598951865408904,0.00425262905861303,0.00376365330873272
"9",0.0571889129918604,0.0494009352998107,0.0514840855348944,0.0550984224735624,0.0601852654960117,0.0655768723740187,0.0700919733924021,0.0728950320176806,0.0734866360891601,0.0716864424915833,0.0676092374316362,0.0616209963667797,0.0542666139577176,0.0461782019972316,0.0379806160601642,0.0302106991991566,0.0232625721868706,0.0173678333363398,0.0126171571007504,0.00905064833282368,0.00666579778665117,0.0060750480828903
"10",0.0423318029693862,0.0374763461627828,0.040513057045755,0.0452259934937866,0.0514729214450356,0.0582776517495612,0.0646000454546337,0.0696008587553856,0.0726557330627307,0.0733795641224263,0.0716512893843847,0.0676184964300445,0.0616662440335539,0.0543510085150658,0.0463119476939755,0.0381762498048207,0.03047643951021,0.023599423584351,0.0177870635906206,0.0132418517977565,0.0101100464761384,0.00947596491759111
"11",0.0304471131447547,0.0276583744921624,0.0310311849837865,0.0361044031138907,0.042748404856086,0.0502176660867853,0.0576622500077795,0.0643069520455267,0.0694708458976538,0.0726129237125639,0.0733903466741837,0.0717055464336671,0.0677205939899728,0.0618302313060437,0.054597085684236,0.0466604421016648,0.0386372955938753,0.0310453109307012,0.0242831246237257,0.0187588334841341,0.0148336552884454,0.014277415548357
"12",0.021285381042644,0.0198602991801083,0.0231300699475274,0.028019087414092,0.0344610742523006,0.0419474168794405,0.0498444599184469,0.057499625825435,0.0642523709663491,0.0694811875834421,0.0726754698699693,0.0735103913802276,0.0719009186327367,0.0680184010180233,0.0622630568557725,0.0551938254881217,0.0474298873275842,0.0395606504297741,0.0321154760435563,0.0257320446077588,0.0210486007679073,0.0207703045687789
"13",0.0144682131124264,0.0138770842271873,0.0167756658495641,0.0211334963174336,0.0269619333691596,0.0339680584038509,0.041735171784995,0.0497718169886818,0.0575065668140203,0.0643213885915592,0.0696180576525354,0.0729017605962681,0.0738602511734235,0.0724180129754945,0.0687502160212133,0.0632462310742164,0.0564286690619596,0.0488691226244502,0.0411661445581999,0.0341819126252998,0.0288780145315907,0.0291622116464666
"14",0.00956543801494822,0.00943750290908111,0.0118391094499711,0.0154923237325273,0.02047641187388,0.0266747387826017,0.0338660672293763,0.0417338194623132,0.0498439450139458,0.057657020225241,0.0645752779980509,0.0700166446987586,0.0735000801348268,0.0747225352855076,0.0736079622496848,0.0703078979108836,0.0651502412386088,0.0585806249649,0.0511740339983328,0.0439783035885585,0.0382985008368157,0.0395015204011827
"15",0.00615384198796692,0.00624902174932763,0.00813207751877133,0.0110414755526922,0.0151028862826845,0.0203286981977991,0.0266566673244754,0.0339358712492555,0.0418920648736386,0.0501182010568308,0.0580954570276738,0.0652443203988105,0.0709976749666033,0.0748811120213033,0.0765817180262494,0.0759787128693815,0.0731255981572616,0.0682331359412743,0.0617416582613085,0.0548151663606105,0.0490902652899511,0.0516043748861267
"16",0.00385510094172762,0.0040313329277518,0.00544029580381578,0.00765736612266387,0.0108310011173484,0.0150565602478057,0.0203880516600929,0.0268144093791567,0.0342192636188606,0.0423548910167169,0.0508376691411282,0.0591697931909483,0.0667863124952004,0.073119744473634,0.0776688195259539,0.0800438351734149,0.0799763531678244,0.0773520443568574,0.0723665853054992,0.0662114634237757,0.0608119101307517,0.0650071967790684
"17",0.00235483942729638,0.00253752851914909,0.0035507570928303,0.00517812722598127,0.0075712793004907,0.0108700074079154,0.0152034778520105,0.0206665242366587,0.0272807093011445,0.034959153240539,0.0434818005321677,0.0524880438568632,0.0614906945257487,0.0699105397702354,0.0771259921764185,0.0825141686918468,0.0854752249059508,0.0855143622705133,0.0824951093831831,0.0775462169965137,0.0728162071149748,0.0789692361715646
"18",0.00140714128970573,0.00156420616549072,0.00227052595544796,0.00343097850622113,0.00518755324731001,0.0076965889529998,0.0111285564967693,0.015649971294136,0.02139077417757,0.0284072151261011,0.0366443952846373,0.04590477244615,0.0558287377964757,0.0658918391916483,0.0754216186120691,0.0836173254127589,0.0895735379315433,0.0924032722840314,0.0915907613928225,0.0881294575990249,0.0843172483712402,0.092543522465843
"19",0.000829492124206619,0.000953043063400045,0.00143701486769253,0.00225235924087352,0.00352554473187072,0.00541253455245698,0.00810117357987214,0.0118008214044164,0.016718460020122,0.0230247178404583,0.0308106365341256,0.0400390607099519,0.0504964427782829,0.061752709149213,0.0731394518827296,0.0837376002494834,0.0923876242056586,0.0978418811881906,0.099207687472406,0.0973033112861259,0.0945083973722874,0.104720035746172
"20",0.000492604537168723,0.000586705925531886,0.000920988371978779,0.00149973157263336,0.00243361061757701,0.0038705965146712,0.00600191363129549,0.0090590138889027,0.0132983425890885,0.0189728180776587,0.0262876499991987,0.0353413192436506,0.0460557690121636,0.0581045558373626,0.070854522753776,0.0833192343911833,0.0941492696754773,0.101802038428453,0.105057516268157,0.104557559269301,0.102713526050667,0.1146207133441
"21",0.000308709769334708,0.00038194834260314,0.000624645195858598,0.00105639167706721,0.00177537095425747,0.00292054006062997,0.00468056137378008,0.00729634074155325,0.0110526295700541,0.016254816453198,0.0231860703350139,0.0320429627870043,0.0428515765997442,0.0553727871828806,0.0690155362765342,0.082761558198115,0.0951363697413649,0.104387611328228,0.109051619378035,0.109626467912279,0.10852708163495,0.121688404487512
"22",0.000224084165108797,0.000286059982590618,0.000483129866414037,0.000840834443110337,0.00145009807309387,0.00244386570889236,0.00400776328253762,0.00638578312509965,0.00987586984312597,0.0148101340486444,0.0215134483938109,0.0302368914388033,0.0410666269606965,0.053816539034562,0.0679250120074158,0.0823622173447253,0.0955884835755774,0.105735786997478,0.111201984814962,0.112398981565527,0.11173662570121,0.125609779626611
