"","X0","X1","X2","X3","X4","X5","X6","X7","X8","X9","X10","X11","X12","X13","X14","X15","X16","X17","X18","X19","X20","X21"
"1",0.183916951239297,0.172154930642958,0.163781186808959,0.141016208359856,0.112395867955452,0.0839107987376684,0.0582820755874781,0.0375508542632319,0.0224571180508037,0.0124952518051239,0.00648441861950249,0.00314479555433199,0.00142712562324546,0.000606325185738458,0.000241111950858889,8.96561073065209e-05,3.11220509008087e-05,1.00620094428709e-05,3.02115140520456e-06,8.39587348907716e-07,2.16305076014372e-07,6.2404012963497e-08
"2",0.164988678149046,0.157826336961158,0.155332833796868,0.139705734316336,0.116859970924199,0.0915538946629643,0.06667732643158,0.0450256152298369,0.0282231426264898,0.0164647788816525,0.00896400979805977,0.00456499651440777,0.00217818856607423,0.000974768963920517,0.000409259740988383,0.000161153483819026,5.94568524411128e-05,2.05214157886063e-05,6.61214262597636e-06,1.98401201686793e-06,5.5683998724676e-07,1.79689738259762e-07
"3",0.128856682361777,0.12937908314444,0.136897619885438,0.13442448199779,0.123220774558705,0.105320519531141,0.0832672320886122,0.0607999895786337,0.0410827724010934,0.0257700687257722,0.0150539778104519,0.00821233319495908,0.00419292161741281,0.00200672195146749,0.000901118028995597,0.000379769266950292,0.000150155781748327,5.56442963040103e-05,1.92966539905816e-05,6.25089236294619e-06,1.90484799007379e-06,6.81383963303593e-07
"4",0.0890156364945859,0.0956935445661651,0.111482275125299,0.122099095562525,0.124678603845972,0.117746342999037,0.102097705979214,0.0812742941106945,0.0595730709765869,0.0403623286522948,0.0253731873409838,0.0148496257393361,0.00811399991004671,0.00414868326028828,0.00198811202958502,0.00089380086556858,0.000377083865883748,0.000149238479442288,5.53559570361803e-05,1.92232849096385e-05,6.31240909367719e-06,2.4785454484147e-06
"5",0.0556648749883431,0.0647023209583235,0.0836402404936069,0.102536385690934,0.11681122585968,0.122158133155107,0.116526915405185,0.101465566654346,0.0809334078729586,0.0593919794045017,0.0402703056822683,0.0253289062451564,0.0148295170731928,0.00810539714585573,0.00414521936817085,0.00198680048941629,0.000893335210065075,0.000376931810399482,0.000149203948337246,5.53950909123415e-05,1.9547076647364e-05,8.39037658985837e-06
"6",0.0319355831630195,0.0402589796780936,0.0576714365507842,0.0788100532116675,0.0998708437442618,0.115672810419526,0.121683715555628,0.116317415294785,0.101367308975849,0.0808871095629262,0.0593709101294351,0.0402611812865726,0.0253251641568491,0.0148280676846255,0.00810486767732384,0.00414503781966818,0.00198674569704549,0.000893333291927682,0.000376986500531609,0.000149416727486196,5.65680998906135e-05,2.64647721004466e-05
"7",0.0169199025546465,0.0231378208885792,0.0365481900347448,0.0552882581020066,0.0775652096052606,0.0993843032366614,0.115493823274919,0.121615023756308,0.116288800870722,0.1013550568011,0.0808820075463804,0.0593688944725246,0.0402604330350362,0.0253249056987181,0.0148279870890175,0.00810485133598486,0.0041450559631562,0.00198681763826047,0.000893573687155327,0.000377782740913288,0.000153318710196084,7.79829577055934e-05
"8",0.00831483947127817,0.0123243878522608,0.0213392129441297,0.0354622440463002,0.0547468202303735,0.0773694244203099,0.0993203760175698,0.115472739185933,0.121607320721361,0.116285791110961,0.101353887717967,0.0808815738027766,0.0593687436480333,0.040260387114802,0.0253249028463681,0.0148280201649281,0.00810495653565828,0.00414535112251451,0.00198770621159942,0.000896308819621793,0.000389860220116338,0.000215145795135648
"9",0.0038039696060168,0.00610339932226508,0.0115185159688163,0.0208794831321564,0.0352414293158083,0.0546718300221001,0.0773473879710283,0.099314198817568,0.115470835137682,0.121606665505313,0.116285558961944,0.101353808546878,0.08088155110068,0.059368749505251,0.0402604329438042,0.0253250496502561,0.014828429442794,0.00810604095549939,0.00414838413380455,0.00199641904284103,0.000931186256683381,0.000556674660806911
"10",0.00162483356705189,0.00281784596144538,0.00576788402636724,0.0113370839959855,0.0207949005876712,0.0352140558194693,0.0546644347831402,0.0773456114610677,0.0993137510862996,0.115470705801968,0.121606625875551,0.116285549874042,0.101353818914323,0.0808816031906864,0.0593689275612511,0.0402609662773261,0.0253264903511872,0.0148320890840244,0.00811563870758575,0.00417419785992776,0.00209056954063329,0.00135241567299296
"11",0.000649332575424181,0.00121553223082822,0.00268757318528695,0.00570103909058947,0.0113066887354245,0.0207854237584818,0.0352116538247605,0.054663930213886,0.0773455090699381,0.0993137276813541,0.115470701800991,0.12160663569338,0.116285598194839,0.101354000087046,0.0808822004987458,0.0593706809473519,0.0402655948995356,0.0253378485236399,0.0148602704395881,0.00818690855328562,0.00441213471400653,0.00308701528161346
"12",0.000243099466354436,0.000490760122875222,0.00116826329843717,0.00266457146885627,0.00569080398506982,0.0113035883532721,0.0207846728778824,0.0352115122142809,0.0546639073073665,0.0773455063991603,0.0993137344261792,0.115470738212229,0.121606788260357,0.116286157184647,0.101355815550685,0.080887450458578,0.0593842876703587,0.0402980613016306,0.0254146994456604,0.0150439181450305,0.00875043747389687,0.00662122637718953
"13",8.53211406140183e-05,0.000185666606608004,0.000474715833576295,0.00116087178105693,0.00266134558333743,0.00568984801557686,0.0113033632739102,0.0207846335382811,0.0352115075567115,0.0546639108160088,0.0773455287251986,0.0993138397968551,0.115471170925076,0.121608353413536,0.116291181592085,0.101370174330898,0.0809241300130787,0.0594698664542139,0.0404928088711011,0.0258567648025104,0.0162954031837905,0.0133395937459719
"14",2.80751363798596e-05,6.58594184338635e-05,0.000180570996679044,0.000472500249421098,0.00115992250211805,0.00266106908056174,0.00568978383709397,0.0113033527337808,0.0207846341446038,0.0352115188782595,0.0546639709151829,0.0773458055453579,0.0993149595573526,0.115475173774579,0.121621074088342,0.116327183090229,0.101461082841657,0.0811324640484984,0.0599286723138802,0.0414872358386867,0.0284628714722878,0.0252222195366114
"15",8.65642913216975e-06,2.19046711130053e-05,6.43460030372533e-05,0.000179953023148123,0.000472240549989747,0.00115984805378486,0.00266105198282187,0.00568978179828824,0.0113033576291661,0.0207846638413918,0.0352116693587251,0.0546646459397995,0.0773484857104533,0.0993244098228577,0.115504883480631,0.121704366352999,0.116535345923929,0.101930912545563,0.0821385011220725,0.0620192903425286,0.0465724732124958,0.0446992122060693
"16",2.49787755876914e-06,6.82742966932514e-06,2.14849270603058e-05,6.41861588347524e-05,0.000179887322327255,0.000472222093954096,0.00115984417166677,0.00266105376422694,0.00568979605666189,0.0113034331773652,0.0207850258327173,0.0352132315881809,0.0546706825764707,0.0773693598619228,0.0993890861923729,0.115684095004479,0.122147206701746,0.117520205353467,0.103986297194482,0.0862438884726452,0.071303061876244,0.0741266263659449
"17",6.73246963602105e-07,1.99191906253073e-06,6.71896817582128e-06,2.14467547647409e-05,6.41709090721569e-05,0.000179883336633413,0.000472222497358018,0.00115985170858833,0.0026610935875985,0.00568998790976825,0.0113042894552354,0.0207885302369942,0.0352262564026155,0.0547144518546606,0.0775021041745736,0.0997507978974467,0.116564733887998,0.12407315072149,0.121436811570921,0.111508162887684,0.10206336256934,0.114809307503053
"18",1.69032530824345e-07,5.42960461164637e-07,1.96589384770878e-06,6.71061642428537e-06,2.14436424948369e-05,6.41708405420798e-05,0.000179887591706674,0.000472245273534706,0.00115995988204435,0.00266157306337997,0.00569197647269777,0.0113119490105756,0.0208156644725252,0.035314095099673,0.0549731995062269,0.0781909542774585,0.101394587377982,0.120086136281259,0.131034427539186,0.134270459556716,0.136588868977085,0.165759012631647
"19",3.93908527009609e-08,1.37913107099607e-07,5.37193761600278e-07,1.96428651259637e-06,6.71041668374749e-06,2.1445929323291e-05,6.41836771123402e-05,0.000179949566837881,0.000472520888514867,0.00116110296557705,0.0026660158663136,0.00570810658815657,0.0113662497747136,0.0209841056396596,0.0357930787771946,0.056211506278527,0.0810713043768223,0.107410832992595,0.131607128317872,0.151366733381484,0.17113656362113,0.222769782157244
"20",8.48082439039954e-09,3.25310580152424e-08,1.36761009502288e-07,5.37081470998277e-07,1.96536147812191e-06,6.71695670374453e-06,2.14789496566425e-05,6.43354519566813e-05,0.000180592337252803,0.000475052231645754,0.00117042868622902,0.00269814521186895,0.00581113182429823,0.0116721998046746,0.0218213742250721,0.0378862116919985,0.0609358324466437,0.0906512370547709,0.125117154183563,0.16142356213494,0.201438423834945,0.278623442757937
"21",1.67884863045883e-09,7.10606283844373e-09,3.2409428773334e-08,1.37327427339913e-07,5.40534672435584e-07,1.98312738377765e-06,6.80031154629699e-06,2.18390616996549e-05,6.57757591134122e-05,0.000185958428422616,0.000493764371295506,0.00123153139165064,0.00288438194393057,0.00633884432657338,0.0130558471744705,0.0251490315078511,0.0451355011052144,0.0751347333748487,0.115866367286655,0.165469813422023,0.22407318871251,0.324883919638369
"22",3.32221065752573e-10,1.57432195996043e-09,7.88545736930166e-09,3.6475136437128e-08,1.56159422928086e-07,6.21634163584905e-07,2.30944822610223e-06,8.03010605147155e-06,2.6188359785998e-05,8.0244566767274e-05,0.000231330872703912,0.00062790030557799,0.00160449706172157,0.00385625454243198,0.00870074998783048,0.0183621505583429,0.0360253259111609,0.0652604499921142,0.108802185569666,0.166196308130043,0.23689733928948,0.35331791123737
