"","X0","X1","X2","X3","X4","X5","X6","X7","X8","X9","X10","X11","X12","X13","X14","X15","X16","X17","X18","X19","X20","X21"
"1",0.134484882772207,0.155692824671512,0.144750459538577,0.123839338313992,0.102045881090045,0.0827157190393857,0.0661309129110153,0.0519899325176696,0.0400381132219175,0.030109801596901,0.0220622038313948,0.0157262228189485,0.0108935876227648,0.00732777443645749,0.00478434452413525,0.00303115297068834,0.00186341088968999,0.00111191205779245,0.000645026797860841,0.000365641124420642,0.000212507462693631,0.000178349789929906
"2",0.129962050193757,0.150774941123592,0.140794697805605,0.121339964338647,0.10103128709868,0.082968858557429,0.0673419347221513,0.0538272684311432,0.0421914639936254,0.0323193711208739,0.0241352661020631,0.0175410461508712,0.0123927021102868,0.00850432655196979,0.00566574221854664,0.00366351714800545,0.00229907233203698,0.00140086270733856,0.000830222338155833,0.000481207765403384,0.000286716861217733,0.000247480328599769
"3",0.120369503279911,0.140309914736332,0.132309975226489,0.115877702178007,0.0986688641349441,0.0832790965906749,0.0697057172958593,0.0575738779169746,0.0466826236143925,0.0370086104726972,0.028604645663995,0.0215139315940513,0.0157249806351347,0.0111603797744498,0.00768708057112471,0.00513724442583045,0.00333121394108466,0.00209707438323676,0.00128430485195957,0.000769803507650983,0.000475860507874521,0.000427594697324385
"4",0.107444120611567,0.12612190135928,0.12063802237129,0.108108869819836,0.0949482476381822,0.0831126209787423,0.0723545169011462,0.0622177039923014,0.0525149155693512,0.0433089123215639,0.0347908396126044,0.0271695782081321,0.0206007573157313,0.0151541348532118,0.0108104782933903,0.00747766963217975,0.0050161680361582,0.00326576123595697,0.00206855606108607,0.00128311781202182,0.000823306926601952,0.00076980044966163
"5",0.0929677031367787,0.110091903218177,0.107180003159621,0.098744022851208,0.0898981002910329,0.0819491761566747,0.0744018459189037,0.0666953965916964,0.0586149293794857,0.0502621159910537,0.0419265791922928,0.0339595327417031,0.0266801437148134,0.0203192695810115,0.0149970507727341,0.0107271746895108,0.00743859060323214,0.00500535996102754,0.00327751159993858,0.00210314091182827,0.00140007339444808,0.00136037614282523
"6",0.0781463751594124,0.0935017505638997,0.0929051094665264,0.0882919321568193,0.0835593193420973,0.0794356795083601,0.0752122269782817,0.0702143222888336,0.0641535145054098,0.0571035422627769,0.0493826268253468,0.041426809528186,0.033683289930794,0.0265332196793861,0.0202466887670012,0.0149680710525581,0.0107258226215075,0.00745844216390365,0.00504889445767539,0.00335191019379952,0.00231500206970126,0.00233545047772011
"7",0.0638503562435857,0.0772983675860995,0.0785709119903542,0.077212496978481,0.0760696783658788,0.0754120488535134,0.0743797321462124,0.0721944203143907,0.0684600273875582,0.0631566692467087,0.0565506575788502,0.0490849227016741,0.0412734692126753,0.0336114164510341,0.0265088169628025,0.0202528291535976,0.014997951883043,0.0107797560873717,0.00754632605288372,0.00518496315613639,0.00371555072366406,0.00388863092348196
"8",0.0507230896816615,0.0622102412608352,0.0648142772505775,0.0659732671144492,0.0676908091581064,0.0699191940675432,0.0717266440537778,0.072262947521903,0.0710136653829633,0.0678181225501006,0.0628181340455625,0.0563805282938118,0.0490084404978376,0.0412513716951768,0.0336250632403005,0.0265513571588032,0.0203243795877645,0.0151045493234261,0.0109395686015806,0.00778183304464461,0.00578614276199276,0.00627637370717851
"9",0.0391859209392621,0.0487455190653806,0.0521378160299872,0.0550261735937005,0.058783680558415,0.0631844201598623,0.067307888163742,0.0702813016291326,0.071488975292741,0.0706123972504208,0.0676202177197083,0.0627317347528824,0.0563585788250536,0.0490295399211321,0.0413086975453813,0.0337199167565385,0.0266898255457082,0.0205179894038806,0.0153812401952297,0.0113312578543016,0.00874089278683114,0.00981601601070561
"10",0.0294463984266699,0.0371905669758938,0.0408894787411918,0.0447680485389467,0.04975916798992,0.0555765660768699,0.0613852798507182,0.0663480637368103,0.0697895376720657,0.0712498561328107,0.0705098031899591,0.0675957943096249,0.0627598220244383,0.0564320804121053,0.0491518448144012,0.0414887063060229,0.0339693870657434,0.0270254862201307,0.0209787757668461,0.016008584806855,0.012806903403925,0.0148698475380482
"11",0.0215286323375719,0.0276319491747999,0.0312590805705112,0.0355071875828174,0.0410216119936663,0.0475412750660318,0.054371936079718,0.0607677525783512,0.0660500055286825,0.0696625576586838,0.0712194542166869,0.0705438134365426,0.0676860977003308,0.0629122300300009,0.0566601761320499,0.0494723695989294,0.0419186046274328,0.0345291486836809,0.0277646753306306,0.0219457949973681,0.0181960521869716,0.0218095944885388
"12",0.0153178773971187,0.0199959073730754,0.0232920070967338,0.0274435645393163,0.0329186882730509,0.0395317881608454,0.0467599064108349,0.053992170314896,0.0606051042821996,0.0660085420435967,0.0697004520439378,0.0713262161663253,0.0707274961037183,0.067965919446136,0.063313022423061,0.0572067465733802,0.0501850231221414,0.0428174902146011,0.0356707107036436,0.0291972751267573,0.0250656189798521,0.0309584732047754
"13",0.0106098214781898,0.0140964698715393,0.0169160958030724,0.0206654055294624,0.0257068296449222,0.0319490843719879,0.039046155004108,0.0465469014913334,0.0539321458871114,0.0606431972261341,0.0661299180334871,0.0699146786682362,0.0716584198194572,0.0712122194507958,0.0686405803723814,0.0642095328141969,0.058344029995346,0.0515742238184579,0.0445126663996727,0.0377068525898857,0.0334714554720789,0.0425133162581402
"14",0.00715642574233024,0.00968360951892491,0.0119757440331375,0.0151606585622911,0.0195362222518421,0.0251007979619237,0.0316702905651305,0.0389575192254447,0.0465791525780253,0.0540639647981754,0.0608844426333606,0.0665112845358587,0.0704810711962236,0.072462267347548,0.0723039824214944,0.0700555420481795,0.0659556638297025,0.0604082016021123,0.0539912824571747,0.0472833499147935,0.0433214089599817,0.0564571178163422
"15",0.0047028698831776,0.00648487433863147,0.00826706009448585,0.0108389558797778,0.0144543444349091,0.0191826010135981,0.0249728502336712,0.0316882926986694,0.0390926668287328,0.046840085133024,0.0544860534504853,0.0615227593145474,0.0674342340825928,0.0717610198406203,0.0741607319864754,0.0744512437533866,0.0726323051896584,0.0689010469814537,0.0637122752038492,0.0575923321450614,0.0543403506202247,0.0724810468929643
"16",0.00301326410099491,0.00423678716642219,0.00556906407231097,0.00755845517070059,0.0104233679354248,0.0142803209486659,0.0191770586906454,0.025101520994979,0.0319574380311753,0.0395408396491757,0.0475314824551961,0.0555046897021458,0.0629640972701717,0.0693905919336946,0.0742987664956749,0.0772903922097182,0.0781019631762016,0.0766634572950653,0.0732242799746344,0.0681704113576303,0.0660600728977652,0.0899416784716044
"17",0.00188538156930197,0.00270505994743131,0.00366784753373253,0.00515230191839269,0.00734507637656133,0.0103872937092199,0.014391620970696,0.019439835097879,0.0255555925784564,0.0326739321603003,0.040617552096327,0.0490859659049522,0.0576613117881809,0.0658314066785332,0.0730278331777593,0.0786746672177956,0.0822505938870124,0.0833875551781241,0.0820692808130701,0.0784650207224893,0.0778455479065108,0.107879322767271
"18",0.00115631391940276,0.00169469782537535,0.00237254606304378,0.00345081214204036,0.00508708239254799,0.00742975725405467,0.010628363737038,0.0148284472941307,0.0201470756637484,0.0266410434065484,0.0342737573169371,0.0428858256752947,0.0521744087538839,0.0616858372012255,0.0708257734381264,0.0788904608168387,0.0851308970308359,0.0888830341852258,0.0898373978830691,0.0878979945641258,0.088963422326255,0.125115051110249
"19",0.000701635825907944,0.00105218157420081,0.00152350833632604,0.00229718221280978,0.00350543969226879,0.00529324497020554,0.00782685477489726,0.0112905589838606,0.0158677737958655,0.0217118529824176,0.028908800460458,0.0374347525466262,0.0471128841075061,0.0575764446106268,0.0682476127395333,0.0783438141853758,0.0869339322078178,0.0930897688162169,0.0962179282594676,0.0959466912366266,0.0986898046983254,0.140427332982657
"20",0.00043062171963744,0.000662243093495504,0.00099402037300428,0.00155617366254187,0.00246072198718826,0.00384461989872253,0.00587876435017033,0.00876812472085395,0.012738944101507,0.0180138727819364,0.024774073062967,0.0331087167048579,0.0429551717868072,0.0540373556286508,0.0658157977697637,0.0774679822436942,0.0879314284332281,0.0960670640678153,0.101039752506379,0.102230615757651,0.10644133874262,0.152782596606505
"21",0.000279798265220824,0.000441840532283531,0.00068781612624531,0.0011171404522935,0.00182763650793452,0.00294823404140312,0.00464897361030878,0.00714426356233599,0.0106850955928161,0.0155383295894733,0.0219498400844095,0.0300898669542791,0.0399823498333042,0.0514256693539924,0.0639206834366979,0.0766296206101081,0.0884061234860827,0.0979639151471577,0.104290556155709,0.106579039607722,0.111891441099038,0.161551765951182
"22",0.000209373139198476,0.000337742926401032,0.00054078768823464,0.000902691896777555,0.00151350194964901,0.00249697612952596,0.00402132028596538,0.00630436840336144,0.00960877270460641,0.0142239473202468,0.0204303191332765,0.0284429667971722,0.0383353896882731,0.0499505681852219,0.0628163271651016,0.0760913174278931,0.0885864744017516,0.0989353725144204,0.106025762173183,0.10894216513178,0.114885119508599,0.166398735429359
