"","X0","X1","X2","X3","X4","X5","X6","X7","X8","X9","X10","X11","X12","X13","X14","X15","X16","X17","X18","X19","X20","X21"
"1",0.0372671315868956,0.0414726459844645,0.0510793945021821,0.0600000781989879,0.0693994159699756,0.0772491093376234,0.0819014763099424,0.0833559052728821,0.0816641655100736,0.0770450152286652,0.0699148551325484,0.0611507685431229,0.0515846881826227,0.0420049955951419,0.03304044290574,0.025127196376438,0.0184934880677896,0.0131774023235573,0.00920273330791156,0.00620308124246362,0.00417243946407327,0.00549357095689441
"2",0.0320279166684193,0.0359632538310194,0.0449345862983284,0.0537323818145675,0.0633141020299735,0.0718622606168864,0.0778199628262955,0.0809714068252679,0.0811376066169686,0.0783182114563948,0.0727511687828719,0.0651520070893025,0.0562853972546847,0.0469462658560782,0.0378315037419677,0.0294803771515314,0.0222378384996385,0.0162432996249431,0.0116518832591011,0.00806467865287198,0.00557876132294325,0.00769512977994003
"3",0.0245557380429297,0.0280304114814584,0.0359374863434296,0.0443357689962042,0.0539253158711151,0.0632326201051975,0.0708786923273805,0.0763888408234696,0.0792819417507795,0.0792429456806484,0.0762248639947722,0.0706638364285067,0.0631719848291118,0.0545029348811693,0.0454157433195928,0.0365816424039032,0.0285167173071794,0.0215196759658992,0.0159846545990947,0.0114435725901997,0.00819839860355288,0.0119662136544012
"4",0.0173425739169265,0.0202460936187963,0.0268577947530316,0.0344828811977055,0.0436312457314403,0.0532314697170687,0.062160234642419,0.0697820453644022,0.07538254663806,0.0783535058691125,0.0783327860468698,0.0754086506860257,0.0699467571724192,0.0625647856111541,0.0540082945206946,0.0450361229433646,0.0363269537400361,0.0283508313112873,0.0218330579190777,0.0161792473668732,0.0120083278614047,0.0185337933718259
"5",0.0114797341565899,0.0137725614403994,0.0190156642606947,0.0255418158651353,0.0337621035642856,0.043006660792081,0.0524608503871511,0.0614771477587455,0.0692450306853747,0.0749599244121379,0.0779818887407858,0.0780378694011453,0.0751737100350628,0.0697654991568286,0.0624334292229828,0.0539306104137102,0.0450408701427626,0.0363749197201824,0.0290729187545642,0.0223145461746104,0.017162659427092,0.027989585487673
"6",0.00719020829377197,0.00889929700607515,0.0128389472986149,0.0180926270706329,0.0250344409639978,0.0333469497828916,0.0425367287014284,0.0520757746744611,0.0612042710681891,0.0690564425588315,0.0748097883917443,0.0778796749573306,0.077969638579905,0.0751357017533016,0.069760431970003,0.0624742018416014,0.0540718996754177,0.0452308197460325,0.0375772488433267,0.0299023527744312,0.0238453498290064,0.0410672042190002
"7",0.00428242148478307,0.00548498331465588,0.00828932608736352,0.0122712210133634,0.017788767696499,0.0247948986482349,0.0330863339760829,0.042332848484623,0.0519407716798866,0.0611197340706338,0.0689950646480325,0.0747769500241984,0.0778697606603263,0.0779868181962587,0.0751939522429906,0.0698870992067458,0.0627598557363472,0.0544437992983408,0.0471056778730593,0.0389079583877865,0.0321872306330971,0.0584945266366857
"8",0.00243099922070663,0.00323030592249298,0.00512203910744217,0.00796901114716104,0.0121061730114422,0.0176623171828715,0.0246599783729813,0.0329838154464897,0.0422680016686119,0.0519034492587577,0.0610962790235738,0.0689911316623021,0.074795946575777,0.0779266808054712,0.0781119122412076,0.0754368665621203,0.0703890316589301,0.0634193638358224,0.0572726417367533,0.0491617418026807,0.0422103432343421,0.0808519705220576
"9",0.00131656441354521,0.00181892102876917,0.00302897665085407,0.00495291016142658,0.0078855084553205,0.0120437575470876,0.0175964608136673,0.0246110494337193,0.0329542458931549,0.0422533929590667,0.0518992818725865,0.0611109291069962,0.0690381449721649,0.0749055172195083,0.0781532873193252,0.0785393096419826,0.0762761696546271,0.0715017650658245,0.0675658331677876,0.0603440720037617,0.0537873533688425,0.108416549249977
"10",0.000680451489426574,0.000979292927296088,0.00171372996990411,0.00294464003210497,0.00491309208179705,0.00785644380933006,0.0120134013187042,0.0175745642984818,0.0245991556970909,0.0329518806111239,0.0422626372034133,0.0519337718682915,0.0611973978046781,0.069229070221459,0.0752913651512248,0.0788680851328871,0.0798869738719753,0.0780718252636788,0.077403674138442,0.0720007114553078,0.0666196846626978,0.14100815099068
"11",0.000335638915556508,0.000504061978655865,0.000927297764307864,0.00167386047486981,0.00292666369119958,0.00490031286192041,0.00784334778662191,0.0120046725075574,0.0175718689589619,0.0246051308277611,0.032974565628073,0.042324168527183,0.0520793064167172,0.0615117452784196,0.0698543233633141,0.0764320201527981,0.080945515463578,0.0826591711746635,0.0862204408286844,0.0835885768639599,0.0802423458827462,0.177874964652446
"12",0.000157997218939948,0.000247998518374907,0.000479704845997773,0.000909405990896865,0.00166617916619176,0.00292141574451837,0.00489525079050614,0.00784104203210821,0.0120075472665027,0.0175856931210054,0.0246446850958494,0.0330745544917833,0.0425553741590357,0.0525715551999999,0.0624775808952866,0.0715916583728558,0.0795032945290526,0.0850392817040338,0.0935606156175189,0.0945459163936094,0.0940608468571999,0.217662401988728
"13",7.09735899555987e-05,0.000116607681492052,0.000237178665776743,0.000472085406138411,0.000906324225985974,0.00166426915260904,0.00292004268413635,0.00489639682377694,0.00784840389901341,0.0120306182070285,0.0176477231045445,0.0247976939846286,0.0334235263476859,0.0432895036555833,0.0539942125234709,0.065003395123158,0.0759431365960267,0.0852857696330665,0.0991583293713784,0.104373350000156,0.10741879025574,0.258501669068644
"14",3.0421222005043e-05,5.23891242943267e-05,0.000112050992193005,0.00023410867582539,0.000470965629559606,0.000905875745985036,0.00166470546916749,0.00292355353222916,0.00490843960577188,0.00788311030922665,0.0121219239680887,0.0178699734533695,0.0252990318316536,0.034466861870019,0.0452883829619724,0.0575002973388629,0.0709100029245017,0.0837578253558273,0.102978698725339,0.112707036477968,0.119686013028146,0.29822833175799
"15",1.24408180415827e-05,2.24865899779831e-05,5.05729923027163e-05,0.000110895149850936,0.000233803433952895,0.000471201774814608,0.000907403261812023,0.00167036235467191,0.0029410201370833,0.00495748348856214,0.00801059286982671,0.0124291259414926,0.018556180785424,0.0267129952132352,0.0371474471370613,0.0499379405119362,0.0651826609394203,0.0810211540167033,0.10520737672595,0.119365504609383,0.130349454742619,0.334701896505874
"16",4.85379979309224e-06,9.22018258414211e-06,2.18062662316736e-05,5.01871460005421e-05,0.000110937038426177,0.000234433838691267,0.000473603984616147,0.000915323653630937,0.00169409184220263,0.00300681410653366,0.00512692431524214,0.00841531434707754,0.0133250819106988,0.0203855378346638,0.0301478011490925,0.0430446586890065,0.0595196079053349,0.0777224273677109,0.106190560688556,0.124358373457007,0.139085451554464,0.366156988922432
"17",1.8067621543257e-06,3.61224402140884e-06,8.98715424144856e-06,2.17220817832157e-05,5.03993378717184e-05,0.000111868963387438,0.000237680045783396,0.000483966644640786,0.000945954329281229,0.00177824441517005,0.00322173949988193,0.00563612374648052,0.00953323891687332,0.0155885483559464,0.0245982877871219,0.0373140838573891,0.0545218047987109,0.0744537196663819,0.106344216913955,0.127856406092577,0.145795067511294,0.391492520875049
"18",6.42090877586617e-07,1.35392785781696e-06,3.54821564514748e-06,9.02423327471097e-06,2.20435888651533e-05,5.16106829347988e-05,0.000115973492830887,0.000250593466201835,0.000521769233085682,0.00104894862517522,0.00203921646710295,0.0038352870060505,0.00697276113824302,0.0122187031631653,0.0205471431214171,0.0329637347112942,0.0505489264838336,0.0716468218091086,0.106061203077747,0.130133937980646,0.150593548639842,0.410413208844798
"19",2.18573542592795e-07,4.88150345013671e-07,1.35305694560148e-06,3.64157347351341e-06,9.43661188805647e-06,2.35311615598703e-05,5.65763658706553e-05,0.000131425678451543,0.000295416994362297,0.000642886456725164,0.00135346303689622,0.002749850550897,0.00537224086490146,0.0100388332006672,0.017839718414954,0.0299608967428415,0.0477055923882764,0.0695244715505888,0.105643238094912,0.131502278398376,0.153759159506594,0.423385282626928
"20",7.23078771095868e-08,1.72908078730255e-07,5.12800402161299e-07,1.48133682813474e-06,4.14064028806737e-06,1.11984433556732e-05,2.9335383640382e-05,7.44410700596075e-05,0.000182756466267048,0.000432940161891874,0.000985962661554907,0.00214833515416182,0.00445726217125848,0.00875620997764593,0.0162031228841907,0.0280975766515258,0.0458905599338917,0.0681141596061409,0.105273011591501,0.132252502205035,0.155657637179429,0.431426608464975
"21",2.46745597141112e-08,6.48497028754786e-08,2.1093275416369e-07,6.70403265739503e-07,2.06756797585774e-06,6.17275606926025e-06,1.77991437578511e-05,4.94107292662299e-05,0.000131536183607847,0.000334363869394509,0.000808173290443007,0.00184921066545435,0.00399063983251529,0.00808682912742924,0.015330605187261,0.0270837349579554,0.0448815196968034,0.0673069883880484,0.105024708582139,0.132619720763824,0.156665086259831,0.435810462137941
"22",1.0801793854546e-08,3.19400491584981e-08,1.15278934229365e-07,4.0389318447277e-07,1.36255992930221e-06,4.40759157199836e-06,1.36226426040592e-05,4.00889588454268e-05,0.000111953815475602,0.000295754870710682,0.000736982895030464,0.00172700329033624,0.00379649960744354,0.007803700415311,0.0149559444967828,0.026642133932739,0.0444354533620172,0.0669431785816546,0.104902239253223,0.132767314691158,0.157096600620094,0.437725196501111
