"","X0","X1","X2","X3","X4","X5","X6","X7","X8","X9","X10","X11","X12","X13","X14","X15","X16","X17","X18","X19","X20","X21"
"1",0.207479360986713,0.094940577749175,0.0787397493489483,0.0712887053596115,0.069827507421342,0.0678962209109867,0.0646112794118961,0.0599493579227206,0.0541777590126605,0.0476813664768277,0.040873755887496,0.0341401958741542,0.027800132125935,0.0220856977057754,0.0171304596038868,0.0129844481536979,0.00962220913873713,0.00698347570714504,0.00484974321979386,0.00327269545897986,0.00212992210466394,0.00153538041885053
"2",0.189417020363311,0.088030850029041,0.0744113860282106,0.0686563419514762,0.0683929672370408,0.0675786166981826,0.0653510436322435,0.0616353198726656,0.0566403934857435,0.0507089172774181,0.0442370912812066,0.037618344226002,0.0312013424260651,0.0252610243487164,0.0199774495175711,0.0154462885957498,0.0116791930514296,0.00864839911710356,0.00611618989730104,0.00419820666944797,0.0027723515581498,0.00202126273592086
"3",0.162056500849052,0.0773677005819915,0.0675034303151795,0.0642094810747066,0.0656867961535587,0.0665435162600956,0.0659508341165503,0.0637517498904118,0.0600569312467423,0.0551303693350675,0.0493249004526483,0.0430297634223837,0.0366242878555901,0.0304391100102034,0.02471988717599,0.0196314005222972,0.0152443794889072,0.0115871309166775,0.00838631593222466,0.00588029384037889,0.00395322816151692,0.00292199239782317
"4",0.132782718405038,0.0656072089896347,0.0594806240641375,0.058618945911284,0.0618135273334702,0.0644043466277199,0.0656034344111269,0.0651624576123433,0.0630724390667332,0.0594891594045466,0.0546893488235408,0.0490273196506854,0.0428886223937686,0.0366439069816725,0.0305966255571599,0.0249820541294025,0.0199364645995755,0.0155591599927525,0.0115229490661554,0.00824992620726651,0.00564294227548363,0.00422581849649914
"5",0.105313658459045,0.0541214369944847,0.0511382804225475,0.0522862047056989,0.0568794741528693,0.060994279523246,0.0638933822404235,0.0652452968906953,0.0649170169188354,0.0629370849582758,0.0594750469875241,0.0548124033339302,0.0493023225621724,0.0433214328326792,0.0372035425530615,0.0312380417457799,0.025619084889329,0.020523403886793,0.0155434670209855,0.0113543211359873,0.00789512444941549,0.00598569333621774
"6",0.0812574726978115,0.0435806330825432,0.0429533395731432,0.0455468110215071,0.0510978466623868,0.0563854660808888,0.0607382455528716,0.0637648121116033,0.065221399360048,0.0650061867824612,0.0631613919376957,0.059861835509185,0.0553863474484913,0.0500737327082579,0.0442463196310077,0.0382152840499272,0.032209788678977,0.0264792265481705,0.0204962650161961,0.0152651774132904,0.0107822212567992,0.00827019687673394
"7",0.0611244523919012,0.0342958248406142,0.0352499041793648,0.0387245427567049,0.0447729153322999,0.050823049771601,0.0562879441515148,0.0607505183796365,0.0638855295542315,0.0654759133107888,0.0654334295158925,0.0638048707359418,0.060758505673115,0.0565496307300061,0.0514382706275885,0.045711428188638,0.0395946808361295,0.0333914373183285,0.02639947893566,0.0200309298105316,0.0143606051680023,0.011136137791505
"8",0.0448665582495534,0.026383803424108,0.0282563121894304,0.0321206428919697,0.0382478407365488,0.0446482861600857,0.0508374303383703,0.0564114435630878,0.0610040802287399,0.064314538188246,0.0661397164856862,0.0663944589231344,0.0651129369505726,0.0624268066843603,0.0584804824287157,0.0534814944634079,0.0475993132828054,0.041157924789281,0.0332096317301397,0.0256487659304314,0.0186479831032524,0.0146095492580697
"9",0.0321482144591745,0.0198421368853046,0.0221194449432007,0.0259886158823526,0.0318541445848749,0.0382336805301404,0.0447582396905011,0.0510742628003575,0.0568192914923218,0.0616513676449365,0.0652843952174534,0.0675157510538192,0.0682387934281538,0.0674332475055762,0.0650793024260309,0.0612467059713613,0.0559870063447118,0.0495982866062579,0.0408048708962792,0.0320459280055014,0.0236062255264982,0.018670088105189
"10",0.0224925112223993,0.0145886688185822,0.0169097724267231,0.0205147339849967,0.0258738787242468,0.0319325868790041,0.0384426287490271,0.0451301253928097,0.0516783331007281,0.0577505698167512,0.063020203561353,0.0671972133010318,0.0700449427926937,0.0713787697935646,0.0709773844505998,0.068718912166604,0.0644729699251592,0.0584568441395201,0.048979796269809,0.0390695586518443,0.0291299745240813,0.0232396213084677
"11",0.0153720082529246,0.0104893581598732,0.0126294848530459,0.0158100017528879,0.0205167290357977,0.0260430139220641,0.0322577142522531,0.0389849388955298,0.045986843052238,0.0529749227538418,0.0596276462901673,0.0656074534170633,0.0705731911398896,0.0741802897916193,0.0759847811927075,0.0756310199928818,0.0727489206633922,0.0674186341157695,0.0574531123506046,0.0464878071564373,0.0350440887654873,0.0281780401935211
"12",0.0102693333562427,0.00738158423256421,0.00922572204867821,0.0119132535235255,0.0159114169343208,0.0207857621195548,0.0265107817445319,0.0330148695159196,0.040159991375024,0.0477392252373526,0.055477519409228,0.0630320734860203,0.0699919398272363,0.0758715436225372,0.080001132086823,0.081766312378874,0.0805138912488712,0.07613716756638,0.0658892448143273,0.0540048232858221,0.0411129879859184,0.0332894242002451
"13",0.00671578140263995,0.00509364435611827,0.00660693652735015,0.0088024693232094,0.0121090130215326,0.0162962050546026,0.0214273961015265,0.027530931823624,0.034576388158496,0.0424588168885662,0.0509808940117265,0.0598321500201359,0.0685688775148616,0.0765931920916487,0.0830232475019953,0.0869807110687338,0.0875063371294084,0.0842709401805751,0.0739327979312797,0.061290041921155,0.0470631106325472,0.0383401173382638
"14",0.00431192932524628,0.00345971295076837,0.00465953699388511,0.00641054709728098,0.00909462494740302,0.0126275915363936,0.0171425608579041,0.0227557665503763,0.0295406002597612,0.0375007517404922,0.0465344779944656,0.0563910686377547,0.0666269490648005,0.0765643956602102,0.0851361265151068,0.0912137549505628,0.093532201976904,0.0915233821200866,0.0812514708076814,0.0680186208576839,0.0526165079514061,0.043087421203823
"15",0.00273420707227215,0.0023298876446272,0.00326247890030217,0.00464205446670002,0.00680362636484009,0.00976271167691601,0.0137035389583289,0.0188139116824634,0.0252587435654459,0.0331450477999797,0.0424707957574546,0.0530596581016248,0.0644923069675157,0.0760417827292391,0.0864896018695482,0.0944865996225551,0.0984839774265576,0.0976791258671635,0.0875798604094452,0.0739160406644552,0.0575298943655002,0.0473141480870625
"16",0.00173169466922353,0.00157566450605845,0.00229848134729486,0.00338842500845868,0.00513910145183326,0.00763053163818885,0.0110818497213801,0.0157350801976432,0.021829584264816,0.029561806262979,0.0390220530265975,0.0501104774593906,0.0624453543419873,0.0752751677072699,0.0872664428127096,0.0968882363734709,0.102347184777167,0.102629016800707,0.0927547212883197,0.0787971300318236,0.0616305745431986,0.0508614217694798
"17",0.00111719637265506,0.00109173257888774,0.00166155245017406,0.00254021296950693,0.00398814884324391,0.00612481440646555,0.00919150678051466,0.0134685158746923,0.0192512826119021,0.0268072503147421,0.0363039800623144,0.0477103476714875,0.0606854976324565,0.0744702651528802,0.0876497262045706,0.0985535981709819,0.105192970304594,0.106377793266957,0.0967328503231851,0.0825895644013176,0.0648399833883812,0.0536512102180874
"18",0.000755906722119498,0.000795210914700948,0.00126121882542047,0.00199599637284637,0.00323568237757341,0.00512239990417251,0.00791048247993084,0.0119053375874153,0.0174414964588657,0.0248381660431424,0.0343216481183223,0.0459158677182161,0.0593166054738524,0.0737664365911627,0.0877968759932532,0.099638607035144,0.107158315078467,0.109032002293076,0.099586427670519,0.0853351118118834,0.0671780919130595,0.0556921126168546
"19",0.000553956453715824,0.000623355696150961,0.00102413616128136,0.0016680478761379,0.00277498254062098,0.00449924046938959,0.00710222156367455,0.010904592950138,0.01626597145006,0.0235400768458992,0.0329937252073227,0.0446903323373256,0.0583539827257144,0.073232554311026,0.0878250465792537,0.100297353249116,0.108418428146245,0.110771242936368,0.101477246946628,0.0871686017866661,0.068747794818849,0.0570671089484159
"20",0.00044818414918914,0.000530559361292305,0.000893835218288521,0.00148522220920842,0.00251479264080953,0.00414289984239751,0.00663444397188862,0.0103185821609838,0.0155695824830194,0.0227619736056685,0.0321876673106795,0.0439352814442072,0.0577479131175839,0.0728787201762233,0.0878086707404605,0.100665147876714,0.109157299821499,0.111809969443861,0.102616946093467,0.0882808572671686,0.0697041762598633,0.0579072748055259
"21",0.000397662609582594,0.000485146048753952,0.000829182652566356,0.00139349631968501,0.0023829254162792,0.00396055281653351,0.00639283616456439,0.0100131594145821,0.0152033888671437,0.0223491215426507,0.0317558975737618,0.0435263266422348,0.0574144440692405,0.0726771005895088,0.0877863323837216,0.100849253800785,0.109542783580513,0.112359928738585,0.103224755438582,0.0888770197499322,0.0702185363427496,0.0583601492380451
"22",0.000377553427657504,0.000466755551427374,0.000802747611688843,0.00135569984632222,0.00232820327229929,0.00388437256444685,0.00629124381371229,0.00988392716166273,0.0150474877604032,0.0221722672402282,0.0315697324479109,0.0433486694631745,0.0572680547031428,0.0725865928604614,0.0877726915369893,0.100924838877624,0.109706000712792,0.112595245586837,0.103486156616232,0.089134318382987,0.0704410593244119,0.0585563812375886
