"","X0","X1","X2","X3","X4","X5","X6","X7","X8","X9","X10","X11","X12","X13","X14","X15","X16","X17","X18","X19","X20","X21"
"1",0.0579637128431707,0.0517402402296149,0.0654258391854582,0.0812256083771576,0.0944528910291905,0.102486321208138,0.103879461757285,0.0985837160981145,0.087818059053924,0.0736030666199748,0.0581644132721901,0.0434165986465357,0.0306585241753837,0.0205060677074987,0.0130039571530481,0.00782451374951306,0.00446983699944177,0.00242647752032807,0.0012562676753235,0.000628462886188377,0.000311220678098174,0.00015474313441763
"2",0.0475945273903512,0.0434995410655053,0.0564743002399669,0.072055460244382,0.0862806166025607,0.0966044082313528,0.101249953572062,0.0995541217271836,0.092047308656397,0.0802043957836933,0.0659858460445922,0.0513421324493218,0.0378313844370828,0.0264277342798209,0.0175174996125185,0.0110250665551029,0.00659244998337863,0.00374932560023342,0.0020373231520306,0.00107363448253251,0.000561440464630035,0.000291529425295864
"3",0.0334761857500352,0.0319698506116794,0.0435077524673263,0.0582008006897254,0.0732005130419604,0.0862450885014094,0.0952701167262717,0.0988500985885634,0.0965269043205445,0.0888713483068981,0.0772707222722133,0.0635344319057003,0.049460075107433,0.0364904842920594,0.0255351281622286,0.0169600601333467,0.0106992577448485,0.00642050845313132,0.00368619719436051,0.00205971270775333,0.0011433891890526,0.000621373833453512
"4",0.0209182520621182,0.0212218406344986,0.030712781037489,0.0436072927291347,0.0582354970892786,0.072883393087323,0.0855302819253473,0.0942542449646691,0.0976977265977535,0.0954022115764441,0.0878936196133282,0.0764988666539036,0.0629743266721938,0.0490833911533497,0.0362546215116152,0.0253984018073107,0.0168915644905226,0.010686843153554,0.00647897755465649,0.00383699865664297,0.00225799349516138,0.0012808735336999
"5",0.0118516871132212,0.0129394968480685,0.0200957375602446,0.0304921327821802,0.0434734853764901,0.0580431499194068,0.0726009526606159,0.0851816805788083,0.0938867760033489,0.0973572392819668,0.0951191442069119,0.0876795674253051,0.0763503026506706,0.0628793008919947,0.0490281116172733,0.0362289571259666,0.0254023115506421,0.0169472258169702,0.0108557806164962,0.00681983080961377,0.0042532444722474,0.0025138846915517
"6",0.0061650585724366,0.00731146351343518,0.012244543352237,0.019921124419415,0.0304010126920308,0.0433928545381104,0.0579523710720985,0.072501054902453,0.0850824779313983,0.0937984614604825,0.0972861886136821,0.0950670694406909,0.0876447053407611,0.076329517245233,0.0628707444552375,0.0490355010275614,0.0362716819928186,0.0255389525535039,0.0173073930186922,0.0115503747028687,0.00763385452361051,0.00469359463123742
"7",0.00296718264523918,0.00384554422593697,0.00695794707573149,0.0121544415397319,0.0198793281208644,0.0303731416232875,0.0433679693139971,0.0579280382185366,0.0724782850648269,0.0850629229763651,0.0937831532045135,0.0972753035538041,0.0950603559995906,0.0876426221360897,0.0763360140178686,0.0629004634697246,0.0491331065949873,0.0365555716222324,0.0262549532204198,0.0186460221506529,0.0130589277920847,0.00833870543350946
"8",0.00132729829885617,0.00188625694865595,0.00368803869959857,0.00692011773244067,0.0121387004024734,0.0198708607032537,0.030367134280979,0.0433628691795072,0.0579235971997215,0.0724746255800419,0.0850601671442226,0.0937814245023444,0.0972751944934901,0.0950646070134617,0.0876612508086348,0.0764002482135021,0.0630987411191793,0.0496876602456498,0.0379057120398164,0.0287047448799563,0.0212994023583031,0.0141013481559061
"9",0.000553214109197021,0.00086337849779415,0.00182298180630445,0.00367421743401819,0.00691494472435533,0.0121363682479839,0.0198695481096137,0.0303662015081758,0.0433621339073163,0.0579230336435387,0.0724742883049824,0.0850603710803653,0.0937836428513525,0.0972852918389184,0.0951027180068131,0.0877878363075638,0.0767797629564433,0.0641261860258097,0.052106604169428,0.0421657630671549,0.0331358011547105,0.0227057122481556
"10",0.000215111283345638,0.000368791467295349,0.000840086728834763,0.00181844572990651,0.00367268967815171,0.0069143510579615,0.0121361011538288,0.0198693962229436,0.0303661008608947,0.0433620868419132,0.057923160756151,0.0724752371216199,0.0850650407408311,0.0938032580087986,0.0973575457365887,0.0953379847514286,0.0884758825994684,0.0785869396387575,0.0682453592684501,0.0591482058240686,0.0491933449282579,0.0348248796004987
"11",7.80762920484364e-05,0.000146986720628845,0.000360864352667746,0.000838725839000384,0.00181803339784024,0.00367254837185637,0.00691429916309662,0.0121360791439841,0.0198693913817339,0.0303661489219854,0.0433624257474706,0.0579250001616795,0.0724838861888627,0.0851007113034391,0.0939325951975286,0.0977712573038817,0.0965203525168165,0.0914943016824441,0.0852556852711735,0.0793130527863164,0.0697369740363404,0.0509026042191998
"12",2.6456860894467e-05,5.46532241784491e-05,0.000144480425769461,0.000360487551543502,0.000838623236275705,0.00181800182354134,0.00367253874195695,0.00691429772186013,0.0121360928280954,0.0198694940160316,0.0303667682397713,0.043365687674022,0.0579400862713495,0.0725452019653471,0.0853197357115034,0.0946214251553966,0.0996978724774631,0.101308889877541,0.101761764939648,0.101804507216129,0.0944779511391905,0.0709549829024869
"13",8.36956022350642e-06,1.89546965068435e-05,5.39154206830658e-05,0.000144383680772958,0.000360463929415185,0.000838616649879325,0.00181800040738318,0.00367254174014666,0.00691432434449085,0.0121362721535547,0.0198705496794364,0.030372234164709,0.0433905874156337,0.0580398416694819,0.0728963543983129,0.086406303428487,0.0975994633817694,0.106915986371979,0.116349186643835,0.125315873114463,0.122463531776721,0.0944142453721101
"14",2.47129803498611e-06,6.1305080894838e-06,1.87522869832855e-05,5.38923390650348e-05,0.000144378651110121,0.000360462702785105,0.000838617027114313,0.00181800633382567,0.00367258664833573,0.00691461922059802,0.0121379759055038,0.0198792258244304,0.0304111625108647,0.043544318614688,0.0585732575286861,0.0745212757711942,0.0907756079429604,0.10794318136644,0.12789113670665,0.148289058273259,0.152116429669728,0.120087452869648
"15",6.80854103617755e-07,1.84861541953951e-06,6.07875213900155e-06,1.87471673807816e-05,5.38913576981751e-05,0.000144378537298442,0.000360463821532018,0.000838626816504816,0.00181807794658411,0.00367304683080009,0.00691722823681965,0.012151038635138,0.0199369400701592,0.0306358138531535,0.0443128089888417,0.0608791854173971,0.0806112150379945,0.104879060306094,0.135819235147667,0.169206218676721,0.181452980032949,0.146282434897601
"16",1.7493129667279e-07,5.19539432375935e-07,1.83628487095408e-06,6.07769781923659e-06,1.87470068184844e-05,5.38915253776855e-05,0.000144380432185538,0.000360479171203584,0.000838735847721518,0.00181876214212039,0.00367684759442307,0.0069359208783455,0.0122323207476255,0.0202487196357513,0.0316873746034204,0.0474222495745539,0.0689531460278024,0.0989311774053955,0.14023475870126,0.186888890697522,0.208445287990765,0.171099701564285
"17",4.18854852165487e-08,1.36021226374515e-07,5.16804396788622e-07,1.8360862519254e-06,6.0777054571986e-06,1.87473572038854e-05,5.38945741379531e-05,0.000144403824274179,0.000360639221981475,0.000839711335619002,0.00182405399482195,0.00370236049316261,0.007044970588878,0.0126442480828255,0.0216183025873534,0.0356795556218804,0.0576236412324622,0.0916674189275797,0.14181455968303,0.200707855800697,0.231427855500402,0.19281917267087
"18",9.33789034228998e-09,3.31538353685156e-08,1.35457792209704e-07,5.16777467149365e-07,1.83615946248364e-06,6.07834601404883e-06,1.87523216605931e-05,5.39299955075716e-05,0.000144633796810015,0.000361987181984451,0.000846807149686153,0.0018574555080866,0.00384235093951774,0.00756499171015599,0.0143475443607403,0.0265126830747672,0.0479972219578427,0.0845780200626644,0.141552356708195,0.210637084494283,0.249417253441758,0.210258318063875
"19",1.9361152222973e-09,7.51706289089025e-09,3.30483353049209e-08,1.35473309527698e-07,5.16939254766194e-07,1.83734140313052e-06,6.08655749134736e-06,1.88060559539704e-05,5.42565415482412e-05,0.000146454685760151,0.000371216605768057,0.000889002407865511,0.00203027244285442,0.00447236000237343,0.00959579645649837,0.0200989518382902,0.0407776554749279,0.0787221149559766,0.140444052747691,0.217147653561961,0.262241781448349,0.222981005961207
"20",3.72898641137796e-10,1.58437553158644e-09,7.50425532882026e-09,3.30947805267749e-08,1.358012684221e-07,5.1910156051402e-07,1.85095377510194e-06,6.16807862404535e-06,1.92661769609493e-05,5.66760972644865e-05,0.000158174160085577,0.000422959318551063,0.00109528475987758,0.00276647321907193,0.00680478162781192,0.0161040209664213,0.0360167560416415,0.0745753123595531,0.139241446683118,0.220997113070045,0.270446191900142,0.231286827127916
"21",6.68336279146216e-11,3.11639690969056e-10,1.59593879042144e-09,7.6049732602019e-09,3.37403378385144e-08,1.39705171163164e-07,5.41571152143323e-07,1.97435764171182e-06,6.81264835161584e-06,2.24423203383966e-05,7.12808249732929e-05,0.0002201048072315,0.000662338090868146,0.00192953436660187,0.00536079314356687,0.0139348414518422,0.0333115943951336,0.0720915545848728,0.138349800570605,0.223002117409673,0.275029019389397,0.236005067042855
"22",1.23919502039587e-11,6.43081813863102e-11,3.61301770574186e-10,1.89100586871534e-09,9.24158648846934e-09,4.23537079957014e-08,1.83039078135792e-07,7.51219515839326e-07,2.95169193596166e-06,1.11870322306826e-05,4.10692047834098e-05,0.000145765040401474,0.000495748877048865,0.00159286700130635,0.0047563296606876,0.0129940383644734,0.0320995899910155,0.0709380414377311,0.137884213498129,0.223845605573846,0.277064650531573,0.23812695391194
