"","X0","X1","X2","X3","X4","X5","X6","X7","X8","X9","X10","X11","X12","X13","X14","X15","X16","X17","X18","X19","X20","X21"
"1",0.0215793177750724,0.0392498404163585,0.0663073266138128,0.0947934254932313,0.117240844136977,0.128817346760448,0.127281259763974,0.114303269264123,0.0940743712590193,0.0713781430383408,0.0501383799949041,0.0327048850909689,0.019850373910699,0.0112239204178607,0.00591491704503333,0.0029047944629681,0.00132841308397147,0.00056502261032426,0.00022312554854577,8.16195832123578e-05,2.75743562825011e-05,1.18293738689897e-05
"2",0.0163990682979643,0.0306995926622889,0.0537331088300857,0.0799930275808308,0.103572508924571,0.119556469391278,0.124501627117938,0.118154513422342,0.10297739819205,0.0828714773480231,0.0618193128497245,0.0428660638519285,0.0276817987662331,0.0166676778599364,0.00936296718882329,0.00490729970801487,0.00239879950908424,0.00109272423625199,0.000463280047883293,0.000182505134112288,6.66454065564946e-05,3.21336740755575e-05
"3",0.00991192335876301,0.0195972665093276,0.0366342422860588,0.0586804541067533,0.0822292308661071,0.102952826419429,0.116393926623428,0.119899041081405,0.113304291180188,0.0987132381533067,0.0795827932474921,0.059539522121225,0.0414228841413507,0.0268390995912069,0.0162109631913648,0.00913230657202161,0.00479856721174424,0.00235097940553209,0.00107313786257488,0.000455903352429732,0.000179905999957354,9.74967183295833e-05
"4",0.00495371851794649,0.0105639366231897,0.0215875127323703,0.0381002169424011,0.0590247349053832,0.0815702926103806,0.101479129400964,0.114575925958829,0.118170784381224,0.111912606675096,0.0977275296794839,0.0789567446942825,0.0591776363170104,0.0412304380707041,0.0267442035141777,0.0161672670156684,0.00911343244311113,0.00479090861354978,0.00234806319972835,0.00107242127542157,0.00045565470128503,0.000276841727787649
"5",0.00208879083690401,0.00488990500670019,0.0111009300610311,0.0219320799076043,0.0380796698558323,0.0587227127999602,0.0810485373563667,0.100893738736764,0.114056460523864,0.117778163510191,0.111652201735306,0.0975737687786489,0.0788749015639552,0.0591380035988668,0.0412128476970496,0.0267369781674784,0.0161644937609289,0.00911242977525214,0.00479056787011901,0.00234921916289715,0.00107276892474035,0.000730830369536085
"6",0.000752110813490749,0.00196139938476806,0.00500086487633486,0.0111588334425943,0.0218951557500951,0.0379809805977366,0.0585741119245856,0.0808918741046902,0.100761168710448,0.113960565535178,0.117717410331222,0.111618153840901,0.0975567324739072,0.0788672519858336,0.059134914680007,0.0412117194530703,0.0267366026164074,0.0161643787310724,0.00911241328674499,0.00479501942279217,0.00235059971903476,0.00179773831908098
"7",0.000233007485439366,0.00068506435690819,0.00197615913238369,0.00500458663998607,0.0111431039457284,0.0218696718856338,0.0379460711481763,0.0585389938772259,0.0808631962029542,0.100741063973884,0.113948215925132,0.117710718240465,0.111614931519396,0.0975553511876856,0.0788667265455333,0.0591347373840855,0.0412116665011746,0.0267365887902009,0.0161644527111837,0.00912656348946392,0.00479956855760802,0.00412956049974625
"8",6.23602963072352e-05,0.000208819743263474,0.000684961207287405,0.00197445978965905,0.00499990482655955,0.0111377080360549,0.0218628473128041,0.037939488153558,0.0585337855312976,0.0808596407994937,0.100738933242741,0.113947089915767,0.117710190145204,0.111614711671925,0.097555270455724,0.0788667004836944,0.0591347300479305,0.0412116654195409,0.0267369009480809,0.0162052305988872,0.00914026110279999,0.00887434027141481
"9",1.44349091298506e-05,5.555832947352e-05,0.000208083651866649,0.000684132886987367,0.00197335735557868,0.00499896014688009,0.0111366000814256,0.0218618224862548,0.0379387026169518,0.0585332631290039,0.0808593349623924,0.100738775260836,0.113947017474272,0.117710160684944,0.111614701136757,0.0975552671583127,0.078866699598732,0.0591347334139762,0.0412127784279128,0.0268442729477871,0.016243191732956,0.0178681516075655
"10",2.88568557073945e-06,1.28794414066958e-05,5.53067605877118e-05,0.000207860282349587,0.000683919598026764,0.00197322117980159,0.00499881212167836,0.011136469119061,0.0218617254347397,0.0379386398269487,0.0585332272397689,0.0808593168375602,0.100738767124566,0.113947014233444,0.117710159551731,0.111614700791096,0.0975552671314938,0.0788667153903105,0.0591382628607526,0.0414723541130078,0.0269415072613022,0.0337509880147919
"11",4.95995165405528e-07,2.59163858354973e-06,1.2823603519912e-05,5.52622091155988e-05,0.000207825813441678,0.000683903633040069,0.0019732051958062,0.00499879868269284,0.0111364595421637,0.0218617194325655,0.0379386364881473,0.058533225594885,0.0808593161153026,0.100738766842573,0.113947014137188,0.117710159529971,0.111614701203606,0.0975553284426855,0.0788767696517097,0.0597166898128949,0.0417032400785387,0.0598730663563989
"12",7.27305604262909e-08,4.498718442963e-07,2.58223968198751e-06,1.28165775605032e-05,5.52575292175376e-05,0.000207824321861329,0.000683902275486455,0.0019732041247402,0.00499879795695251,0.0111364591058496,0.0218617191983741,0.0379386363764477,0.0585332255471952,0.080859316097355,0.100738766842938,0.113947014234914,0.117710162083076,0.111614913846929,0.0975812464648516,0.0800687064890092,0.0602260503707497,0.0998488757144003
"13",8.99255351928879e-09,6.67564085830842e-08,4.48623286330566e-07,2.5813468604168e-06,1.28160443650413e-05,5.52574210115756e-05,0.000207824233875073,0.000683902211548814,0.00197320408428893,0.00499879793401881,0.0111364590941677,0.02186171919307,0.037938636374372,0.0585332255501031,0.0808593161763733,0.100738767877555,0.113947029306659,0.117710838445557,0.111675763001484,0.0998587888326694,0.0811144615419613,0.156690086957808
"14",9.21948966910056e-10,8.3610234471447e-09,6.66243121198107e-08,4.48531662810598e-07,2.58129617568808e-06,1.28160384386936e-05,5.52574167804836e-05,0.00020782423110458,0.000683902209950078,0.00197320408345372,0.00499879793362532,0.0111364590940189,0.0218617191942063,0.0379386364131729,0.0585332262547399,0.0808593242276558,0.100738850898964,0.113949058263128,0.117841792261141,0.115720979628194,0.101859865646493,0.231625180469805
"15",7.66044625608673e-11,8.68463991133972e-10,8.34994935034017e-09,6.66167796543636e-08,4.48527696065432e-07,2.5812959377618e-06,1.281603829196e-05,5.52574166959482e-05,0.000207824231061259,0.000683902209929758,0.00197320408344719,0.00499879793380337,0.0111364591037749,0.0218617194662632,0.0379386408273207,0.0585332722893882,0.0808597157609897,0.100744667985932,0.114209178477432,0.124535869243849,0.119295506212869,0.322950062983516
"16",5.00764228100831e-12,7.30685195639509e-11,8.67740952383877e-10,8.34946298738405e-09,6.66165306309274e-08,4.48527689305989e-07,2.58129593422539e-06,1.28160382902231e-05,5.52574166951867e-05,0.000207824231061858,0.000683902209983584,0.00197320408545576,0.00499879799735666,0.0111364605279177,0.0218617401666134,0.0379388416531399,0.0585347957271223,0.0808754967693915,0.101224849379665,0.124555049075722,0.13050700080725,0.425430858178897
"17",2.48050507837944e-13,4.83138914855084e-12,7.30328489372865e-11,8.67717089860863e-10,8.34945094172132e-09,6.66165305020887e-08,4.48527689249982e-07,2.58129593420314e-06,1.28160382902163e-05,5.52574167077405e-05,0.000207824231801983,0.000683902230769633,0.00197320450541212,0.00499880481927308,0.0111365439665029,0.021862475405371,0.0379439045451281,0.0585749549632858,0.0817055340927744,0.116200874027456,0.133902569901146,0.530738228120643
"18",8.86547351169728e-15,2.4173065567876e-13,4.83011881113582e-12,7.30320011273902e-11,8.67716664598286e-10,8.34945094023603e-09,6.66165305015626e-08,4.48527689249975e-07,2.58129593425239e-06,1.28160383808972e-05,5.52574219711594e-05,0.00020782436835148,0.00068390450807391,0.00197323377839151,0.00499910424288041,0.0111388983168728,0.0218771968660449,0.0380389201671381,0.0599287923681136,0.102080349127616,0.129946568482202,0.629054028578526
"19",2.13032577037924e-16,8.71338516948799e-15,2.41700196062386e-13,4.83009850009489e-12,7.30319909644618e-11,8.6771666459344e-10,8.34945094072063e-09,6.66165305261735e-08,4.48527691025881e-07,2.58129635416938e-06,1.28160603963114e-05,5.52579632703719e-05,0.000207832696098895,0.000683999902424324,0.00197410509052895,0.0050053858814974,0.0111752914591916,0.0220799321142836,0.0401258254008239,0.0860809962398807,0.121095905992465,0.71149954546328
"20",3.04784605344056e-18,2.1085554414261e-16,8.71294976290892e-15,2.41699905791333e-13,4.83009835495936e-12,7.30319913249557e-11,8.67716702563767e-10,8.34945255829281e-09,6.66165835713513e-08,4.4853009281027e-07,2.58138023246131e-06,1.28178357492823e-05,5.52827694834584e-05,0.000208091056665542,0.000686150473956912,0.0019884653936934,0.00508316055905019,0.0115627049700236,0.0251187211065935,0.0719366737792337,0.110858784241256,0.772486041992101
"21",1.94460615914965e-20,3.03397761618173e-18,2.10856114148859e-16,8.71317859746707e-15,2.41709336254889e-13,4.83037024163012e-12,7.30382955980854e-11,8.67839345174522e-10,8.35147398537209e-09,6.66476573556397e-08,4.49006959892207e-07,2.58793425296676e-06,1.28905157149561e-05,5.59321309375598e-05,0.000212889508898145,0.000715390562790364,0.00213555520571069,0.00574838114254108,0.0157347711493172,0.0619727564276313,0.102379474773017,0.811028845697138
"22",0,2.0764072432698e-20,3.23820653414695e-18,2.24927994553857e-16,9.28849336055341e-15,2.57634320992895e-13,5.15460080531313e-12,7.816077840988e-11,9.32803640710761e-10,9.03336800701778e-09,7.27954870619602e-08,4.9808061364813e-07,2.93781198933324e-06,1.51197999566794e-05,6.86383187958792e-05,0.000276779088417766,0.000994362684491178,0.00323912547921792,0.0112795184812299,0.0568097095752056,0.0974982903913194,0.829814937443521
