"","X0","X1","X2","X3","X4","X5","X6","X7","X8","X9","X10","X11","X12","X13","X14","X15","X16","X17","X18","X19","X20","X21"
"1",0.181013619582711,0.108105639588649,0.0872722145606782,0.0745565474984058,0.0701606387423131,0.0673539926577202,0.063954099709534,0.0594004312187546,0.0538141972940834,0.0475221277979124,0.0409065771697066,0.0343331482843555,0.0281099314535344,0.0224645866368435,0.0175356518926459,0.0133791910644322,0.00997849634169567,0.00726409449324899,0.00512173535941328,0.00351557485367166,0.00232611087010699,0.00191139292958053
"2",0.16581829277082,0.100073491187514,0.082161957206451,0.0716266167703776,0.0686392322545507,0.0669935763078044,0.06463472771702,0.0610009538891678,0.0561711637259991,0.0504354610236391,0.044159538178421,0.0377151039375457,0.0314357947691726,0.0255877087767972,0.020352938203489,0.0158301102092573,0.012037880334684,0.00893276687666795,0.00641290971132365,0.00447652872690736,0.00300509343779798,0.0024981539845897
"3",0.142720791428183,0.0877143959615417,0.0740895527150371,0.0667489694766816,0.0658272180336349,0.0659205211787792,0.0651698213457719,0.0630078886984989,0.0594403072939542,0.0546881801281736,0.0490762766713197,0.0429701841332908,0.0367293449383374,0.0306690464343124,0.0250325439081746,0.0199822533174541,0.0155925528909314,0.0118634648638584,0.00871577211026311,0.00621401546641671,0.00424658580752318,0.00358031319785867
"4",0.117864799455873,0.0741457017500074,0.0648542315643755,0.0607307481981389,0.0618851984127823,0.0637887780725246,0.0647993173735835,0.0643402427830711,0.0623250035371248,0.0588786884061188,0.054254927867986,0.0487845167788066,0.0428293997088361,0.0367383600614053,0.0308080914131588,0.025264826740478,0.0202437457933477,0.0157970527982298,0.0118756591355901,0.00864443446298711,0.00601035144992497,0.00513592423564656
"5",0.0943570509089639,0.0609686198204884,0.0554120087341742,0.0540339812990221,0.0569401178351042,0.060446610448361,0.0631295073153331,0.0644054062112996,0.0640898858921294,0.0621940888699534,0.0588718964288179,0.0543843310177365,0.0490597219271768,0.0432477784621575,0.0372727342771162,0.031407877536494,0.0258407021886046,0.0206752067460225,0.0158953351751192,0.0118040650157218,0.00834308679737069,0.0072199870928296
"6",0.0735720272558933,0.0489485221100067,0.0462973397882602,0.0470078358366523,0.0512004667746669,0.0559608693138336,0.0600792891197564,0.0629776998119403,0.0643831744846682,0.0641892143197634,0.0624313100259184,0.0592695167206281,0.0549595220530028,0.0498105610902231,0.0441355012828045,0.0382232106621651,0.0322908484744492,0.0264824104191344,0.0208100337460646,0.0157544513998933,0.011310734977714,0.00990546033255781
"7",0.0559855012758136,0.0384228004808904,0.0378394970356601,0.0399665703129051,0.0449526734692828,0.050559358675975,0.0557864506294679,0.0600823597961066,0.0631094548845735,0.06465644431135,0.0646372274999495,0.0630911118025756,0.0601674377584471,0.056091995792977,0.0511194927008699,0.0455106096557235,0.0394752442022025,0.0331721760165661,0.0266262800839466,0.0205339409025045,0.0149624616616753,0.0132509110505339
"8",0.0416118021077614,0.0295012593746421,0.0302489735145763,0.0331938797030655,0.0385184292678994,0.0445613675607169,0.0505265068026566,0.0559146004391345,0.0603576615478576,0.0635674636865303,0.0653500945886153,0.0656201075751729,0.0643983245724441,0.061789279872827,0.0579407679957965,0.0530333258444589,0.047220295649966,0.0406364326653391,0.0332918119487537,0.0261304154045684,0.0193082617745182,0.0172789381026959
"9",0.0302200670154044,0.0221588708921844,0.0236469813903154,0.0269259156925687,0.0322102175431601,0.0383182943330394,0.0446492814247565,0.0507817165539463,0.0563561872171443,0.0610457195024996,0.0645771663782403,0.0667529387140368,0.0674583638558272,0.0666497048499477,0.0643235475607286,0.0605259832628975,0.0552965470207959,0.0486959577467573,0.0406805893977295,0.032464043512407,0.0243027241393469,0.0219591819962628
"10",0.0214504867964306,0.0162844155159779,0.018078005123179,0.0213356255308923,0.0262967114780834,0.032166872514432,0.0385270642268665,0.0450537249588752,0.0514331034902504,0.0573415415544596,0.0624649788343838,0.0665204062317562,0.0692664968099851,0.0704986516764092,0.0700282860514271,0.0677172061270667,0.0634324650379065,0.0571045740854293,0.0485892248246862,0.0393787492504236,0.0298349133840685,0.0271964964970076
"11",0.0148877426336699,0.0117134495986929,0.0135214087259893,0.0165258678143419,0.0209809374228718,0.0263948772563599,0.0325116362137249,0.0391171176156766,0.0459730603166132,0.0527983901486296,0.0592795746913937,0.0650838808653604,0.0698655464030515,0.073261861282589,0.0748796418521144,0.0743575564310788,0.0713377080898143,0.0655651533161833,0.0567454845677265,0.0466446031250299,0.0357270638889189,0.0328274377401657
"12",0.010111861439867,0.00825458799932179,0.00990587944399161,0.0125320404061812,0.0163911328829274,0.0212195847762082,0.0269011181631802,0.0333330131662514,0.0403716549356471,0.0478095387639157,0.0553715361370928,0.0627133405743275,0.0694155136618561,0.0749734283193667,0.0787860984213466,0.0802461316102801,0.078731688172194,0.0737559150524891,0.0648295701455456,0.0539733068833259,0.0417447790662732,0.0386282799784083
"13",0.00673245613802953,0.0057105914015967,0.00712570018090616,0.00933206339049426,0.0125824856816538,0.0167785926599767,0.0219182276626238,0.0280031917206072,0.0349919569269482,0.0427699417033923,0.0511293825616748,0.059748614910657,0.0681678113696748,0.0757659443797701,0.0817461966717313,0.0852504924501983,0.0853729161254164,0.0813640474020996,0.0725068792014895,0.0610468669588967,0.0476196339898415,0.044336006512318
"14",0.00440883488608958,0.00389395249074721,0.00505663502109643,0.00686054793376184,0.00954679605673388,0.0131313342530488,0.0177004106806433,0.023347007430238,0.0301285173060613,0.038030152009652,0.0469285026050134,0.0565499469753749,0.0664243579024342,0.0758439253848893,0.0838397845223857,0.0893162400375101,0.0910843417483699,0.0881217600400157,0.0794680367570858,0.0675562776836376,0.0530820481580738,0.0496805901171343
"15",0.00285853888636698,0.00263694034276374,0.00356955432302213,0.00502410889147173,0.00722674205739761,0.0102686609582547,0.0143008963589784,0.0194906933258878,0.0259832108486261,0.0338592458188323,0.0430843244087394,0.0534469770927164,0.0644894972922387,0.0754459911534338,0.0852064008386499,0.0924648412230557,0.0957702894711015,0.0938384010598859,0.0854691653251326,0.073243521511644,0.0578988386879499,0.0544231601238481
"16",0.00185737216153751,0.00179672298272181,0.00254077930279646,0.00371554502073275,0.00553179400364071,0.00812758154375256,0.0116987134927878,0.0164690030427585,0.0226555361616198,0.0304223853524545,0.0398180481044901,0.0506961568082631,0.0626248874252834,0.0748043027176078,0.0860161001579414,0.0947808397778909,0.0994218420313589,0.0984219802347996,0.0903637695531796,0.0779377527631773,0.0619072256623268,0.0583916616988763
"17",0.00123405058771204,0.00125666922412711,0.00185898127083011,0.00282559189491407,0.0043536132089923,0.00660851763386672,0.00981520292902549,0.0142377646344132,0.0201479020758992,0.0277762033885768,0.0372409934411753,0.0484550526906688,0.061017054326167,0.0741105120088999,0.0864397208261732,0.0963917332495732,0.102109534144847,0.101884859004874,0.0941182544131287,0.0815764594798634,0.0650365489678344,0.0615047805984362
"18",0.000862183859070394,0.000925090230551423,0.00142906482968331,0.00225179423519147,0.00357958791777039,0.0055928986185186,0.00853431900234722,0.0126946860971263,0.0183840728182923,0.0258818348646568,0.0353596470934194,0.0467780239888189,0.0597640133627983,0.0734954527018024,0.086625186785862,0.0974450040877901,0.103964731472425,0.104331648445672,0.0968065182912023,0.0842055137865995,0.0673114652529501,0.06377726225745
"19",0.000651560520497642,0.000732512238255206,0.00117365945919327,0.00190447956355553,0.0031036313533849,0.00495914843495859,0.00772363885674988,0.0117043900846741,0.0172362898415273,0.0246313735340599,0.0340982602505888,0.0456318916372693,0.0588817010051771,0.0730253238136937,0.0866840052993589,0.0980869572286423,0.105153869599408,0.105932294613001,0.0985851531850599,0.0859583411073054,0.0688360347248315,0.0653054836488059
"20",0.000539979568915872,0.000628317369106423,0.00103288410347702,0.00171011119374366,0.0028338306035731,0.00459559291737794,0.00725322821576049,0.0111232928837096,0.0165552688739127,0.0238809816546089,0.0333320103240228,0.0449253543002552,0.0583256807784861,0.0727122915498819,0.0866886987961337,0.0984467740507121,0.105851030462734,0.106886976154775,0.0996559646165827,0.0870202654322087,0.0697635809589329,0.0662378851910892
"21",0.000486186253664978,0.00057723641940964,0.000962864590203887,0.00161228871640486,0.00269668605857751,0.00440907763732591,0.0070097494402574,0.0108199265578527,0.0161967044146764,0.0234824727481999,0.0329213117862989,0.0445425026689273,0.0580195505748846,0.0725333990750573,0.0866786769059449,0.0986275353140003,0.106214740790799,0.10739192424246,0.100226520415253,0.0875888740779946,0.0702618763920544,0.0667398949197523
"22",0.000464630761931011,0.000556523365546008,0.000934183720111077,0.00157188919678547,0.00263965310793068,0.00433101387547378,0.00690721700071242,0.0106914119233215,0.0160439134761669,0.0233116517442266,0.0327441535296982,0.0443761320603688,0.0578851055197248,0.0724529518699859,0.0866706577756282,0.0987019596015911,0.106368741418117,0.107607830847664,0.1004717476752,0.0878341084126264,0.070477281932948,0.0669572411842425
