"","X0","X1","X2","X3","X4","X5","X6","X7","X8","X9","X10","X11","X12","X13","X14","X15","X16","X17","X18","X19","X20","X21"
"1",0.168067104159703,0.113790213242919,0.0907846506790329,0.079142403882327,0.0721680936083619,0.0673427384988471,0.0629587673288458,0.0581346890387258,0.0526365833287599,0.046587949430248,0.040266756334734,0.0339823199616903,0.0280098027150864,0.0225586361207769,0.0177612575139029,0.013675072769062,0.0102937784326661,0.00756888028079794,0.00544230652400529,0.00387535122102397,0.00285176369150676,0.00210088123697448
"2",0.154727226259361,0.105615223829731,0.0855174078507007,0.0758825997830337,0.0704727017988969,0.0669163888289752,0.0635968167549385,0.0596654891928985,0.0548831457711459,0.0493577214710294,0.0433592790592804,0.0372044667307766,0.0311909275633318,0.0255613796020832,0.0204864415886554,0.0160609275453642,0.0123110627415481,0.00921540229865876,0.00674159583854328,0.00487991770290415,0.00364396276696592,0.00270991502117477
"3",0.134343585679643,0.0930040145734737,0.0772109077530861,0.0705285000604575,0.067433420011392,0.065787367686887,0.064113363752298,0.0616093444662168,0.0580194104945646,0.0534158203671073,0.0480428796432862,0.0422148926282302,0.0362521731113987,0.0304396880285612,0.0250013580071776,0.0200875537599989,0.0157755182782325,0.0120891813389254,0.00904301462541285,0.00668306569636369,0.00508193562455883,0.00382300441272524
"4",0.112216533269917,0.0790991090160398,0.0677279405364519,0.0640377813488091,0.0633096860050671,0.0636728043805358,0.0638063866272255,0.0629542520768321,0.0608296950828143,0.0574466851701914,0.0529977433759095,0.0477698220402555,0.0420852672185118,0.0362570092122141,0.0305549428740696,0.0251840871240255,0.0202771304107508,0.0159131758729389,0.0121712000675422,0.00918042033120571,0.00710476391886404,0.005403564039826
"5",0.0910427864099103,0.0655163706046809,0.0580490864530176,0.0569363154847596,0.0582651834158201,0.0604416856359716,0.0623045841162662,0.0631411792105224,0.0626241522421797,0.0606905552418138,0.0574546501026816,0.0531447396573438,0.0480530671524306,0.0424913639792095,0.0367522008708242,0.0310794651198613,0.0256537046101618,0.0206111284287215,0.0161100659875524,0.0123925497119525,0.00975191342390378,0.00749325214041243
"6",0.0720546922903691,0.053037060161584,0.0487109942844843,0.0495834460964999,0.0525025527515212,0.0561480237274538,0.0595184948564979,0.0619476584334257,0.0630678607697134,0.0627310688438529,0.060954294196568,0.0578784183360072,0.0537304338762511,0.0487837756712289,0.0433190326852664,0.0375903879872797,0.0318065390393516,0.0261533290519564,0.0208784683522692,0.0163671159126795,0.0130850024102721,0.0101513502654648
"7",0.0557294515016672,0.0420182127516235,0.0400363943102247,0.0422781374779825,0.0462811796138322,0.0509880405223364,0.0555578282198554,0.0593806391946704,0.0620606239315496,0.0633702262495353,0.0632229068921761,0.0616525114319362,0.0587895939087017,0.0548303935713269,0.0500018888515093,0.0445294101542822,0.0386181049509579,0.0324850871889919,0.0264701549979907,0.0211296819501709,0.0171470503414429,0.0134224819872332
"8",0.0421516637750941,0.0325916249937819,0.0322289086808449,0.0352815604380182,0.0398904619788225,0.0452436974263164,0.0506610035089901,0.0556039824831042,0.0596706563795499,0.0625728138129125,0.0641285378427494,0.0642580753279302,0.0629736039413325,0.0603591161420352,0.0565443523236846,0.0516795922517639,0.0459244617698747,0.0394979684234723,0.0328255420983541,0.026657425369484,0.0219384527518048,0.0173164982800771
"9",0.0311880298463042,0.0247541702248582,0.0254065360659557,0.0288100339415501,0.0336151538117381,0.0392325917154369,0.0451403986549603,0.050888031623678,0.0560950515217067,0.0604413861258966,0.0636709857909958,0.0655980066616986,0.0661068226052141,0.0651427893752786,0.0626981704761039,0.0587999046140503,0.0535135664970242,0.0470215261228523,0.0398187412487056,0.0328636658029675,0.027400634156685,0.0217938031163364
"10",0.0225801689279736,0.0184141237453512,0.0196151973907331,0.0230237093996978,0.0277057256254935,0.0332668827530457,0.0393369558443701,0.0455668420037671,0.0516256874432068,0.0571951153837462,0.0619753587651895,0.0656943312031738,0.0681125420301117,0.0690222684707089,0.0682464908813676,0.0656442174232244,0.0611373100548726,0.0548277212866866,0.0472554263297217,0.0395911411961894,0.033406709730062,0.0267560741113042
"11",0.0160046018793526,0.0134224060137384,0.0148395406251692,0.0180204940473627,0.0223578810641838,0.027621526937504,0.0335812805478603,0.0399972656780755,0.0466118527070835,0.0531410275345421,0.0592755091991456,0.0646852066554228,0.06902246957327,0.071925185591003,0.0730274681055926,0.0719851481460619,0.0685318954551411,0.0626456910239087,0.0548815614436525,0.04661560076686,0.0397615641703024,0.0320448228347645
"12",0.0111165685821302,0.0095979109640254,0.0110156899286364,0.0138373299649025,0.0177021792555966,0.0225125363920761,0.0281620442044138,0.0345205693490576,0.0414195443710502,0.0486361644630719,0.055883981575509,0.0628063082961134,0.0689711994904709,0.0738728984575813,0.0769511178973474,0.0776370250989465,0.0754428351974079,0.070185314666365,0.0624033198964983,0.0536613858217991,0.046213801194373,0.0374502749326254
"13",0.00758183788683635,0.00674840682235421,0.00804561679986884,0.0104577350068988,0.0138029334188158,0.0180855181977077,0.0233034309168457,0.0294296868606454,0.0363912977303623,0.0440443796305883,0.0521510744746981,0.0603573812831892,0.068174381880521,0.0749725174165279,0.0800052042422705,0.0824735434568509,0.0816507684974406,0.0771669420169033,0.0695168766188521,0.0604288259320101,0.052480181160977,0.0427314597488332
"14",0.00509760906474454,0.0046865718904535,0.00581140295174726,0.00782329745899013,0.0106643939186771,0.0144136889873488,0.0191526470050475,0.0249451846898051,0.0318114313814705,0.0396937402545562,0.0484190590457132,0.0576589947580762,0.0668937577980134,0.0753948794865757,0.0822487985703461,0.0864370317655516,0.0869940559913966,0.0833530628861899,0.0759442704681219,0.0666303481382151,0.058280103639315,0.0476456698496421
"15",0.00340379154219293,0.00324092426831793,0.00418780211264275,0.00584671789068857,0.00824173875398011,0.011503668565018,0.0157773847287731,0.0212020024453063,0.027881129378722,0.0358410075954591,0.0449792757441062,0.0550073222135288,0.0653957379647243,0.0753429329353637,0.0837951177736479,0.0895379885543635,0.0913843125929831,0.0885764096589864,0.0814690990303295,0.0720290734418438,0.0633742559607136,0.0519823068483063
"16",0.00228663928929125,0.00226205664364696,0.00305217248661705,0.0044244971420828,0.00645452203945625,0.00930695452612152,0.0131721975473058,0.0182477489794269,0.0247065056585065,0.0326488300906738,0.0420398204485365,0.0526357875979266,0.0639121620845465,0.0750175296008121,0.0847877864798164,0.091845491623935,0.0948119399754412,0.0927586825093447,0.0859644376542108,0.0764715467271295,0.0675989923483223,0.0555936985468477
"17",0.00157706841836664,0.00162510217039625,0.00229156019638781,0.0034480968144172,0.00520072380447737,0.00773498691761853,0.0112720944160164,0.0160520045574341,0.022300946704723,0.0301792465184226,0.0397097313803182,0.0506912593516222,0.0626116196103109,0.0745882944139286,0.0853760541324869,0.0934707939825852,0.0973403303372711,0.0959152634877484,0.0894059641120014,0.0799062766529525,0.0708876293914792,0.058414952629034
"18",0.00114588113589691,0.00122956405845152,0.00180721177025112,0.00281302929833184,0.00437006720803554,0.00667583806210902,0.00997110876435417,0.0145246493845267,0.020600675145054,0.0284039807502494,0.0380020777328957,0.049229083453839,0.0615869910503262,0.0741756424884615,0.0856942655449057,0.0945475356688017,0.0990896082862888,0.0981441333944214,0.0918663198964251,0.0823826839166585,0.0732725165534606,0.0604671364362542
"19",0.000897621582853989,0.000997502286089392,0.00151692905856065,0.00242561049805077,0.00385548652095383,0.00601044895971583,0.00914283690678248,0.0135395316178003,0.0194896290707625,0.0272280235913591,0.0368534916769389,0.0482260485537829,0.0608600661274174,0.0738463983521718,0.085849121859133,0.0952124619522161,0.100213422243465,0.0996015907317263,0.093492177922942,0.0840308853570975,0.0748675562828935,0.0618431588472863
"20",0.000764248382498105,0.000870854482422492,0.00135572181751462,0.0022073450549752,0.0035619564530909,0.00562657503075826,0.00865984543698369,0.0129590613945804,0.0188281204839212,0.026520300431467,0.0361539679454794,0.0476059477671411,0.0603995243376397,0.0736214981265069,0.0859156401975063,0.0955898157485981,0.100873683379534,0.100470645000888,0.0944700951129624,0.0850280535599073,0.0758363994676557,0.0626807003879692
"21",0.000699220363412379,0.000808332391362746,0.00127505211284025,0.00209690320211384,0.00341200052552852,0.00542874736356641,0.00840887797084571,0.0126550234384873,0.0184788773480535,0.0261435982516659,0.0357782863751021,0.0472692124200807,0.0601450123843939,0.0734909020010494,0.0859402118077391,0.0957814742259476,0.101218770483063,0.100930239109615,0.0949907946203234,0.0855614309431824,0.0763562290747147,0.0631308035869131
"22",0.000672952011786577,0.000782853383067017,0.00124186500482777,0.00205111629125383,0.00334941722440383,0.00534568445025181,0.00830290006597161,0.0125259245832756,0.018329771522601,0.0259818669524806,0.0356160079450593,0.0471226683825399,0.0600329644609798,0.0734316058588859,0.0859475545246349,0.0958610518205281,0.101365085192206,0.10112674043133,0.095214489964792,0.0857913055196277,0.0765807486404862,0.0633254257690114
