"","X0","X1","X2","X3","X4","X5","X6","X7","X8","X9","X10","X11","X12","X13","X14","X15","X16","X17","X18","X19","X20","X21"
"1",0.043335321123937,0.0420106298561906,0.0520438357925402,0.0608993336952924,0.0698714104915381,0.0771336323351371,0.0814249614625303,0.082588639378708,0.0806569309468774,0.0758838585654687,0.0687490174123131,0.0600683893532491,0.050649837197353,0.0412503051260203,0.0324714159112634,0.0247267433661536,0.0182335909056673,0.0130397990778161,0.00911278294081774,0.006271174985511,0.00454420705764267,0.00503418301796915
"2",0.0373385734193608,0.0365694429330799,0.0459513333547256,0.0547218579714489,0.0639497051773422,0.071980694851702,0.0775829821350179,0.0804154639021487,0.080294591874677,0.0772630684872114,0.0716240379178754,0.0640496115198805,0.0552869921157064,0.0461025337514117,0.0371648624370137,0.0289874213805432,0.0218997769813192,0.0160526690596108,0.0115150975495823,0.00814706235164468,0.00609643995384828,0.00700578087484525
"3",0.0287638909817487,0.0287033461093967,0.0369950135939818,0.0454242419853414,0.054774444075927,0.0636802046939726,0.0709983204242584,0.0761676502358334,0.0787193124157898,0.0783898608290859,0.0752001938054423,0.0695696752943248,0.0621053748650866,0.0535397655636878,0.0446048108693286,0.0359430263518716,0.0280493497843205,0.021239186898507,0.0157624107088262,0.0115550254458273,0.00900218184934397,0.0108127132180931
"4",0.0204492395528952,0.0209313245938785,0.0278952224981026,0.0356120247693113,0.0446460821441255,0.0539813201616966,0.0626423264760925,0.0699362314863925,0.0751690537677734,0.0777869951187539,0.0774968020003216,0.074397031113828,0.0688648699286648,0.0615098401297771,0.0530569798808667,0.0442374735296139,0.0357051850697978,0.0279597695559361,0.0214922727509061,0.0163398652225646,0.0132594752407373,0.0166306150079592
"5",0.0136478577189551,0.0144056760377605,0.0199626017310527,0.0266303554067186,0.0348503138307357,0.0439675471004513,0.0532433839724153,0.0619874416160579,0.0694060429607859,0.074742995461342,0.0774235318983138,0.0772061573564854,0.0741658120426317,0.0686878718532298,0.0613849701117953,0.052989840552852,0.0442626229208599,0.0358690233706671,0.0285848487897963,0.0225562469578669,0.0190718853528443,0.0249529729563778
"6",0.00863098585679616,0.0094339456220937,0.0136433296513746,0.0190688432825842,0.0260984961375393,0.0344049620130273,0.0435199844000548,0.0528762983201184,0.0617185239592391,0.0692146667748769,0.0745967907797027,0.0773229923566587,0.0771400041226073,0.0741316371735933,0.0686907565906451,0.0614412685268277,0.053161999228577,0.0446285365353618,0.0369222621748978,0.030275194575297,0.0266876023137204,0.0363909196044018
"7",0.00519700088868467,0.00590168797877989,0.00892782047740027,0.0130893301585196,0.018749854343688,0.025841969194599,0.0341575137603159,0.0433262524429734,0.052743314287227,0.0616322843439581,0.0691556829954577,0.0745657543676437,0.0773165078208997,0.0771639784543303,0.0742034096183456,0.068843031716475,0.061774504878093,0.0537937659030975,0.0462806254874956,0.0394858361089656,0.0363068807019418,0.0515429940711039
"8",0.00298618880071567,0.0035325140458268,0.00559766774763444,0.00861244553596782,0.0129150784497042,0.0186140658872457,0.0257141100156075,0.0340603119791427,0.0432624893965414,0.0527054267502114,0.0616111175352271,0.0691550747600293,0.0745914413962528,0.077386013880722,0.0773124110310587,0.0744879384446776,0.069416574283154,0.0628053511211136,0.0562982235415127,0.0500460210858733,0.048015597713159,0.0708739365986177
"9",0.00163891310976564,0.0020241027379261,0.00336264361459117,0.00542942573243716,0.00852358811418914,0.0128477402132274,0.0185517630487719,0.0256678835206802,0.0340315553547881,0.0432484362835298,0.0527044523714625,0.0616318915851125,0.069214232351325,0.0747230433586812,0.0776514263968024,0.0778051457200238,0.0754316870161934,0.0710420554271638,0.0664914755762985,0.0616631074702693,0.0617309192754752,0.0945845117212811
"10",0.000859423523794345,0.00111027862132234,0.00193475448142681,0.00327776573521706,0.00538666632900012,0.00849206964170849,0.0128191221258532,0.0185313329067715,0.0256569675971193,0.0340310066781532,0.0432628126625989,0.0527495546892004,0.0617390209323043,0.0694417104270567,0.0751707410035791,0.0784650441313219,0.0793001213244288,0.0779110087362996,0.0763075708833643,0.0739032709632743,0.077163835954252,0.122485920651949
"11",0.000430630944252428,0.000582935182514554,0.00106581547590935,0.00189410384749438,0.00325827522634394,0.00537275749226403,0.00847987652314423,0.0128114283620644,0.0185301299892186,0.0256663963001217,0.0340620233382168,0.0433417499046432,0.0529284094711493,0.0621111230469425,0.0701614041030334,0.0764552123825535,0.0807430967925686,0.0829521160622559,0.0852031866531131,0.0862301754163009,0.0938098073302985,0.153909346155592
"12",0.000206181228598895,0.00029289974396818,0.000561958386719898,0.00104731134147028,0.00188570283861639,0.0032525873124943,0.00536829953140024,0.00847865391888484,0.0128166621102793,0.0185496569418794,0.0257190371688759,0.0341891512299069,0.043624109112048,0.0535077122599723,0.0632150596983443,0.072099966307829,0.0797900129489627,0.085929401270997,0.092732446140251,0.0980689454797808,0.11097751900667,0.187686726022046
"13",9.43253314027683e-05,0.000140815964766402,0.000283511963119551,0.000553959168729983,0.00104393131925569,0.00188371824064412,0.00325181256774522,0.00537089426922806,0.00848963020160232,0.0128484875704446,0.0186313401575445,0.0259123376603858,0.0346129813394929,0.0444834930594627,0.0551237200447429,0.0660114217427484,0.0767850704973899,0.0868819870032169,0.098622047170613,0.108884249958922,0.127858927752941,0.222231337015596
"14",4.12316114225861e-05,6.4766671460506e-05,0.000136833235726657,0.000280244705503935,0.000552761173975735,0.00104362539434458,0.00188491757129458,0.00325737976553057,0.00538822449596223,0.00853704686582492,0.0129679318264735,0.018910593395091,0.026518169789783,0.0358284261421232,0.0467415700114161,0.058979290620235,0.0723250602413939,0.0861159029393784,0.102812200677793,0.118255755555501,0.143633119906143,0.255724947403618
"15",1.72204979785461e-05,2.84950557084939e-05,6.31709358666092e-05,0.000135598219867197,0.000279982289511398,0.000553300636368069,0.0010461906662545,0.00189343755726449,0.00328221229998793,0.00545481063444618,0.00870293034655749,0.0133520431961744,0.0197360401688831,0.0281581470451857,0.0388418829589143,0.0518250657891535,0.067140484375408,0.0841345496450769,0.105450459184944,0.125933102551419,0.157585028155216,0.286385847789809
"16",6.8720566433261e-06,1.19925836643942e-05,2.79001545318414e-05,6.27764179961796e-05,0.000135760276828424,0.000281062879057175,0.000557090402829718,0.00105793662920487,0.00192694408607246,0.00337107592274403,0.00567424866569947,0.00920672663744779,0.0144253175924897,0.0218493862892112,0.0320029252971106,0.045257551554367,0.0619506835474705,0.0815254339835194,0.106839810213822,0.131857161661088,0.169212006013321,0.312759337134878
"17",2.62096640938778e-06,4.8303466377453e-06,1.179865775151e-05,2.78496130477768e-05,6.31690843131055e-05,0.000137290478245421,0.000286093091108596,0.000572339074149281,0.00110095387596723,0.00204006689299466,0.00364821192923547,0.0063055222186393,0.0105408475074487,0.0170308447807757,0.0265472545493905,0.0397663778210544,0.0573328702038518,0.0788360327992763,0.107357390781054,0.136143578902016,0.178290681249124,0.333953375177506
"18",9.56462173047565e-07,1.86567439121273e-06,4.79275632339268e-06,1.18971651113651e-05,2.84058885397685e-05,6.51292698686084e-05,0.00014359414068094,0.000304980926310986,0.000625162682132213,0.00123878616218688,0.00237521370736118,0.00440600659828621,0.00789519982121916,0.0136223138448565,0.0225424166508405,0.0355776324929919,0.0536402034616656,0.0764752135757656,0.107369428269534,0.139035381147833,0.184885586881921,0.349749832420004
"19",3.35548974460702e-07,6.96235899258296e-07,1.89053568682182e-06,4.9684871501182e-06,1.25959302935444e-05,3.07905761087611e-05,7.27007861542653e-05,0.00016606516928296,0.000367306352234397,0.000786546046790575,0.00162835065609406,0.0032498891024331,0.00622826927692943,0.0114034887584835,0.0198527028547648,0.0326745300601632,0.0509854883964701,0.0746654491775897,0.107166978228258,0.140840069440793,0.189299216682947,0.360561671696496
"20",1.1531836882617e-07,2.57868784684711e-07,7.49905074543863e-07,2.11901819025894e-06,5.80313421982776e-06,1.53950438545354e-05,3.95767026984808e-05,9.85256530701586e-05,0.00023708139524674,0.00054976729116617,0.00122383075117182,0.0026035728938871,0.0052685991454834,0.0100907312928183,0.0182198977022666,0.0308669710114579,0.0492849807856473,0.0734518634844177,0.106936944592381,0.141868710505227,0.191979970202383,0.367254536302184
"21",4.16425368842475e-08,1.03261600620861e-07,3.29499318116823e-07,1.02407041954906e-06,3.08713415673114e-06,9.00040712247309e-06,2.53091636363258e-05,6.84145766088955e-05,0.000177109976744467,0.000437373075510661,0.00102634740232032,0.00227978623807361,0.00477630392777727,0.0094024997428448,0.017346380861087,0.0298807998531947,0.048337134159846,0.0727530252439724,0.10676783146319,0.142391166315921,0.19341768898438,0.370899242999737
"22",1.96570792615368e-08,5.49862104779239e-08,1.93317557963988e-07,6.57049651436373e-07,2.14709626489917e-06,6.71929675783108e-06,2.00733706472689e-05,5.70688361118773e-05,0.000153952959656194,0.000392984564868393,0.000946729138925545,0.00214677391937734,0.00457059443267092,0.00911042800189413,0.0169703484642903,0.0294504187522863,0.0479173651125205,0.072436821948724,0.1066807821991,0.142607638061134,0.194038324670424,0.372489904163846
