"","X0","X1","X2","X3","X4","X5","X6","X7","X8","X9","X10","X11","X12","X13","X14","X15","X16","X17","X18","X19","X20","X21"
"1",0.0282584187814207,0.0380717783724248,0.0542544571380437,0.0730689548440566,0.0909131427893627,0.104178284317266,0.110206997198735,0.108062906449408,0.0986125435342514,0.0840499336215367,0.0671158936569697,0.0503390774022125,0.035536856166036,0.0236516784464074,0.0148594613348514,0.00882071166359684,0.004950348736133,0.00262768808437443,0.00131994978566757,0.000629615138887053,0.000291807555553453,0.000179494982801387
"2",0.0226696073577399,0.0310874595539568,0.0454087543504128,0.0629032671547229,0.0807269636076974,0.0956725455254101,0.104944837642058,0.10695586216294,0.101661887004814,0.0904197609244895,0.0754630932680169,0.0592339627987735,0.0438104316213374,0.0305767525723662,0.0201605427061499,0.0125682087473247,0.0074124402607082,0.00413765897957066,0.00218773418364573,0.00110059818806484,0.000540882066088315,0.000356749323707975
"3",0.015243822715657,0.021621014040652,0.0330512216614636,0.0481419020667153,0.0651708551007047,0.0816884419928151,0.0949741629352034,0.102750454033799,0.103770519340072,0.0981050131139373,0.0870300778642778,0.0725897583704488,0.0570201897257019,0.0422396508677366,0.029541244961365,0.0195224097807628,0.0121991745741277,0.00721243449795615,0.00403934493838731,0.00215571830070014,0.00112992333629282,0.000802665781218988
"4",0.00892233660818345,0.0132744848500684,0.0215816903211122,0.0335568524110666,0.0485768688311087,0.0651774738481528,0.0811423983105588,0.0939667843720357,0.101488691468952,0.102479113802168,0.0969567162233537,0.0861167589943657,0.0719289005233513,0.0565803074564258,0.0419681682690777,0.0293850753894923,0.0194389147786372,0.0121600589154386,0.00720591355584603,0.00407624468470722,0.00227764768362953,0.00173859870226339
"5",0.00464306938873385,0.00733501039129259,0.0128326713487395,0.0215029248005392,0.0335436069513722,0.0484753855987961,0.0649330854874374,0.080782380066545,0.0935554371167496,0.101092065413111,0.102143538886638,0.0967021830910868,0.0859413579794273,0.0718180967897619,0.0565157831167725,0.0419337384100098,0.0293699181642427,0.0194403542665604,0.012191180849913,0.00731387812480892,0.00436076604085461,0.0035735677166029
"6",0.00217772982422183,0.00368976893012806,0.00699943749836465,0.012705605795611,0.021443767946857,0.0334857876615015,0.0483922393340217,0.0648278074420912,0.0806700944752805,0.0934518397899556,0.10100748346125,0.102081488931603,0.0966608614038669,0.085916227579641,0.0718042524753692,0.0565098351404285,0.041936325651225,0.0293918300074948,0.0195207149638584,0.0124357181942944,0.00792424498379898,0.00696693850913264
"7",0.000929085000082903,0.00170128861010937,0.00351405205950596,0.00692663907589368,0.0126719893735786,0.0214213914305979,0.0334624422386632,0.0483664143175392,0.0648019409147555,0.0806471083696876,0.0934335878466486,0.100994413801027,0.102072994351029,0.0966558920978564,0.0859140428202945,0.0718059685673961,0.0565231568104276,0.0419890490803278,0.0295694102616048,0.020037848300189,0.0136727541013752,0.0128885305714057
"8",0.000362733240446342,0.00072181282016005,0.00162623613597088,0.00348333294702434,0.00691322789832943,0.01266493729367,0.0214157681103092,0.0334570567694615,0.0483613814090281,0.064797639848606,0.0806437830705701,0.0934312592681307,0.1009929518837,0.102072328922476,0.0966567158601967,0.0859206453357814,0.071836128140594,0.0566358907686215,0.0423568852232586,0.0306028107260692,0.0224118354005064,0.0226346389270854
"9",0.000130097320477726,0.000282379100825747,0.000694114417624725,0.0016154593070635,0.00347894605788714,0.00691131287886034,0.0126637491711718,0.0214148052822358,0.0334562307322155,0.0483607077729079,0.0647971348834899,0.0806434431190503,0.0934311016177241,0.100993267853734,0.102074989791163,0.0966708687820595,0.0859824415923202,0.0720623649487227,0.0573550517841299,0.044310806758178,0.0349192853559592,0.0377514414721946
"10",4.29613166721962e-05,0.000101956359703722,0.000273294543267941,0.000690819925896376,0.0016142153315699,0.00347848441984205,0.0069110883498449,0.0126636001465803,0.0214146910542158,0.0334561432164861,0.0483606458065553,0.0647971071141622,0.0806435420733271,0.093431986206728,0.100998703059281,0.102102776948485,0.0967899574645333,0.0864107220290711,0.073390998312929,0.0608524433962587,0.0517499339996796,0.0598239289249063
"11",1.30770903547062e-05,3.39861703529294e-05,9.92664730725967e-05,0.000272395558718937,0.00069050512684787,0.00161411441774021,0.00347844565359932,0.006911068082576,0.0126635868613247,0.0214146819532236,0.0334561397832262,0.0483606714696958,0.0647973521612621,0.0806452752553409,0.0934422523523911,0.101050130652324,0.102319437715118,0.0975556520794728,0.0887317068218031,0.0793198942913812,0.0730098262063813,0.090120533823789
"12",3.67056959930488e-06,1.04583409753481e-05,3.32607894937862e-05,9.90446552141422e-05,0.000272323297512854,0.000690484817398297,0.00161410816474527,0.00347844316868943,0.00691106680057015,0.012663586555975,0.021414687399998,0.0334561970061949,0.0483611348973697,0.0648005164691647,0.0806635886245688,0.093532216260211,0.101422641916216,0.103613311820076,0.101391727045039,0.0982552249103482,0.0981689043981668,0.129143402092469
"13",9.49880204368216e-07,2.96992633113688e-06,1.02793637888091e-05,3.32109843853919e-05,9.90294837886221e-05,0.000272319500613403,0.000690483857215407,0.00161410788180403,0.00347844312166191,0.0069110677228122,0.0126635977454231,0.0214147923126153,0.0334570182942487,0.0483665974477682,0.0648314256578096,0.0808124651622122,0.0941379665753054,0.103490726140017,0.109615712985115,0.115894526224356,0.125996385845615,0.176205923886904
"14",2.26488124585586e-07,7.77845476308215e-07,2.92944218182397e-06,1.02691661567891e-05,3.3208063462247e-05,9.90288227848794e-05,0.000272319359208194,0.000690483832206455,0.00161410800340999,0.00347844493066502,0.00691108771836389,0.0126637788300166,0.0214161697031144,0.0334659474542942,0.0484159954898325,0.065064672792579,0.081744875532365,0.0972672622116716,0.112389161002535,0.130568660630587,0.154682599167943,0.229207993513018
"15",4.97060018741854e-08,1.87728614306028e-07,7.69447983701402e-07,2.92753952369476e-06,1.02686512668006e-05,3.32079567342194e-05,9.90288035890188e-05,0.000272319371123373,0.000690484080769893,0.00161411122515886,0.00347847888403457,0.00691138454067423,0.0126659703750773,0.0214300104384262,0.0335407879301532,0.0487623345045444,0.0664246648962409,0.0862321101516444,0.10977798463354,0.141136992005327,0.182151322651751,0.284764604477817
"16",1.00257160412307e-08,4.17007110898354e-08,1.86132638622093e-07,7.69125323545194e-07,2.92745678189275e-06,1.02686355985268e-05,3.32079566829915e-05,9.90288391940756e-05,0.000272319851876426,0.000690489691989781,0.00161416678246515,0.00347894405542531,0.00691470584038566,0.0126863673845562,0.0215377050614159,0.0340289580522755,0.0506447549175015,0.0725309648971477,0.102936378103011,0.147287511479688,0.20648688205344,0.338743411956172
"17",1.8548671148935e-09,8.51244317449585e-09,4.14232577642453e-08,1.86083099345573e-07,7.69113338458462e-07,2.92745546147319e-06,1.02686438583509e-05,3.32080474943882e-05,9.90298136367833e-05,0.000272329710143879,0.000690578969430401,0.00161487192659023,0.00348377302940784,0.00694341709132274,0.0128340384592617,0.022192527542176,0.0365069175040812,0.0585465150024883,0.0937535570550888,0.14957269396705,0.226338572828751,0.387103765966748
"18",3.1398662953273e-10,1.59363968528435e-09,8.46843040657862e-09,4.1416429496876e-08,1.86081821696948e-07,7.69116124259073e-07,2.92748311948083e-06,1.02688862796192e-05,3.32101592065113e-05,9.90478143955214e-05,0.000272474156957823,0.000691630932894143,0.00162168472938785,0.00352266633837242,0.00713737081123815,0.0136732147706592,0.025304741730485,0.0462584950849779,0.0842738128239396,0.149160727538753,0.241159779774022,0.426776939974876
"19",4.84780986044094e-11,2.7292894819798e-10,1.58729535551694e-09,8.46767071196542e-09,4.14172109941625e-08,1.86090902885549e-07,7.6919303795173e-07,2.92808661483302e-06,1.02734361847017e-05,3.32435312403249e-05,9.92833027075518e-05,0.000274030759071061,0.000701033731059215,0.00167273173901517,0.00376799345878335,0.00816941354201974,0.017417351806919,0.0368243054756992,0.0761253543922985,0.147410351534049,0.251205112441604,0.456285585685207
"20",6.8003853291837e-12,4.26258476317197e-11,2.72120103450072e-10,1.58745684755654e-09,8.47026074275399e-09,4.14406005893847e-08,1.86277884266101e-07,7.70557275726124e-07,2.9374112149701e-06,1.03343245324996e-05,3.36258731893458e-05,0.000101568441319792,0.000286787423166356,0.000766320451328088,0.00197319757638153,0.00499209726390044,0.0125042944486116,0.0305031117885893,0.070181331037191,0.145457338317644,0.257308460651258,0.475877586336647
"21",8.6308631203078e-13,6.05321561662009e-12,4.26021577262147e-11,2.72877468559321e-10,1.59451436229859e-09,8.52840446049996e-09,4.18719214055048e-08,1.89195791577265e-07,7.88864613289681e-07,3.04578983147295e-06,1.09474896576079e-05,3.69464445183082e-05,0.000118617849487084,0.000368494518518274,0.00112437179627058,0.00338050693605818,0.0098469221245694,0.0268745859073926,0.0665425619701984,0.143973979175307,0.260554366387346,0.487163623233203
"22",1.06651745399625e-13,8.4690684837038e-13,6.65002592815006e-12,4.73726969733129e-11,3.07412541995303e-10,1.82533779938885e-09,9.95633783594132e-09,5.00819809409832e-08,2.33399265338104e-07,1.01417433177919e-06,4.14677595071597e-06,1.61500912950892e-05,6.07117775210864e-05,0.000222466025244763,0.000793727116253345,0.0027178802639325,0.0087002733120364,0.0252393877624651,0.0648277353557861,0.143185595213878,0.261939174194361,0.492291442311633
