"","X0","X1","X2","X3","X4","X5","X6","X7","X8","X9","X10","X11","X12","X13","X14","X15"
"1",0.173450761884041,0.134543706262166,0.114186157672346,0.109361802755103,0.0982079545962881,0.0847045001135554,0.0707604203864185,0.0572489794947077,0.0449040190057952,0.0341898733623196,0.0253224920526501,0.0182783019351645,0.0130422573267266,0.009013896061506,0.00633005859847342,0.00645481849273438
"2",0.162058408333818,0.126495808634548,0.108651087454993,0.10548113512003,0.0964177680436217,0.0849522171345619,0.0727020850374127,0.060404707341045,0.0487523192334789,0.0382551842075016,0.0292406353674035,0.0218065946049817,0.0161176050421165,0.0115124183868581,0.00836635430575488,0.00878567175187079
"3",0.144219242585805,0.113779723389871,0.0997146159275056,0.0989885432467947,0.0930930563367538,0.0847896437320609,0.0752525988826709,0.0649952555800581,0.0546164361318669,0.0446629413838998,0.0356063736697908,0.0277093259949155,0.0214264409517984,0.0159432442950173,0.0120778032224998,0.013124754668686
"4",0.123910222702999,0.0991045793218707,0.0890691980982228,0.0908612165305308,0.0883731984198329,0.0835996479542725,0.07723778358399,0.0695329341437339,0.0609338297807672,0.0519697410220974,0.0432232282598043,0.0350941121494041,0.0283809170501352,0.0219707542905404,0.0173175311322964,0.0194211055594974
"5",0.103052722649088,0.0837770164265577,0.0775225220833841,0.0815440992950438,0.082270763779456,0.0809950337427193,0.0779688140919274,0.0731574560214785,0.0668099404484187,0.0593669954878422,0.0514561219580457,0.0435431091219183,0.0367941678651898,0.0295840064993764,0.024210935588639,0.0279462949409104
"6",0.0829864948546657,0.0687399733663452,0.0657093523054716,0.0714489345399018,0.074905193478646,0.0767967139619082,0.0770097820311846,0.0752520480871175,0.0715449453397592,0.0661739794553254,0.0597333267143361,0.0526536536636505,0.0464679398792223,0.0387526280600293,0.0328674738681041,0.0389575603943281
"7",0.0646967979625772,0.0547313337996541,0.0542000737099378,0.0610347881017176,0.0665526718006255,0.0710586489291182,0.0741849826173396,0.0754374534577114,0.0746149066215868,0.071803590556993,0.0674930647326877,0.0619643312826944,0.0570953449653879,0.0493207513103007,0.0432678634188095,0.0525433967328539
"8",0.0488387292358931,0.042291486136123,0.0434924896790379,0.0507921745800264,0.0576317940640235,0.0640667658004937,0.0695998967981701,0.0736166293988247,0.0757333089196164,0.0758270484124025,0.0742344617758876,0.0709781671124571,0.0682442479373519,0.0609600950455729,0.0551899271084367,0.068502777995678
"9",0.0357295838912311,0.0317424962023376,0.0339737258295156,0.0411926687015378,0.048652582415476,0.0563031296842338,0.0636347643173822,0.0700049595383994,0.0749148960645185,0.0780582426186341,0.0796022954486972,0.0792275216965794,0.0793835857898324,0.073160355703827,0.0681637665890674,0.0862554255087258
"10",0.0253940763080766,0.0232027863671457,0.0259020702669325,0.032644267522757,0.0401527644119606,0.048378739277604,0.0568922823593459,0.0651078024360918,0.0724896422993465,0.078599985174097,0.0834516412378968,0.086338639838224,0.089928399018292,0.0852490933840242,0.0814632104716972,0.104804599626504
"11",0.0176437037726372,0.0166280991054095,0.0194087575778413,0.0254591452885554,0.0326323561523048,0.0409456827715541,0.0501044541954497,0.059640686492413,0.0690515675782174,0.0778292825395831,0.0858684443323065,0.0920783633709016,0.0993007481523362,0.0964519356747931,0.0941585921251793,0.122798180870514
"12",0.0121622241085796,0.0118607337420554,0.0145104117940862,0.0198310283594785,0.0264902691983092,0.0345963086754064,0.0440060417276408,0.0543951883891077,0.0653384018909414,0.0763109593818288,0.0871325474501169,0.0963725739338839,0.10700666302428,0.106003775004162,0.105253614372472,0.138729258947647
"13",0.00857293035888958,0.00866951484845208,0.011120022729863,0.0158146984096954,0.0219621334544175,0.0297557131904669,0.0391866431715989,0.0500652955430366,0.0620560336017999,0.0746496425896598,0.0876279397803485,0.0992966381744008,0.112727432278287,0.113309367655385,0.113906730856103,0.151279263357591
"14",0.00647420696300844,0.00676997546079718,0.00904857148704056,0.0133034853302966,0.0190624854133369,0.0265809627744181,0.0359463116925129,0.0470690952236266,0.0596877853041317,0.0733181587191501,0.0877279628524192,0.101048619541922,0.116413043135779,0.118124183538427,0.119692738538245,0.159732414024885
"15",0.00544740273355076,0.00582849010570414,0.0080027501357713,0.0120152294279519,0.0175506913640948,0.0248991872940939,0.0342017400317196,0.045426205990487,0.0583559481388116,0.072525629105704,0.0876998327764807,0.101917409918011,0.118343369517957,0.120686252537303,0.122802204372608,0.164297656549747
"16",0.00507244662746805,0.00548185757664862,0.00761326439407579,0.0115307436119134,0.0169765482465744,0.0242543816000024,0.0335264124151959,0.0447834353932128,0.0578273560790083,0.0722014409540069,0.0876701254687077,0.102236751130663,0.119078604413398,0.121671713546209,0.124005439602732,0.16606947894018
