"","X0","X1","X2","X3","X4","X5","X6","X7","X8","X9","X10","X11","X12","X13","X14","X15"
"1",0.144562920241056,0.149391785569832,0.138668156485608,0.12698852275799,0.108860219697579,0.0893230309201549,0.0705104106625653,0.0536924946606444,0.0394859046826937,0.028012072465509,0.0191447889054432,0.0125964223755239,0.00798339546003278,0.00493636426482542,0.00297761288995725,0.00286589796058338
"2",0.13174677909988,0.137273437457098,0.129619161166043,0.121497445885734,0.107375422928769,0.0913199824286432,0.0749953694749349,0.0595305000201845,0.0456575231962262,0.0337667130073286,0.024039774312098,0.0164645432638786,0.0108587348463383,0.00699927419631362,0.00440014962945742,0.00445518908707054
"3",0.112323610388349,0.118687356813516,0.115309021859266,0.112222471905076,0.103972691609841,0.0932426878402022,0.0809752391873515,0.0679974754742829,0.0550970586979292,0.0429663493905281,0.0321921005983831,0.0231687782970746,0.0160456137801235,0.0108829428335061,0.00719093120824222,0.00772567011632612
"4",0.0912911878915721,0.0981961310778879,0.0988148379457894,0.100554801091205,0.0982738282895314,0.093321683424725,0.085869581139229,0.0762970671696675,0.0652638157213966,0.0536061621766779,0.0422254924443598,0.0319140752605981,0.0232049813355016,0.0165678621480854,0.0115045386305329,0.0130939542532377
"5",0.0710065920833755,0.0779929406138677,0.0816846428958794,0.08726462656626,0.0901631430446063,0.0906671412736128,0.0882614600144524,0.0827946811870449,0.0746005842161936,0.0644256281406617,0.0532905685623397,0.0422758139291289,0.0322754173910488,0.0242730971734861,0.0177098184865722,0.021313844421468
"6",0.0528862202204082,0.059483291100092,0.0650767975581133,0.0731540833680476,0.0799301256337975,0.0850017527640348,0.0873593826038689,0.0863391848423107,0.0818157699874969,0.0742191635911515,0.0644472460173735,0.0536792558827368,0.0430604622851893,0.0341449404382345,0.0261697618832322,0.0332325618239098
"7",0.0377103807670075,0.0435422837964206,0.0499012358249524,0.0590946180157422,0.0682370253339221,0.0766147403141757,0.0829786802529775,0.0862801033454638,0.0859157745737407,0.0818512595244129,0.0746376449157235,0.0653231890200911,0.05511350384411,0.0461182353916514,0.0371035767498656,0.0495777483297406
"8",0.025742400847755,0.0305846230924366,0.036794426341886,0.0459212643916308,0.0559787789289073,0.0662553776075654,0.0755227403797382,0.0825532247885913,0.0863697835001243,0.0864475608714735,0.0828463880773608,0.0762684924465536,0.0677399526519117,0.0598351694206193,0.0504550751186771,0.0706847415347668
"9",0.0168291779318879,0.0206182647571184,0.026078753477984,0.0343006099650917,0.044094860004423,0.0549549855943397,0.0658835501212489,0.0757026337058524,0.0832539603353587,0.0876203782736472,0.0883420500114657,0.0856294818442436,0.0800933225632268,0.074624149952884,0.0657814622531509,0.0961923592080748
"10",0.0105485981735406,0.0133549251181593,0.017783633761566,0.0246501391198526,0.0333974263218617,0.0438113390330628,0.0552500089722849,0.0667771664849725,0.0772724013459865,0.0856080152843104,0.0908885957148924,0.092788758209039,0.0913284440181401,0.0895448121186238,0.0821974952072809,0.124798241116424
"11",0.00636054842059949,0.00834201437672597,0.0117152096008871,0.0171240882146264,0.0244591867484185,0.0337942042499367,0.0448753323318567,0.0571214307860854,0.0696299859359824,0.0812615977661359,0.0908394445979408,0.097556321452983,0.100766775372614,0.103506024402345,0.0984259837683079,0.154221851974552
"12",0.00372638073276013,0.00508035720705436,0.00754630480645083,0.0116528962606016,0.0175723494359182,0.0256082002360713,0.0358530612135705,0.0481029714865875,0.0617688589343156,0.0758501810998391,0.0890509051328428,0.100199324664763,0.108019945678403,0.115450369183055,0.112996015223875,0.181521878703889
"13",0.00218099022414232,0.0031054692056271,0.00489776563660768,0.00800681073976128,0.0127606613408746,0.0196178760428492,0.0289329798748318,0.0408246840618103,0.0550170660229759,0.0707125232983001,0.0866128066128501,0.101314331569761,0.113034485968533,0.124580986935,0.124587744799558,0.203812817666515
"14",0.00135851320225579,0.0020255710980502,0.00339132432778448,0.00585333384181136,0.00981403361239179,0.0158203867500958,0.0243934918210966,0.035876920939683,0.0502347615074553,0.0668522087908786,0.0844788082678093,0.101588646396283,0.116058140815886,0.130584143227984,0.13244771054243,0.219222004858102
"15",0.000983959861275491,0.00152349609501613,0.00267028573430113,0.00479438031317831,0.00832779041298752,0.0138586861685212,0.0219934308430568,0.0331984077779284,0.0475768829175265,0.0646294730727722,0.0831505596743652,0.101562340032861,0.117559007227824,0.133769840977869,0.136710630881531,0.227690828008985
"16",0.000853453190474889,0.00134616029257587,0.00241082923966697,0.00440681339233926,0.0077752158374139,0.0131185757749284,0.0210750834554428,0.0321588897570408,0.0465293377324314,0.0637357176334438,0.0825944251779981,0.101511133771292,0.118110046445355,0.134992559631939,0.138369177973777,0.231012580693878
