"","X0","X1","X2","X3","X4","X5","X6","X7","X8","X9","X10","X11","X12","X13","X14","X15"
"1",0.277144015565806,0.176576744966914,0.134678331641511,0.118472187734717,0.0905482393227867,0.0691357715371521,0.0498622695549565,0.0339377116974942,0.0217250751730702,0.0130627136429534,0.00737902224733443,0.00391941251375784,0.00196105288331478,0.000928835574390967,0.000446059015026083,0.000222556928815411
"2",0.241589420811308,0.159432148729268,0.128665402483363,0.118997897113587,0.097251295576361,0.0787971928033082,0.0602603521310289,0.0434117747335379,0.0293746467612761,0.0186530733797683,0.0111208888926978,0.00623178636666846,0.00328971656724665,0.00164552005966497,0.000836056581414199,0.000442827009502721
"3",0.190829840580917,0.133410620525899,0.117349632172364,0.11673691026843,0.104405753297591,0.0914270166006304,0.0753344254984771,0.0582745521277653,0.0422338610168966,0.0286709364962704,0.0182462566678896,0.0109016052875067,0.00613273577709462,0.00327062652822675,0.00177269691804609,0.00100253023599643
"4",0.140657587820772,0.1053535256683,0.10187026860477,0.109476045347494,0.107056554812754,0.101267826334578,0.0898490981293844,0.0746214287209082,0.0579448353520079,0.0420803194045267,0.028610801711918,0.0182455472075216,0.0109522972013957,0.00623591275842913,0.00360610027880012,0.00217185064644144
"5",0.0974491485380529,0.0787014771104665,0.0837147082486783,0.0971192754294022,0.103343103074237,0.105343241737883,0.100488014769772,0.0895574783082005,0.0745242064436586,0.0579327204891862,0.0421248595107208,0.0287129037945363,0.0184227762584924,0.0112173027687253,0.00692170889782089,0.00442707462016782
"6",0.0636045459012893,0.0555758542358079,0.0648590906230606,0.081055518637337,0.0934202988960702,0.102425200359821,0.10494977731693,0.100365927326824,0.0895498241047022,0.0745910329573749,0.0580868444073124,0.0423954052727721,0.029136633378224,0.0190047657735231,0.0125099832378996,0.00846929757105282
"7",0.0391347681902697,0.0370541633415432,0.0472598559351988,0.0634730729046902,0.0789404763198572,0.0929553150005827,0.102246686288333,0.104933149433248,0.100450855971116,0.0897566174521119,0.0749811073530554,0.0587237075345022,0.0433266742123204,0.030316705768387,0.0212665200447528,0.0151803242500326
"8",0.0227147483246903,0.0233115710981238,0.0323530902768607,0.0465894817559443,0.0623317161894949,0.0787311230234434,0.0929147508489709,0.102341017691552,0.105185417844696,0.100955954454761,0.0906478173359132,0.0763613029989977,0.0606153855649676,0.0455320163122131,0.033966338141864,0.0254482681375087
"9",0.0124481804658922,0.0138382382306643,0.020808650030974,0.0320582003987559,0.0460207635570699,0.0622818849627024,0.0788233124357119,0.0931976770143723,0.102936893289662,0.106301127101665,0.102829158861722,0.0934058290493923,0.0799048486024441,0.0643977746599659,0.050914772583174,0.0398326887558327
"10",0.00644811225404834,0.00775569181488463,0.0125859527387976,0.0207049990433524,0.0318274600356269,0.0461123131019214,0.0625748698427956,0.0794708891461974,0.0944654176109956,0.105198656372265,0.109924298399315,0.107900347533057,0.0995087853256038,0.0858286747093057,0.0715645016928026,0.0581290303790321
"11",0.00316244976388562,0.00411087369272018,0.00717674162978588,0.0125913466368839,0.020702971221089,0.0321110969309506,0.0467596637894242,0.0638923286578519,0.081932847541005,0.0986689163030586,0.111630319436379,0.118481226961336,0.117535462460568,0.107934753638339,0.0942865386947025,0.0790224626420214
"12",0.00147477225000036,0.00207176750444975,0.00388542131187977,0.00727274333133766,0.012800475841666,0.0212930632674219,0.0333562027832911,0.0491847264715613,0.0682485756103313,0.0890694250392786,0.109113937868095,0.124846435171141,0.132391585399031,0.128362405363378,0.116519989266895,0.100108473520243
"13",0.000663921162933459,0.00101133280326837,0.00204171555109108,0.00409120666203601,0.00773618903306154,0.0138565229880855,0.0234368826154323,0.0373911681126373,0.0561793982397404,0.0792755618601026,0.104543543983448,0.127764266583116,0.143194295843814,0.144912247552746,0.135420563642553,0.118481183365935
"14",0.000304611201486561,0.000507441417231934,0.00110889403607881,0.00239057320756701,0.00487289727226099,0.00941073447353386,0.0171609054509917,0.0294771936539328,0.0475374322106548,0.0716337908748261,0.100149729862509,0.128592142939294,0.149929078749137,0.156252632329809,0.148870830309112,0.131801112011576
"15",0.000163773683926206,0.000298548114927039,0.000702989530984936,0.00161889120355224,0.00351818956875583,0.00721991849437228,0.0139409339661682,0.0252486293100827,0.0427176053864572,0.0671423287392862,0.0972864112631975,0.12859363907106,0.153338883697586,0.162437285213602,0.156408616092333,0.13936335666371
"16",0.000119557263034886,0.000230381018485471,0.000566173057009865,0.00135147876218013,0.0030358339126993,0.00641930323223209,0.0127340279165513,0.0236235172143759,0.0408168686124811,0.0653167535062052,0.0960586915333904,0.128484701315783,0.154603810722556,0.164849830051198,0.159400174806062,0.142388897075757
