"","X0","X1","X2","X3","X4","X5","X6","X7","X8","X9","X10","X11","X12","X13","X14","X15"
"1",0.210289990370954,0.163670149420822,0.149202966341817,0.134964328278406,0.11303040165742,0.0866237260631356,0.0604604891000408,0.0383734662684972,0.0221563369718616,0.0116538136474947,0.00559377233571483,0.00245474533555988,0.00098679527407729,0.00036490369489519,0.000125561259971458,4.85539793328252e-05
"2",0.170513677908411,0.1392534324197,0.136585011462085,0.133603776619232,0.121337495316799,0.100869573277469,0.0763260898776812,0.0524838283971802,0.0328123056921328,0.0186789259037495,0.00970030272072769,0.00460464679867074,0.00200246065137626,0.000801980833765653,0.00029976965598462,0.0001267224650367
"3",0.11894855488096,0.105061348156525,0.114945921883042,0.125394714632095,0.126841466962051,0.117111960942256,0.0981390995659463,0.074540792311443,0.0513521795543982,0.0321396851089185,0.0183112233487823,0.00951769115341724,0.0045253766298011,0.00198155557506316,0.000811375120647851,0.000377054174653756
"4",0.0749723380522724,0.0725492656404568,0.0891165298252427,0.108538980563262,0.122217450850063,0.125305797004141,0.116370051331476,0.0977662066963994,0.0743459754335998,0.0512500075028532,0.0320890380997698,0.0182912099108027,0.00952232426066636,0.00456628691606315,0.0020514962197378,0.00104704169319387
"5",0.0433604465201757,0.0462041411467699,0.0634974103868271,0.0858626457781155,0.107134296316957,0.121653171443394,0.125097161147756,0.116297748038678,0.0977428282830743,0.0743402962171391,0.0512537706074009,0.0321057746603032,0.0183417574718007,0.00965911570900817,0.00477424468856059,0.00267519158403992
"6",0.023192963228839,0.0272253047918429,0.0415642401391733,0.0619812875813365,0.0852727423835197,0.106921593116295,0.121583311564797,0.125076679466724,0.116294537169066,0.0977493989114788,0.074361757093819,0.0513101306705893,0.0322567926203056,0.0187204077421662,0.0102112719433333,0.00627758157671547
"7",0.0115172871929472,0.0148695093938371,0.0250314640827623,0.0409045784849039,0.0617481975673113,0.0851970094659822,0.106899807345251,0.121579912662114,0.125084122888187,0.116320134395994,0.0978165608724261,0.074526749633738,0.0517213588911734,0.033216329408752,0.0200572403462501,0.0135097373683715
"8",0.00532643351389041,0.00754407084614658,0.0139072635057286,0.0247622797320007,0.0408178636182277,0.0617236311564969,0.0851933497181777,0.106907806975515,0.121607874010889,0.125161135447427,0.116510447045076,0.0982588765743118,0.0755529146211849,0.0539453308270854,0.0361600575026626,0.0266206649051807
"9",0.00230020863818452,0.00356386752237022,0.00715128042489287,0.0138041866305392,0.024732435702422,0.040812882963112,0.0617315888088005,0.0852219835153813,0.106988442723341,0.121816716293288,0.125653298319346,0.117594175096366,0.100600325355432,0.0802568094721023,0.0598216387938644,0.0479501597405575
"10",0.000929572194103825,0.00157118063360153,0.00341442703737427,0.0071147401232051,0.0137965854567156,0.0247389686738362,0.0408397528735467,0.0618093170682677,0.0854293697079649,0.107501659834207,0.12297366799224,0.128070906570987,0.122465029235596,0.109655918947655,0.0908526142401295,0.0788362894105716
"11",0.000352159004779946,0.00064779278716748,0.00151847678391804,0.00340384695137511,0.00711862774314653,0.013818759326384,0.0248065269404775,0.0410261865194271,0.0622882198919215,0.0865672678838409,0.109961639733268,0.127862767232115,0.137276825564377,0.138288648860147,0.126850607045663,0.118211647731993
"12",0.000125286062703742,0.000250416983377292,0.000631449450537199,0.00151944990417627,0.0034195869377394,0.00717027644592656,0.0139679168231155,0.0252054181222652,0.0420164777124899,0.0645544415715541,0.0912762815189568,0.118885208149367,0.143613335416414,0.162309672838447,0.163321091981818,0.161733690081112
"13",4.20603602025378e-05,9.14072257478001e-05,0.000247935861502918,0.0006408968016063,0.00155377971000443,0.00352396610999459,0.00746280576526407,0.0147278942960834,0.0270327264772778,0.046053871976882,0.0726353546065793,0.105917259582777,0.143202119697894,0.179409249652927,0.194956376567657,0.202502295307602
"14",1.36715614532862e-05,3.25560322055469e-05,9.562149324231e-05,0.000267474370789747,0.000703809082447488,0.00173917493789744,0.00403035233293835,0.0087435091351519,0.0177182164862618,0.0334313858911363,0.0584269431920278,0.0941504599553196,0.139727814175626,0.189512161368576,0.217685909200242,0.233720940784685
"15",4.85872370907238e-06,1.29201769913418e-05,4.1643110352336e-05,0.000127390026051806,0.000366383830753742,0.000989086824385295,0.00250195580457186,0.0059165587771805,0.0130410644926237,0.0266710203684277,0.0502470881515433,0.0866728928756177,0.136527850907217,0.194276585396703,0.230463225564252,0.25213947496962
"16",2.54244026994273e-06,7.46438399090992e-06,2.5957130137048e-05,8.4962700262946e-05,0.000260009990450162,0.000743151847431723,0.00198101750837302,0.00491505820856501,0.0113182802962151,0.0240790679855767,0.0469716560819032,0.0835079220177818,0.134949870784849,0.195930733373473,0.235534662439624,0.259687642811097
