"","X0","X1","X2","X3","X4","X5","X6","X7","X8","X9","X10","X11","X12","X13","X14","X15"
"1",0.193075949135257,0.137825240148157,0.115410750024023,0.104933419626954,0.0940730640524836,0.0811233209664491,0.0676607591766815,0.0547133639393756,0.0429357400468209,0.03274352130658,0.0243151351551502,0.0176303215149376,0.012633239890193,0.00888078825530312,0.00618031948669058,0.00586506727493922
"2",0.181040054093105,0.129998922773122,0.110170675730998,0.10164227669403,0.0927160637273601,0.0816198106879614,0.0696896421235245,0.0578254056864463,0.0466533631126006,0.0366391191074692,0.0280594709386038,0.0210092143814896,0.0155763425657847,0.0113160124745981,0.00812284160440235,0.00792078429849925
"3",0.162105741163706,0.11758178082868,0.101671246097974,0.0960729747266885,0.0900991534525172,0.0818990646733771,0.0724401068464122,0.0624098019161579,0.0523642796764485,0.0428173139700981,0.034172000904712,0.0266831840818251,0.0206646052536114,0.0156380750557817,0.011652440259122,0.0117282310928828
"4",0.140396590741574,0.10316060599592,0.0914752067245946,0.0889909855123041,0.0862308971721856,0.0813002494042639,0.0747647698521613,0.0670552213705736,0.0586071520045639,0.04993845097283,0.0415458480922606,0.033826480027703,0.0273478709474129,0.021526455976427,0.0166158018499547,0.0172174133552663
"5",0.117901322834925,0.0879774571624486,0.0803189363153358,0.0807285259692053,0.0810513716001566,0.0794104551569369,0.0759906528054664,0.0709496973252547,0.0645550073412232,0.0572672820279206,0.0496120698547973,0.0420723419908657,0.0354642347947714,0.0289806666968983,0.0231194278089414,0.0246005503148484
"6",0.0960296881796657,0.0729401238273809,0.0687879350301057,0.0716100389694511,0.074612493937724,0.0760121954039614,0.0756750280816188,0.0734999972554429,0.0695552482311777,0.0641840589579289,0.057860941261,0.0510710417555827,0.0448446156233066,0.0379845751481816,0.0312555518105604,0.0340764665269072
"7",0.075851955956112,0.0587778928685037,0.0574231402402767,0.0620259609856533,0.0671241220700399,0.0711061997563429,0.0736102516655663,0.0743218279802869,0.0731055840671842,0.070144222077467,0.0657831248395892,0.0604120293161187,0.0552159884927686,0.0484008346568678,0.0409970675141559,0.0456997975130623
"8",0.0581182660801544,0.0460472034142193,0.0467147594257718,0.0524218183526858,0.0589473345617,0.064917913804282,0.0698493322368028,0.0732840827966061,0.074909637465634,0.0747327330665356,0.0729085809278116,0.0696359922187519,0.0661793088229038,0.0599210373468367,0.0521299117395918,0.0592820877397078
"9",0.0432395249784773,0.035106545912647,0.0370649426014977,0.0432537657359501,0.0505537093428629,0.0578735353817638,0.0647093735921391,0.0705437312741311,0.0749385795518004,0.077739559211776,0.0788784211413489,0.0782861036641172,0.0772272540134942,0.0720509872248264,0.0642131882871979,0.0743207780859656
"10",0.0313222202956244,0.0261237644602673,0.028766367966238,0.0349444562342471,0.0424681472129585,0.0505437163827579,0.0587312738758937,0.0665328298509035,0.0734491629343198,0.0792033930405805,0.083501679924494,0.0859620320069423,0.0877810710786649,0.0841251750863565,0.0765725512886495,0.089972158361098
"11",0.0222402957052055,0.0191081773073375,0.0219972201244088,0.0278453834819336,0.0352040193134417,0.0435622533294869,0.0525973133971751,0.0618908930634166,0.070943097113837,0.0794036075091405,0.0867778055067586,0.0923646707639852,0.0972471802949122,0.0953635115383011,0.0883495334198681,0.105105038130787
"12",0.0157158660879667,0.0139508240903005,0.0168242795927505,0.0222038745245344,0.0291938778964247,0.0375255895943796,0.0470115790900817,0.0573435337745784,0.0680631017275423,0.0787912888287651,0.0888748156155258,0.0973256121079172,0.105096752006492,0.104983154822635,0.0986275596712531,0.11846829056885
"13",0.0113830012055817,0.0104561051440365,0.013203356129328,0.0181293710843849,0.0247164601522679,0.0328798979082695,0.0425545174220485,0.0535405339972575,0.065437675150421,0.0778679460525299,0.0900674177969987,0.100822133461884,0.110967400115185,0.112364672429749,0.106635090884871,0.128974421065182
"14",0.00881993318586639,0.00835512314606022,0.0109711462642747,0.0155580774650785,0.0218265654728732,0.0298118604439745,0.039537520722283,0.0508867648897285,0.0635106808909301,0.0770439723028363,0.0906561589950064,0.102982361848588,0.114771896352853,0.117241812305434,0.111985426324022,0.136040699390187
"15",0.0075551868815988,0.00730621114907696,0.00983688163927341,0.0142303829638418,0.0203115858143335,0.0281789487335264,0.0379059373665815,0.0494239833230072,0.0624163077996148,0.0765289594261664,0.0908986621429036,0.104079764506727,0.116772949649521,0.119841657916806,0.1148593339937,0.139853246693318
"16",0.0070908172626192,0.00691824552438586,0.00941274593535755,0.0137290474020495,0.0197342943047082,0.0275510832638853,0.037272664900217,0.0488499407226019,0.0619796211506416,0.0763132238468488,0.0909755174544053,0.104489718883243,0.117537160609509,0.120842752182751,0.115971089507322,0.141332077049451
