"","X0","X1","X2","X3","X4","X5","X6","X7","X8","X9","X10","X11","X12","X13","X14","X15"
"1",0.218744213828827,0.178727295987727,0.152700218839836,0.12179121178225,0.0966167245667977,0.0744605425804661,0.0550219982183747,0.0387712147526811,0.0259068211199368,0.0163660118881336,0.00976446749518992,0.00550240458260796,0.00293265962248253,0.00148835114809203,0.000741975274370825,0.000463888312226885
"2",0.193271168864165,0.161175588784948,0.142909961259161,0.12006223017701,0.100756233686039,0.0821911920082458,0.0642237074852383,0.0477613914422652,0.0336272424995308,0.0223588441418823,0.0140300360383951,0.0083115948430116,0.00465725498381141,0.00248778057566028,0.00131013368815302,0.000865639522481427
"3",0.156232946789138,0.134822666982892,0.126836169686701,0.115146796600747,0.104547339869594,0.0919916768609905,0.077239706229328,0.0614793260994995,0.0461931664743483,0.0327091402561565,0.0218246761537541,0.0137334814512478,0.00817024244944285,0.00463778895541323,0.00260418625639776,0.0018306888843501
"4",0.11858781746523,0.106742540844176,0.107567611154107,0.106166737427974,0.104463218271498,0.0990891956606337,0.0892916233814133,0.0760008902899001,0.0609161126164597,0.0459378516358509,0.0326045458009651,0.0218073001969288,0.0137868739423824,0.00832566314894776,0.00498799003376432,0.00372402812976771
"5",0.0850339718909959,0.0802796163254822,0.0870353335515736,0.0933480751418169,0.0992328882910061,0.101139532628751,0.0975681320081037,0.0886764046051893,0.0757753577194211,0.060858373665767,0.0459692350877408,0.0327090169541747,0.0220026376657727,0.0141544059220442,0.00905315496027459,0.00716386358188578
"6",0.057692551134452,0.0573584782671025,0.0669976666776825,0.0778643676043307,0.0890938075066968,0.0972888399403479,0.100296524678897,0.0972644032791835,0.0886076088055758,0.0758290932569553,0.061014051857295,0.0462469552033935,0.0331531708215323,0.0227529432974874,0.0155395467251119,0.0129999909439555
"7",0.0370433501612126,0.0389008544866379,0.0489453970089298,0.0614240364875707,0.0753989445882534,0.0880201962584554,0.0968590274610096,0.10019220542447,0.0973346326434931,0.0888254474714952,0.0762266593926538,0.0616461806130215,0.0471763968698731,0.034581760501045,0.0252050345383223,0.0222198760935554
"8",0.0225171264015827,0.025030422708994,0.0338828313748864,0.0457516257858179,0.0600809547989313,0.0748568295415945,0.0878585632105851,0.0969324250182901,0.100469576990094,0.0978715768183056,0.0897134971828865,0.0775509941332,0.0634571839791092,0.0497105952774122,0.0386003273352172,0.035715469443093
"9",0.0129651476042792,0.0152783479347795,0.0222105613192561,0.0321626759768994,0.0450814685723603,0.0598734526482959,0.0749183172760945,0.0881786791116023,0.0975956301798391,0.101630623994779,0.0996918476566284,0.0922836686405358,0.0808299233109482,0.0676272917348737,0.0557703700723029,0.0539019939665243
"10",0.00707777593560964,0.00885072582162349,0.0137903637291182,0.021356442413204,0.0318992047203298,0.0451306628519449,0.0602111264841253,0.0756662356494026,0.0895594556516378,0.0998917069513572,0.105071590094917,0.104304218152332,0.0977798812948654,0.0871631460835433,0.0759709975444866,0.0762764666215014
"11",0.00366993375454002,0.00487477667722002,0.00812815971078379,0.0134379295700439,0.021376580219126,0.0322297436695708,0.0459014032833032,0.0617026095193054,0.0782793949328779,0.0937289570785881,0.105879228369456,0.112702167874549,0.112802169853923,0.106610787356427,0.0975523820765701,0.101123776053716
"12",0.00181698894603048,0.00256873365683926,0.00458331800336289,0.00809035911654214,0.0137246136408438,0.0220995794389132,0.0336886926911873,0.0485785373486972,0.0662164033042852,0.0852147974607969,0.103289828763898,0.117482264236736,0.124785135358531,0.124055253512806,0.118167368660697,0.125638125859833
"13",0.000874896894949409,0.00132279842655559,0.00253334673860523,0.0047890549229212,0.00869494194894141,0.0150058749581517,0.0245553515219801,0.0380401402209939,0.0556755371667578,0.076747203289804,0.099184519948287,0.119472062245923,0.133258853638263,0.137856676377782,0.13536539436917,0.146623347330913
"14",0.000434738863829201,0.000708512949439337,0.00146322853688596,0.0029711928407104,0.00578227555493739,0.0106889090118789,0.0187126440509401,0.0309414378472314,0.0481570156648448,0.0702265781654972,0.0953903606727404,0.119878562954739,0.138423634860813,0.147146761788133,0.147434947274685,0.161639198962695
"15",0.000254367128233288,0.000445745101616215,0.000985067688421439,0.00212593065810099,0.00437695437562699,0.00853026896298125,0.0156866769730282,0.0271329780647857,0.0439691402801964,0.0664212207338447,0.0929628937987922,0.119740329203835,0.140994986307307,0.15215113337001,0.154134648469808,0.17008765888341
"16",0.000195917773962763,0.000358062037940505,0.000820847630433709,0.00182803867677518,0.00386980682942845,0.00773346429255856,0.0145450221380802,0.0256647335735971,0.0423180108943122,0.0648802415633288,0.091931705201268,0.1196000240616,0.141938495772484,0.154088511356656,0.156778075408642,0.173449042788932
