"","X0","X1","X2","X3","X4","X5","X6","X7","X8","X9","X10","X11","X12","X13","X14","X15"
"1",0.185891809266239,0.155078338506289,0.155433850700604,0.143090682432168,0.120983310057814,0.0927121210699194,0.0640948769822835,0.0399546562479411,0.0224909940671272,0.0114589929174955,0.00529746111503285,0.00222744173105909,0.000853684476206563,0.000298957227268345,9.72581285651144e-05,3.55650739876053e-05
"2",0.146895211232511,0.129520735087872,0.139475778869556,0.139904652705982,0.12925529438588,0.108217844610163,0.0816582488988769,0.0555007432575948,0.0340317174030048,0.0188721005886288,0.009490000012564,0.00433850692149443,0.00180754345405648,0.000688370898798738,0.000244724779248076,9.85268937692771e-05
"3",0.0980199503435786,0.0945202631015226,0.113315986581575,0.128109923053431,0.133190268489404,0.1250515339125,0.105441355321866,0.0798112162559173,0.054326468726146,0.0333424722339191,0.0185045788707531,0.00931327671324101,0.00426271150183619,0.00178114119124005,0.000697856322380284,0.000310997380689856
"4",0.0584419949551163,0.0624570578644436,0.0838821276238111,0.106959464028636,0.125079905610092,0.13176443541681,0.124360095046178,0.105086528966184,0.0796211962538212,0.0542255012780393,0.0332921502999697,0.0184834627236654,0.00930942812621609,0.00427430960540047,0.00185005266079622,0.000912289540821707
"5",0.0317260698946246,0.0377308676201173,0.0565624749681129,0.0807765629362756,0.105686663871975,0.124595487361636,0.131592233459278,0.124302951090926,0.105068285616373,0.0796158912013257,0.0542262882217116,0.0333012115221193,0.0185056456741707,0.00936187872000642,0.00449407262380978,0.00245341521753925
"6",0.0158442500477666,0.0209445948438158,0.034797911671669,0.0551822721992407,0.0802716645172599,0.105516060982883,0.124541663209352,0.131577258498669,0.124300127308576,0.105070767885179,0.0796264066846139,0.0542592217637361,0.0333745336018867,0.0186681483462901,0.00998687351530964,0.00603824492375304
"7",0.00731578705794378,0.0107175511252522,0.019592810479762,0.0342264687290953,0.0549947722257746,0.0802153168489564,0.105500032315537,0.124538529541832,0.131580050994963,0.1243117478897,0.105105978116283,0.0797275865865142,0.0544780432581811,0.0338334451241557,0.0202823241503074,0.0135795555557421
"8",0.00313503125853446,0.00507193605076228,0.010137025317896,0.0193709064641855,0.0341610845309726,0.0549778515933533,0.0802119965659071,0.105503025959589,0.124551085110845,0.131617928887536,0.124417996243227,0.10539084798039,0.0803239684790441,0.0556596421821159,0.0376131341900402,0.0278565391856015
"9",0.00125060436435336,0.00222648008380551,0.00483913640541799,0.0100559170318004,0.0193495631242743,0.0341573529445289,0.0549807394374598,0.0802247132531166,0.1055418653115,0.124661019605901,0.131909331054892,0.125150673233891,0.106870705339799,0.0830906522161006,0.0636655607259368,0.052025685867222
"10",0.000465458345281444,0.000908974216308234,0.00213925750099355,0.00481132555368917,0.0100500335134103,0.019351735561145,0.0341687812279747,0.0550171696590254,0.0803304179191746,0.105828481939515,0.125384002329935,0.133622454863652,0.128481029101,0.11274256087482,0.0983911314633367,0.0883071859307395
"11",0.000161891412551615,0.000345844515686519,0.000878542318723654,0.00213076236463817,0.00481183756171537,0.010058876057047,0.0193817569351758,0.0342600584815404,0.0552735350763397,0.0809996821096936,0.107442994984095,0.129006722621174,0.14039049299231,0.139734633713594,0.139057554407908,0.136064814447809
"12",5.26845328083747e-05,0.000122875007086048,0.000336231562567294,0.000877374866356162,0.00213639508192262,0.00483331590173836,0.0101277247695915,0.019585032120897,0.0348139080526197,0.0566691325759372,0.0842309341652278,0.114337996646799,0.141374160379846,0.159792757086395,0.180374839169473,0.190334638080736
"13",1.60863189069495e-05,4.09531000805611e-05,0.000120740050125448,0.000339083118976656,0.000890604310024486,0.00218144641993236,0.00497340987056442,0.0105298495433223,0.0206484955580371,0.037404817362401,0.0624422041000964,0.0959898088951631,0.134581955344928,0.171370613523661,0.216109985366856,0.242359947116925
"14",4.68970112007309e-06,1.31131281710646e-05,4.19324264996826e-05,0.000127640429575909,0.0003643222350852,0.000973464790291298,0.00243238137251539,0.00567463082125356,0.0123328077681523,0.0249059574257741,0.0465643059642018,0.0803291461843195,0.125583313386856,0.176110712577648,0.241607500500271,0.282934081288265
"15",1.44537212129903e-06,4.53474064402488e-06,1.60142914109863e-05,5.3661280414255e-05,0.000168546018891269,0.000495554106494172,0.00136226444210357,0.00349456273173248,0.00834141429222913,0.0184668265125528,0.0377200181439909,0.070722675495034,0.118920790656396,0.177216988968993,0.25581915574695,0.307195547200043
"16",6.51596022290949e-07,2.29875194230745e-06,8.90741027957817e-06,3.24051823924207e-05,0.000109709549715226,0.000345501864733429,0.00101148851352352,0.00274865859697829,0.00691533794926009,0.0160611691168098,0.0342540825180878,0.0667403513672965,0.115884444913302,0.177242018690764,0.261418021209936,0.317224952768958
