"","X0","X1","X2","X3","X4","X5","X6","X7","X8","X9","X10","X11","X12","X13","X14","X15"
"1",0.151059439749003,0.199065525716103,0.230492352283882,0.191558604037627,0.124405767596629,0.0640877627721552,0.0267653506779808,0.00918772628496688,0.0026143247650004,0.000618790085010235,0.000121692846773137,1.97538319777057e-05,2.61138257411203e-06,2.74605199731087e-07,2.20609712374892e-08,1.30414759354145e-09
"2",0.0873990651389984,0.141751747703883,0.204207043851974,0.211453749952166,0.167526420117415,0.104188747865115,0.0521646576922243,0.0213881121047666,0.00726312582978393,0.00205649057452074,0.000486679260567591,9.60911110175407e-05,1.57212100770984e-05,2.10312544983425e-06,2.24854110582867e-07,1.96079308834604e-08
"3",0.0334295645450057,0.0714262214017929,0.141064771234101,0.199216868933096,0.207007398443333,0.163836854747601,0.102015760727933,0.0511810045407162,0.0210343759649824,0.00716004943785306,0.00203194158397884,0.00048189356502942,9.53325290561307e-05,1.56249770995196e-05,2.09363998708322e-06,2.43728434801276e-07
"4",0.00967297067512847,0.0268637460363977,0.0709912241275109,0.140029989655984,0.198570777692114,0.206495964646985,0.163545675948819,0.101887813001311,0.0511363806714353,0.0210217957056503,0.00715716262390954,0.00203140249706098,0.000481812421504711,9.53232334241017e-05,1.5624125501454e-05,2.33693726469262e-06
"5",0.00214461422556366,0.00783572381549432,0.0267425255237878,0.0708563959936677,0.140006670734503,0.198555633811383,0.20648806045551,0.163542296234686,0.101886653199716,0.0511360574322947,0.021021722456085,0.00715714915743791,0.00203140057871596,0.000481818159362382,9.53244214664077e-05,1.7953800326989e-05
"6",0.000374656964089771,0.00179884512783107,0.00782140758520385,0.0267284217398978,0.0708560269051918,0.140006583517924,0.198555623620594,0.20648805916923,0.163542296169637,0.101886653194712,0.0511360574324921,0.0210217227420517,0.00715715087343593,0.00203147337340159,0.000481846687920113,0.000113174896387806
"7",5.0640958961857e-05,0.000326097492184261,0.00179780566660482,0.00782037472345396,0.0267284142056894,0.0708560253854028,0.140006583417849,0.198555623610586,0.20648805916923,0.163542296169637,0.101886653206003,0.0511360615976924,0.0210217477445441,0.00715783397566286,0.00203188599799096,0.000593896678507942
"8",5.16346700892981e-06,4.55686984316673e-05,0.000326051887276969,0.00179776013508609,0.00782037466340878,0.0267284141956819,0.0708560253854028,0.140006583417849,0.198555623610586,0.206488059169625,0.16354229641656,0.101886696426394,0.0511363211183911,0.0210268640961279,0.00716207011234057,0.00261612719982941
"9",3.62641406761805e-07,4.80295115901601e-06,4.55676356532433e-05,0.000326050824498545,0.00179776013508609,0.00782037466340878,0.0267284141956819,0.0708560253854028,0.140006583417849,0.198555623631984,0.206488062709003,0.163542639048267,0.101888753124116,0.0511675651641789,0.0210598674944088,0.00971154697789664
"10",1.55659027699998e-08,3.470955190545e-07,4.80294115148466e-06,4.55676256457119e-05,0.000326050824498545,0.00179776013508609,0.00782037466340878,0.0267284141956819,0.0708560253857977,0.140006583830324,0.198555660458895,0.20649022000261,0.163555569031406,0.102046257922859,0.0513698486136921,0.0303965017075226
"11",3.57595318449897e-10,1.52083074515499e-08,3.470955190545e-07,4.80294115148466e-06,4.55676256457119e-05,0.000326050824498545,0.00179776013508609,0.00782037466340878,0.026728414215105,0.0708560302615839,0.140006871633865,0.198566665148374,0.206555942572678,0.164214709509226,0.1030388715338,0.080037576274156
"12",3.33584378249024e-12,3.54259474667407e-10,1.52083074515499e-08,3.470955190545e-07,4.80294115148466e-06,4.55676256457119e-05,0.000326050824498545,0.00179776013508609,0.00782037495211417,0.0267284534665265,0.0708577398003607,0.140052659302991,0.198838367183732,0.208845168994503,0.16813646925693,0.176546222855039
"13",0,3.33584378249024e-12,3.54259474667407e-10,1.52083074515499e-08,3.470955190545e-07,4.80294115148466e-06,4.55676256457119e-05,0.000326050824498545,0.00179776225628644,0.00782058924700928,0.0267360408095649,0.0710117008908516,0.140958348549393,0.205387618435164,0.221263753917596,0.324647401841418
"14",0,0,3.33584378249024e-12,3.54259474667407e-10,1.52083074515499e-08,3.470955190545e-07,4.80294115148466e-06,4.55676256457119e-05,0.000326059982303997,0.00179855434278278,0.00784516278248428,0.0271448723134515,0.0733948314129801,0.156158019909723,0.236479766592405,0.49680199943565
"15",0,0,0,3.33584378249024e-12,3.54259474667407e-10,1.52083074515499e-08,3.470955190545e-07,4.80294115148466e-06,4.55929504896484e-05,0.000328069409864249,0.00185600604964777,0.00868302268496435,0.0319906050692532,0.101529987706136,0.216819095983108,0.638742454543964
"16",0,0,0,0,3.33584378249024e-12,3.57595318449897e-10,1.54590445741674e-08,3.54415759604989e-07,4.96152805464287e-06,5.02278193569364e-05,0.000432625946131179,0.0032029423703872,0.0163557823217526,0.0735243527660283,0.193783116497405,0.712645620515149
