"","X0","X1","X2","X3","X4","X5","X6","X7","X8","X9","X10","X11","X12","X13","X14","X15"
"1",0.138538301290357,0.124368540986504,0.120592378029996,0.110217123752251,0.0978500157468183,0.0851653346544734,0.0725504937990746,0.0603718594818293,0.0490080499733221,0.038799496701591,0.0299845437130039,0.0226588578765363,0.0168167328116534,0.0126525304212886,0.0103306203678043,0.010095120393492
"2",0.130685416096309,0.117815770555271,0.115074284188011,0.106274555474697,0.0956441191856621,0.0846222023682768,0.0734529813177495,0.0624069883597171,0.0518176299464321,0.0420304597332893,0.0333298487233723,0.0258808323101423,0.0197623373286743,0.0153380846863527,0.0129320546753624,0.0129324350506774
"3",0.118236299312191,0.107365588434743,0.106168517463783,0.0997663187460394,0.0918082849294971,0.0833827159937518,0.0745192482701831,0.0653365394880862,0.0560854422998773,0.0471016397342995,0.0387220722642388,0.0312025873226604,0.0247431631877454,0.0199900065126564,0.0175405089691269,0.0180310670711159
"4",0.103793736343982,0.0951320260472615,0.095555829638798,0.091754129672877,0.0867465768037838,0.0812533626453144,0.0750794864637623,0.0681705435001442,0.0606654210218906,0.0528585526771703,0.0451120039844007,0.0377511552382579,0.0310898177188003,0.0261260563732293,0.023810214975812,0.0251010868945111
"5",0.0886046901345835,0.0821210803367343,0.0840222104031971,0.0827101372889004,0.0805951376853821,0.0780626680033497,0.0747171959214668,0.0703321064422162,0.0649130884370778,0.0586760750793272,0.0519631110292928,0.0451221493302987,0.0385452968057937,0.0336311900341357,0.0317476278234224,0.0342362352448176
"6",0.0735752114788563,0.0690777524801947,0.0721729279472236,0.0730291289931602,0.0735129631872329,0.073740855267128,0.0731655235345431,0.0714093556080248,0.0683368863956481,0.0640519374247619,0.0588244805353024,0.0529616105300836,0.0468756030244662,0.0423950602929819,0.0413529950943632,0.0455177082060248
"7",0.0594283385597548,0.0566194538026806,0.0605485797130989,0.0631184957692216,0.0657446427402595,0.068357828402142,0.0703237613212973,0.0711531822742349,0.0705787082954918,0.0685705123815859,0.0652779926846322,0.0608975092970109,0.0557878840593423,0.0522158203816188,0.0525051778920655,0.0588721124255588
"8",0.0467124032131982,0.0452408402250351,0.0496267414059956,0.053398595431439,0.0576234274365631,0.0621334406512618,0.0662778281301019,0.069507832490758,0.0714507304816537,0.0719388749298596,0.0709652184279354,0.0685501746246859,0.0649201999326355,0.0627661222694569,0.0649019167356373,0.0739856536137787
"9",0.0357787703155371,0.0352894932553134,0.039792751616023,0.0442721981496384,0.0495449747804809,0.0554223234007649,0.0613020227243405,0.0666321488962841,0.0709739889026438,0.0740358501678558,0.0756369403647017,0.0755719293348528,0.0738634444301763,0.0735921548493959,0.0780343276135863,0.0902566811984011
"10",0.0267914745311044,0.0269657708654405,0.031326209388772,0.0360977662643978,0.0419318457547483,0.0486773608971041,0.0558303527382276,0.0628860355217476,0.0693834107034023,0.0749340999832196,0.0791863254700549,0.0816828903558566,0.0821915821077565,0.0841324251974864,0.0911922008753436,0.106790249345334
"11",0.0197603879393292,0.0203413908716109,0.0244009469612742,0.029167512532289,0.0351915119741129,0.0423941473672899,0.050397035641102,0.0587774654556311,0.0670902823644332,0.0748835567129325,0.0816544275838805,0.08669546908047,0.0894994117418172,0.0937644824225364,0.103518606634266,0.122463364717022
"12",0.0145808882212252,0.0153833740617491,0.019088529631307,0.0236846300899277,0.029666131832686,0.0370370808507295,0.0455473001685755,0.054869902967817,0.0645998886287845,0.0742522150517151,0.0832040087085669,0.0905259482538668,0.0954508598388955,0.101889405480471,0.114131993350982,0.136087842862697
"13",0.0110635244284926,0.0119698761280891,0.015354595327916,0.0197332507180543,0.0255724667339264,0.032950050878868,0.0417250683663061,0.0516587985152005,0.0623932877139351,0.0734320241429175,0.0840673050473128,0.0931965456164291,0.0998395409781068,0.10805498106012,0.122316666030229,0.146672018314093
"14",0.00894475213535314,0.00989115844672921,0.0130440087027295,0.0172415862309998,0.022938349044563,0.0302649373971793,0.0391572925779203,0.0494417683881051,0.060799447123496,0.0727334068791953,0.0844840261003771,0.0948333923386345,0.102654358571556,0.112096322921763,0.127745401591212,0.153729791550183
"15",0.00788531756064744,0.00884362340193979,0.0118664341215915,0.0159551282863344,0.0215596498866939,0.0288400687391887,0.0377748554951579,0.0482274429085494,0.0599026113485817,0.0723059144889722,0.084651705516809,0.0956604470844907,0.104124533317677,0.114239195884715,0.130647190452695,0.157515881505952
"16",0.00749305604345671,0.00845387316182738,0.0114252379696295,0.0154693020959882,0.0210346890199124,0.0282930631592349,0.0372396095373802,0.0477525832987569,0.0595465651152129,0.0721287053403847,0.0847037450930452,0.0959684083068981,0.104683628551529,0.115061706048246,0.131766447596126,0.158979379662368
