"","X0","X1","X2","X3","X4","X5","X6","X7","X8","X9","X10","X11","X12","X13","X14","X15"
"1",0.270616555787,0.161083979262272,0.150787857435552,0.117488697063551,0.0939516346089731,0.0718884799239334,0.0516641473936908,0.0347047307715802,0.0217458949366519,0.0127065856307213,0.00692623570042023,0.00352467141223532,0.00167703540370562,0.000748757203203454,0.000318803924726364,0.00016593354178456
"2",0.232574376416552,0.144614954821563,0.141782346391324,0.118530076598722,0.101252262827989,0.0825473437781022,0.0631233224944336,0.0450703232886943,0.0299975509471152,0.018609685932083,0.0107667931779276,0.00581521749611977,0.00293775940198927,0.00139426294016769,0.000632606027516943,0.000351117459700599
"3",0.179290869318963,0.11967988998683,0.126020096469046,0.116394473178421,0.10862764362443,0.0961614242227557,0.0795637149718124,0.0613072945225825,0.0439503859271358,0.029321622686517,0.0182200190658823,0.0105592349680008,0.00572188995080428,0.00291446434425636,0.00142131584811346,0.00084566091444986
"4",0.128138083942382,0.0929894542166677,0.106027936929897,0.108434114968444,0.110509684493689,0.106157479670654,0.0950078994785635,0.0790146222103659,0.0610383320434819,0.043820476345148,0.0292674701819573,0.0182164506767499,0.0105999194924354,0.00580117793044944,0.00304200523162033,0.0019348921874944
"5",0.0856393538499785,0.0679839834343396,0.0840947110715725,0.0947920171570625,0.105087848517443,0.109288232937463,0.105672223817707,0.0948231530444389,0.0789506746713141,0.0610310140585565,0.0438541183061818,0.0293512693134426,0.0183693535371672,0.0108196526554263,0.00610368708400883,0.00413870654389956
"6",0.0536929134703437,0.0467349596213885,0.0626524829725049,0.0773817509406372,0.0929796377965776,0.104490150434877,0.109073905791365,0.105605561717506,0.0948204693209089,0.0789975529127745,0.0611477129641578,0.0440828025109044,0.0297347374297489,0.0188839642974117,0.0114625532331705,0.00825884458572416
"7",0.0316159080796907,0.0301791353290945,0.0437511183871824,0.0588828064612166,0.0764535403576959,0.0927032758622958,0.104406664366728,0.109071318982111,0.105662445991247,0.0949669141887299,0.0793027565880191,0.0617064679424887,0.0449658469691902,0.0308438440869952,0.0201333364350873,0.015354619972229
"8",0.0175040746423766,0.0183019013749704,0.0286144186069463,0.0417591900131695,0.0584359944099363,0.0763406181439695,0.092695144927605,0.104470761242303,0.109241769754963,0.106033167618266,0.0956912736493039,0.080559355281702,0.0635805445070047,0.04716231415451,0.0330504233534257,0.026559048319549
"9",0.0091234927233254,0.0104276862732418,0.0175320710278861,0.0276252880963781,0.0415643488303578,0.058415954551704,0.0764067289456593,0.0928817547204888,0.104888279337379,0.110093854269394,0.10761382143486,0.09829258910043,0.0842170552784043,0.0675637835125294,0.0506719143131031,0.0426813775848608
"10",0.00448289758124903,0.00558728691856374,0.0100740149226743,0.0170766283298453,0.027567412448849,0.0416252826868212,0.0586066331653953,0.0768462092756518,0.0938063085614453,0.106683643915383,0.113262011564716,0.112559348083161,0.104840267171927,0.0908061586963249,0.0725236716843305,0.0636522249936635
"11",0.00208001683189771,0.0028204585331425,0.00544106746468641,0.00989504451816521,0.017114964958643,0.027745306604857,0.042052669417768,0.0595336175955918,0.0787112430222693,0.097265528250138,0.112498025836688,0.121872809080936,0.123280957252141,0.114743473709938,0.0969023667166075,0.0880424502065315
"12",0.000914543869417679,0.00134750963644087,0.00277861510445943,0.00541568833552374,0.0100387903911938,0.0174907275096123,0.028591684677008,0.0438187281163759,0.06294953015263,0.0847806542821524,0.107001682633812,0.12619040738229,0.137895813695429,0.136758014795139,0.121007998777,0.113019610641517
"13",0.000385764956378964,0.000618971451650679,0.00136720820988365,0.00286290545330351,0.00570688801781069,0.0107285983538445,0.0189913461978962,0.0316220237773,0.0494738202803474,0.0726066228796655,0.0996068063029973,0.126843187506497,0.14802208487045,0.154477199806543,0.141657778271816,0.135028793663617
"14",0.000163834499397695,0.000288790557952961,0.000687892597891285,0.00155673777176399,0.00335443352916403,0.00682821784344137,0.0131024279331986,0.023649119598049,0.0400421612337075,0.0633524822406181,0.0930864374160281,0.125791640917901,0.154010905493598,0.166536115778883,0.156431667712733,0.151117134875673
"15",8.08026233310475e-05,0.000157271309085054,0.000404068396205796,0.000984554001889622,0.00227620023222185,0.00495863628837262,0.0101510759412812,0.0194706211721512,0.0348655201015883,0.0580003362054661,0.0889975350407544,0.124640143304986,0.156896255521459,0.17307393901749,0.164740288121391,0.160302752722328
"16",5.56025328625552e-05,0.000115559678412933,0.000311058144252238,0.000791000624042786,0.00190040817035258,0.00428785385106507,0.00906171742535461,0.0178846546357832,0.0328445436164,0.055845424011795,0.0872770672119249,0.12404998974362,0.157926417838942,0.175613600447302,0.168044611630105,0.163990490437786
