"","X0","X1","X2","X3","X4","X5","X6","X7","X8","X9","X10","X11","X12","X13","X14","X15"
"1",0.145370279658938,0.1444955583104,0.130292652237565,0.11953714948587,0.10563483550468,0.0891135885262986,0.0722731265225807,0.0565528157597045,0.0427688667603937,0.0312885870683401,0.0221527190510521,0.0151906806564798,0.0101429141714873,0.00660434972715345,0.00443585703442582,0.00414601952462712
"2",0.133938302847888,0.134105274829396,0.122552255243462,0.11459955953011,0.103715001760133,0.0900285991934011,0.0754104995393069,0.0611028915359045,0.047925343364084,0.0363869509880039,0.0267404948331187,0.019033002977654,0.0132011377312371,0.00893258508501959,0.0062546473888459,0.00607345315243314
"3",0.116361433024363,0.117963489445539,0.110243283111583,0.10634368983794,0.0999326035822185,0.0905900228925866,0.0795376768095594,0.0676758124468595,0.0557600267915467,0.0444451475406422,0.034257242082942,0.0255541081959423,0.0185845311183893,0.0131848250347629,0.00970932602623598,0.00985678205888557
"4",0.096903639458495,0.0998116911725727,0.0959197030785612,0.0960543002081956,0.0942800669579276,0.0896789013096271,0.0827885689726041,0.0740800189213965,0.0641305969386958,0.0536344796474875,0.0433228305282168,0.033843975750083,0.0257992337233146,0.0191839561351786,0.0148459708710273,0.0157220663266133
"5",0.0776113834210629,0.0814620540470237,0.0808400336389524,0.0843787872479812,0.0867491057291315,0.0866865247616981,0.0841160150427013,0.0790474610412274,0.0717681142838968,0.0628640864081567,0.0531372429231092,0.0434346532098765,0.0346955813326779,0.0270325726650056,0.0219652706674125,0.024211113580083
"6",0.0598069131503281,0.0641433243472696,0.065954089916191,0.0719422785969404,0.0775612954537081,0.0813980614517297,0.0829129086278785,0.0816905070548173,0.0776594039192588,0.0711592330365027,0.0629034473762815,0.0537967930639559,0.0450487642736333,0.0367799994340875,0.0313531907995192,0.035889789497895
"7",0.0443320073170545,0.0487086580725856,0.0520388784922415,0.0594183831858441,0.0671898803575864,0.073989467566521,0.0790060118325173,0.0815017557849837,0.081047718735308,0.077649391450134,0.0717896892345406,0.0642698000800613,0.0564575923649184,0.0483007190846382,0.0431421517767506,0.0511578946643117
"8",0.0316107615378028,0.0356677397377587,0.0396837983684771,0.0474745752762154,0.0562911589213576,0.0649792326186168,0.0726568005986335,0.0784143459396569,0.0815404449251514,0.0816942470524502,0.0790387921387037,0.0741253140531958,0.0683447546632296,0.0612339479144596,0.0571938996266269,0.0700501866276608
"9",0.0216931331251334,0.0251971161995754,0.029250192515262,0.0366829029287784,0.0455899936508867,0.0551262179548431,0.0645100913457507,0.072825686405212,0.0792085108239567,0.0830350839702387,0.0841315568242991,0.0826996573825044,0.0800234015292067,0.0749725482868457,0.073008400153026,0.0920455069044775
"10",0.0143504616785393,0.0172016457530289,0.0208729431297651,0.0274565363855895,0.0357638310793623,0.0452915546283628,0.0554748244431553,0.0655347116125549,0.0746008265967509,0.0818824934517417,0.0869201688940854,0.089531375029311,0.0907961528228575,0.0886981245944541,0.089683779888029,0.115940570012409
"11",0.00919220543704643,0.0114050896729115,0.0144984120324597,0.0200244750881524,0.0273524793822538,0.0362977245227837,0.0465628205327022,0.057598697725528,0.0686535828942061,0.0788970399445096,0.0876772911463139,0.0944559378322909,0.100062294680534,0.101470206989547,0.10597151514706,0.139880226971698
"12",0.00577195069788746,0.00744173926848147,0.00994042297281495,0.0144388855735507,0.0207029764890537,0.0288066461612558,0.0387117528135093,0.0501287151292902,0.0624958631226704,0.0750426050697134,0.0870241602951204,0.0976182114704196,0.107408914354247,0.112372535383911,0.120465074861821,0.161629546336251
"13",0.0036619018651758,0.00492693468555317,0.0069333615167233,0.0105982258988627,0.0159423785804816,0.0232236879410219,0.0326133669655185,0.0440532660300893,0.0571800756698942,0.0713304167715277,0.0857403589751492,0.0993922189680538,0.11267065957572,0.12070574185438,0.131923186793345,0.179104217908501
"14",0.00248857367982716,0.00349516715116619,0.00516685156026651,0.00826866467214173,0.0129659406410802,0.019628934858584,0.0285693723464984,0.0398954733726372,0.0533998478980928,0.068521256196052,0.0845118670976588,0.10023979347718,0.115955304531029,0.126190095539986,0.139659304743473,0.191043552234324
"15",0.001935791619287,0.00280860173417725,0.00430031620634408,0.00709988675560519,0.0114410264470858,0.0177500958006471,0.02641376033001,0.0376331601866133,0.051292775755933,0.0668974879435355,0.0837193403574157,0.100572045030313,0.117634148115116,0.129104195688231,0.143843619202518,0.197553748827164
"16",0.00173880711699284,0.00256113320881582,0.00398346788888682,0.00666651190746198,0.0108683059760532,0.0170358540906343,0.0255845704714504,0.0367522578028836,0.0504607677698588,0.0662432111954802,0.0833820560851311,0.100671754216432,0.118263357554221,0.130223832251394,0.145469015230393,0.200095097233909
