"","X0","X1","X2","X3","X4","X5","X6","X7","X8","X9","X10","X11","X12","X13","X14","X15"
"1",0.156647029844861,0.167472374250059,0.177112336617607,0.166333320320955,0.13442162024058,0.0930983435342329,0.0555291824705489,0.0287257663887098,0.0129713969745607,0.00514048004242221,0.00179545866333642,0.000554462340735366,0.000151700170490993,3.68091822343852e-05,7.9497010715394e-06,1.76925759505619e-06
"2",0.111329126681008,0.13020316544457,0.15529876553117,0.165485880804437,0.151681892379163,0.118896316297067,0.0800675501766208,0.0466553491166873,0.0236857171096295,0.0105389924160631,0.00413011430082619,0.00143096131259127,0.000439533791930041,0.00011990955083925,2.9232770792379e-05,7.49231660495204e-06
"3",0.0615812045121122,0.0827910825598561,0.117348953434207,0.148685795696181,0.16115335777853,0.14829951053131,0.11635286353194,0.0784064238665894,0.0457263967462516,0.0232394408347959,0.0103536190450282,0.00406311749318004,0.00140980822882865,0.000433782847991521,0.00011946406263847,3.51788305600069e-05
"4",0.0288920702613891,0.0450650960566616,0.0759346572933232,0.114510790467608,0.14748466147953,0.160522439842487,0.147906927810998,0.116117235333446,0.0782802652269594,0.0456674485277203,0.0232154985993505,0.0103451918526981,0.0040607079602535,0.00140990591545895,0.00043878238248007,0.000148320989637444
"5",0.0118617254422022,0.0213695503468264,0.0421990862579109,0.0748944167684649,0.114202676209183,0.147402528160584,0.160496345123173,0.147897053067898,0.116113150546394,0.0782786028235719,0.0456668936348569,0.0232156187850385,0.010346367119827,0.00406506309381191,0.00143379382458297,0.000557128795674912
"6",0.00434752526671529,0.00895847683204039,0.0203659251369438,0.0418633077963089,0.0748089211677694,0.114186748985429,0.147399697827898,0.160495834078391,0.147896983819129,0.116113260484313,0.0782790884091546,0.0456686531215814,0.0232217663394396,0.0103669656618464,0.00416303766304031,0.00186380741000019
"7",0.00143021562877275,0.00335107060641537,0.00864794138840173,0.020269227135116,0.0418407331053643,0.0748054666368819,0.114186312223299,0.147399654726802,0.160495928562465,0.147897554749742,0.11611548344995,0.0782869319296311,0.0456951847910135,0.0233067834346688,0.0107234647357975,0.00554804689567934
"8",0.0004219255364782,0.00112407363307769,0.00326594079532843,0.00862344172351176,0.0202638710155731,0.0418400125670245,0.0748053975074651,0.114186349848366,0.147400074760598,0.160498235675854,0.147906404999902,0.116146030189824,0.0783871338470021,0.0460030262431287,0.0244567007234123,0.014671380933454
"9",0.000111064148495909,0.000338076277562288,0.00110350249116085,0.00326054802141734,0.0086223372686477,0.0202637378166315,0.0418400129853193,0.0748055677190315,0.114187885180917,0.147408247339155,0.160529107625111,0.148010628112252,0.116477671257656,0.0793651164755991,0.0492849065685904,0.0343915907124547
"10",2.58926432038659e-05,9.07594077859793e-05,0.000333727171006399,0.00110248069001214,0.00326035452373003,0.00862232197366828,0.0202637921336487,0.0418406306306012,0.0748105586585859,0.114213431872821,0.147502955509142,0.160841385421569,0.148973447501987,0.119201735259983,0.0876304950137188,0.0712860315885371
"11",5.29820606403998e-06,2.15884995374064e-05,8.99623852212848e-05,0.000333562016291557,0.00110245498763554,0.00326037966453044,0.00862255239881525,0.0202658259302021,0.0418551679597879,0.0748813778506835,0.114469878901318,0.14832648293357,0.163294982329895,0.155618038761839,0.13750953505012,0.13034291212449
"12",9.41486901261754e-07,4.50830085988144e-06,2.14634629745839e-05,8.99408146000696e-05,0.000333571216020745,0.00110256559902872,0.00326120307529143,0.00862859825179638,0.0203038522393315,0.0420298300978548,0.0754958653031015,0.116384507366152,0.153816695369701,0.177467093304266,0.191151073739802,0.209908290372318
"13",1.43411144037967e-07,8.17593274803853e-07,4.49199309921429e-06,2.14647897226217e-05,8.99841516493929e-05,0.00033393304526718,0.0011050490304567,0.00327707365215576,0.00871723028438804,0.0206860151238911,0.0433306786788857,0.0794155418934776,0.127159237209253,0.180197987762731,0.237692509694078,0.297967841686526
"14",1.84183451153239e-08,1.27096091896156e-07,8.16507491828046e-07,4.50288307684505e-06,2.1583169239033e-05,9.09264789282557e-05,0.000340052677005758,0.00114053882125864,0.00345697210366981,0.00944838731464464,0.0230931940148586,0.0503419603613928,0.0978701223664948,0.169904745678882,0.269216195720094,0.375069856388527
"15",1.95226838055821e-09,1.67122567966399e-08,1.28564519822314e-07,8.4052741332435e-07,4.74970922073417e-06,2.34914956086091e-05,0.000102872991941165,0.000405133085124006,0.00144844730887626,0.00465090150910952,0.0132684354762593,0.0338945825813266,0.0776869351317609,0.158016076708042,0.285141823274014,0.425355562972259
"16",1.7180272766918e-10,1.95756239089269e-09,1.97860864287422e-08,1.70261287298934e-07,1.24839253256609e-06,7.80401651663994e-06,4.20451160179186e-05,0.000199816856168697,0.000843229941449125,0.00309161647907333,0.00979691475301154,0.0274963421435556,0.0688606608967212,0.15155200456145,0.290732982301473,0.447375142365292
