"","X0","X1","X2","X3","X4","X5","X6","X7","X8","X9","X10","X11","X12","X13","X14","X15","X16","X17","X18","X19","X20","X21","X22","X23","X24","X25","X26","X27","X28","X29","X30"
"1",0.733495711585005,0.157148913953018,0.0549651159433393,0.0261066054063457,0.0136737958547804,0.00726291375771704,0.00376112811894992,0.00187927884666401,0.000908954580915137,0.000428860729801513,0.000199106896726528,9.16961355143064e-05,4.21433155095868e-05,1.93863915229053e-05,8.92273603496779e-06,4.09691274292501e-06,1.86863209565272e-06,8.4291662945316e-07,3.74610033061972e-07,1.63540632092376e-07,6.99855288398797e-08,2.93162936643847e-08,1.20095043881473e-08,4.80837665248348e-09,1.88089928230957e-09,7.18666310923344e-10,2.68171787735663e-10,9.76668056650789e-11,3.46655728270709e-11,1.20341398508056e-11,4.21285955124384e-12
"2",0.732639878379522,0.157119589810052,0.055092980273174,0.026266987660037,0.0138279424924521,0.00739367969514537,0.00386308919322578,0.0019536775518437,0.000960286597679167,0.000462591857756362,0.000220331571541418,0.000104537978881074,4.96386886088074e-05,2.3617238965459e-05,1.12367748276012e-05,5.32511290401874e-06,2.50194299024772e-06,1.16045098928737e-06,5.29519269040613e-07,2.37109696634885e-07,1.04011541182164e-07,4.46466381968874e-08,1.87395109324299e-08,7.68762622962599e-09,3.08152699560403e-09,1.20671667670055e-09,4.61581681784869e-10,1.72337327893506e-10,6.26978935116676e-11,2.2292590442303e-11,7.9683220520674e-12
"3",0.730490768738089,0.157040839507606,0.0554085988034833,0.0266656859090962,0.0142130937917469,0.0077221794379473,0.00412079245555646,0.00214301940303573,0.00109194017571881,0.000549849827289075,0.000275755679485551,0.000138414573761211,6.96273634909543e-05,3.50305170547251e-05,1.75549379604276e-05,8.7209364603342e-06,4.27590782175482e-06,2.06191698390067e-06,9.75413185342251e-07,4.51893013178671e-07,2.04801342683487e-07,9.07362638338113e-08,3.92821660237349e-08,1.66135861039585e-08,6.86303756962726e-09,2.76897211103938e-09,1.09100093806387e-09,4.19442762255138e-10,1.57029526605152e-10,5.73774169823458e-11,2.09931427468836e-11
"4",0.726692150224939,0.156886745688679,0.0559504769979294,0.0273584759025436,0.014888032715923,0.00830298216343846,0.00458098417989243,0.0024849419748541,0.0013326695820908,0.000711604143940032,0.000380037246692119,0.000203176749220954,0.000108488660888297,5.76143121870868e-05,3.02875804305251e-05,1.56945012844098e-05,7.98987933018426e-06,3.98677148406991e-06,1.94678011014596e-06,9.29408397003743e-07,4.33550399547402e-07,1.97547239350663e-07,8.79060910790874e-08,3.81979648148917e-08,1.62074764897709e-08,6.71496938697693e-09,2.71641570625927e-09,1.07191287744987e-09,4.11641227564584e-10,1.54088427426158e-10,5.75444394453591e-11
"5",0.720752253218221,0.156614449480027,0.056763989024194,0.0284162617270536,0.0159305291369328,0.00921086506393395,0.00530992965207643,0.00303459572078351,0.00172599388194461,0.000980606273145393,0.000556779158509737,0.000315161879050606,0.000177109141430373,9.83655183718096e-05,5.37788477048746e-05,2.88547473738122e-05,1.51611874277332e-05,7.79043761386144e-06,3.91150476018804e-06,1.91812694686581e-06,9.18453643481067e-07,4.2937278873132e-07,1.95970809744037e-07,8.7323116148179e-08,3.79893335781597e-08,1.61366073507106e-08,6.69198999892044e-09,2.70654617136272e-09,1.06470195069097e-09,4.07735815785955e-10,1.5522174433855e-10
"6",0.712085464101689,0.156160782538735,0.0578896740851256,0.0299126590294605,0.0174268535728027,0.0105333334225813,0.00638902160025782,0.00386284410543616,0.00233024708713572,0.00140254218901788,0.000840170385435293,0.000498896845772394,0.000292399726130059,0.000168514016000435,9.52237934103364e-05,5.2656177017067e-05,2.84581319491121e-05,1.50211195303176e-05,7.74055616075987e-06,3.89352003738029e-06,1.91157495288134e-06,9.16061492782324e-07,4.2851113967993e-07,1.95674047523844e-07,8.72315489212999e-08,3.79683950528081e-08,1.61342401194712e-08,6.68497161598825e-09,2.6924281369748e-09,1.05423863776444e-09,4.08857473593158e-10
"7",0.700076036112635,0.155440159621329,0.0593485587216799,0.0319073163976797,0.0194567254277149,0.0123588923877939,0.00790685204980476,0.00505182769129458,0.00321690181822007,0.00203624626549995,0.00127628514315348,0.00078885087335651,0.000479075895232322,0.000285089830706504,0.000165923378892795,9.43341789576298e-05,5.23570902984116e-05,2.83585036379116e-05,1.49878476310164e-05,7.72932356503477e-06,3.88968745544182e-06,1.91027625925435e-06,9.15649133007849e-07,4.28412641951837e-07,1.95680555155927e-07,8.72639689128771e-08,3.79910267867807e-08,1.61228475630177e-08,6.64665471505595e-09,2.65996229047249e-09,1.05040854510385e-09
"8",0.684140045173898,0.154344244789584,0.0611294710352234,0.0344304551914723,0.0220784151355842,0.0147645521864642,0.0099499825307733,0.00668911932877799,0.00446770886642404,0.00295313322052033,0.00192403251471781,0.00123119997855652,0.000771692696996905,0.00047286819297798,0.000282944728895831,0.000165210956940647,9.41048750308773e-05,5.2284805630201e-05,2.83359269985894e-05,1.49808092101221e-05,7.72716197223681e-06,3.88909232181803e-06,1.91020246416334e-06,9.15751436950653e-07,4.28556679792954e-07,1.95807075374714e-07,8.73324373956284e-08,3.79577544567237e-08,1.60136733561082e-08,6.54780263889897e-09,2.6317012944724e-09
"9",0.66379232959896,0.152744933852687,0.0631788178579283,0.0374685625605708,0.0253134754966064,0.0178016430052631,0.0125911970579576,0.00885911071895303,0.00616930641833934,0.00423464925442167,0.00285479161072585,0.00188490401341156,0.0012164865033611,0.000766450070751692,0.000471092244277693,0.000282370277591599,0.000165032496858661,9.40512452586119e-05,5.22691303461065e-05,2.83315293319315e-05,1.49797611725628e-05,7.72714927540469e-06,3.88942328782471e-06,1.91064495607067e-06,9.16179763930967e-07,4.28892572600995e-07,1.95972233022107e-07,8.72266953909812e-08,3.76519569074635e-08,1.57247141420984e-08,6.42976809653924e-09
"10",0.638715482099593,0.15050160662491,0.0653945638051495,0.040953013433943,0.0291325604538308,0.0214808618406119,0.0158755489250022,0.0116313879370082,0.00840465655196276,0.0059668948588536,0.0041498625780555,0.00282133876423265,0.00187244977835883,0.00121210297279465,0.000764988056329063,0.000470628878478064,0.000282230277246708,0.000164992117527061,9.40402845111516e-05,5.22666352836487e-05,2.83315110542656e-05,1.49805533367446e-05,7.72824917268568e-06,3.89061900763893e-06,1.91173429587933e-06,9.17000009778208e-07,4.29259725776327e-07,1.95647708889521e-07,8.6393152467682e-08,3.68402027032739e-08,1.53186466500907e-08
"11",0.608820095312286,0.147472700487283,0.067626736552993,0.0447545840179602,0.0334452971091965,0.0257590775374405,0.0198060121728101,0.0150470957291376,0.0112415668447081,0.00823211954151633,0.00589510858916059,0.00412175143041641,0.00281096330760659,0.00186883514862357,0.00121091248178474,0.000764616842728179,0.000470519325207962,0.000282200031642921,0.000164984922578842,9.40397334333059e-05,5.2268184377231e-05,2.83339275241787e-05,1.49833914263604e-05,7.73120105966059e-06,3.8932452280099e-06,1.91364805160091e-06,9.17759489776318e-07,4.28305881089519e-07,1.93437639038971e-07,8.41945844957922e-08,3.55862214268369e-08
"12",0.574285208430376,0.143530692432454,0.0696858356063164,0.0486862168684778,0.0380970576230279,0.0305307649472449,0.0243312186437396,0.0191050930489196,0.0147193069953715,0.0110973619348878,0.00817250357356727,0.00587192568351109,0.00411326173959023,0.00280803237212948,0.00186788042682906,0.00121061921590345,0.000764532589916998,0.000470497839796127,0.000282196879806836,0.000164987433278922,9.4044500907208e-05,5.22742627417856e-05,2.83407631871006e-05,1.49903654070076e-05,7.73728741465692e-06,3.89752006009817e-06,1.91507310656078e-06,9.15061321829338e-07,4.22600633788071e-07,1.87681200032478e-07,8.05988712614767e-08
"13",0.535571097299298,0.13857866831356,0.0713589123210948,0.0525149157406324,0.0428744609006891,0.0356265151808128,0.0293378878905444,0.0237502201502051,0.0188350302794304,0.0146011938631811,0.011048831612881,0.00815375667720927,0.00586511131657488,0.00411092954808207,0.00280728122427679,0.00186765407173635,0.00121055749684268,0.000764520428086514,0.000470500861915481,0.000282205577474799,0.000164999346390805,9.40588313492509e-05,5.2290049533852e-05,2.83566174904049e-05,1.50039081226711e-05,7.74636925446951e-06,3.89977634690721e-06,1.90769369040313e-06,9.00707705304253e-07,4.08000349725842e-07,1.77945234326238e-07
"14",0.493401218450549,0.132566020048902,0.0724314058026255,0.0559818531063889,0.0475199243308034,0.0408200801986466,0.0346501713717682,0.0288661557583935,0.0235322498711207,0.0187402411238038,0.0145624775974043,0.0110339725071328,0.00814839567677749,0.00586329402769708,0.00411035338812292,0.00280711435032436,0.00186761548622281,0.00121055860487627,0.000764535426192137,0.000470523019830309,0.000282233262820468,0.000165031703423137,9.40938741544598e-05,5.23246385132727e-05,2.83853865756055e-05,1.50220274263072e-05,7.74863811248087e-06,3.88020094371441e-06,1.87247153173105e-06,8.64779689549219e-07,3.82869222971984e-07
"15",0.448715242523306,0.125500643887165,0.0727114873092074,0.0588280823399968,0.051753893315245,0.0458440079335896,0.0400372250821618,0.0342750102248619,0.0286938101597724,0.0234577119753773,0.0187099727376123,0.01455093756679,0.0110298446155627,0.00814701618155105,0.00586287146018618,0.00411024551676909,0.00280710643044936,0.00186764104680738,0.00121059918644712,0.000764586873817704,0.00047058444917362,0.00028230337040614,0.000165106209930126,9.41658725627077e-05,5.23824403699111e-05,2.84185495616972e-05,1.50195402419683e-05,7.69817607662683e-06,3.79585235910389e-06,1.78659836709779e-06,8.02574271442555e-07
"16",0.402599545388653,0.117455394819545,0.0720530318518557,0.0608220754632508,0.0553018887879261,0.0504123927984691,0.0452290310438145,0.0397449594839675,0.0341414986461195,0.0286363754761659,0.0234345282047365,0.0187012035391209,0.0145478432936039,0.0110288441095378,0.0081467424341197,0.00586283804369991,0.0041102916244893,0.00280718366884511,0.00186773727602492,0.00121071276258976,0.00076471754326159,0.000470729688086259,0.000282454124846071,0.000165247887507777,9.42739934349329e-05,5.24353694558357e-05,2.83939259934357e-05,1.48930152602245e-05,7.50099897225973e-06,3.59634368564611e-06,1.63839295734586e-06
"17",0.356204547666207,0.108567420966317,0.0703735265491496,0.061784900942126,0.0579225442133981,0.0542479153999766,0.0499390384577501,0.0450059763621121,0.0396436272294594,0.0340981502646715,0.0286190086501361,0.0234280480891882,0.0186989930988321,0.0145472048173749,0.0110287530738112,0.00814683620616161,0.00586299778054389,0.00411048279666268,0.00280739923222234,0.00186797792489875,0.00121097853280811,0.00076500325557713,0.00047101700604988,0.000282713691049036,0.000165430630444637,9.43371770910913e-05,5.2335662968125e-05,2.80853256543449e-05,1.44431093665085e-05,7.05025608964618e-06,3.25563189752265e-06
"18",0.310659518341438,0.099030168269424,0.0676641634234596,0.0616092778721185,0.0594325577806091,0.0571094684377811,0.0538908923741724,0.0497722903463327,0.0449306759704282,0.0396116550916901,0.0340855213982638,0.0286144648329072,0.0234266746070677,0.0186987927223798,0.0145474194397209,0.0110291125312672,0.00814725015963272,0.00586343940886024,0.00411094736809253,0.00280788868417309,0.00186849162643364,0.00121150633025547,0.00076551016156436,0.000471447299238871,0.000282973781594808,0.000165440627450462,9.40175461227932e-05,5.1603832811196e-05,2.70837206684308e-05,1.34527253188742e-05,6.29328871891288e-06
"19",0.266994893600796,0.0890790517933147,0.063990799616089,0.060269864373752,0.0597250026536994,0.0588164604946077,0.0568456562274326,0.0537689102650422,0.0497176714038516,0.0449078419135247,0.0396029944420338,0.0340827999995536,0.0286140950956758,0.0234271942243646,0.0186996366348437,0.0145483743199518,0.0110300962295212,0.00814823063782835,0.00586440625827358,0.00411189964295921,0.00280882285657831,0.00186938976963972,0.0012123066915918,0.000766114346639541,0.000471686953370373,0.000282709189158035,0.000164535099080756,9.2331722368714e-05,4.94298142571906e-05,2.49677917234211e-05,1.18259384731221e-05
"20",0.226080134765637,0.0789727801547714,0.0594860607175861,0.0578236876855644,0.0587785926703871,0.0592664073540772,0.058625723913876,0.0567586809480096,0.0537306784168742,0.0497024197462215,0.0449028977743972,0.0396024426522827,0.0340840500436389,0.0286160641200002,0.0234294284645944,0.0187019268342604,0.0145506064269889,0.0110322018655376,0.00815017197946244,0.00586616762122345,0.004113470371472,0.0028101766583855,0.0018704290715381,0.00121287391172312,0.000765927865517032,0.000470522796515662,0.000280351813590457,0.000160767139897897,8.77355336545279e-05,4.50361421462405e-05,2.15845401646671e-05
"21",0.188582200403527,0.0689729078482527,0.0543342767564738,0.0544012639119893,0.0566570393775741,0.0584435554167778,0.0591321246588409,0.0585661360778187,0.0567339331026406,0.0537225032500683,0.049701873313864,0.0449057824428945,0.0396068656532438,0.0340891413383452,0.0286213651436568,0.0234346356706303,0.0187068062511685,0.0145549794115541,0.0110359497074564,0.00815323557056385,0.00586852342019095,0.00411509457129604,0.00281094201360616,0.00187011958914772,0.00121106303501775,0.000762300163534419,0.000464779203186298,0.000272189412939164,0.000151312883779982,7.88738691635713e-05,3.82265307933796e-05
"22",0.154946466810045,0.0593243018515271,0.0487519246637052,0.0501903715765657,0.0534992492460086,0.0564178050767134,0.0583530638108474,0.0590949394839954,0.058553970094678,0.0567341113350775,0.0537288115790267,0.0497113075129095,0.044916841881195,0.039618668471146,0.0341010190526701,0.0286327173032719,0.0234449154745378,0.0187155594394611,0.0145618872217634,0.0110408495413845,0.00815609029519816,0.00586936031055238,0.00411381749327051,0.00280734283463754,0.00186364844547883,0.00120137355827044,0.000749067034345475,0.000447655372503218,0.000253287646990773,0.000133964233023173,6.56113491963386e-05
"23",0.125398988264976,0.050238888378931,0.0429666896400884,0.0454154146894606,0.0495025117783,0.0533348281312695,0.0563631059837417,0.0583369071349217,0.0590977012284691,0.0585670476079685,0.0567531865425902,0.053751565896186,0.0497362420857345,0.0449426844892031,0.0396441374024582,0.0341247959604938,0.0286535372361894,0.0234617038554341,0.0187275563188208,0.0145687191279738,0.0110424974632499,0.00815278637815554,0.00586125074124801,0.00410094725329521,0.00278922603976136,0.00184014823246129,0.00117235274993753,0.000714295355524645,0.00041096015338507,0.000220345115062731,0.00010897876470489
"24",0.0999667586077868,0.0418844106663832,0.0371981530588815,0.040315722000329,0.0449017876298486,0.0493996915209402,0.0533140717588236,0.0563722175272834,0.0583626608130351,0.0591343564211252,0.0586114198516404,0.056803029624576,0.053804753132157,0.0497903939085815,0.0449951002303682,0.0396919348322384,0.0341651873481022,0.0286841600303143,0.023480914311093,0.0187346139393049,0.0145637671864613,0.0110263854736187,0.00812647036388612,0.00582568825292367,0.00405630148797814,0.00273620780498045,0.00177935595080058,0.00110407482782359,0.000645209085354123,0.000350353476225776,0.000174848877131367
"25",0.078511022109533,0.0343789695887584,0.0316423897747914,0.0351257616138164,0.0399483215976665,0.0448569291881335,0.0494197639158487,0.0533616604790625,0.0564387802519995,0.058444304446152,0.0592281893188943,0.0587143508259129,0.0569111836090668,0.0539132903065729,0.0498936623384462,0.0450870610726769,0.0397667899133315,0.0342180866315965,0.02871182946487,0.0234820657355427,0.0187099642883717,0.0145157255117208,0.0109579961482479,0.00804107569106804,0.00572547687685676,0.00394422383734732,0.00261475698782264,0.00165016430192282,0.000978327676896968,0.000537443392356347,0.000270433104712793
"26",0.060767715155604,0.0277909980506758,0.0264615760517393,0.0300591979251823,0.0348900519119714,0.0399696682450518,0.044936740439482,0.0495322115377053,0.0535016181232977,0.0566032530294355,0.0586295956489542,0.0594288979557543,0.0589229293220921,0.057117970997628,0.0541070172240374,0.0500623880901349,0.0452194470895015,0.0398535014964249,0.0342530377212621,0.0286930096637247,0.0234116438734765,0.0185937336344488,0.0143612770394547,0.0107738734345838,0.00783419455807896,0.00550365114548216,0.00371398306092653,0.00238056386098016,0.00142997770931013,0.000793852908869083,0.000402423094726641
"27",0.0463907476115052,0.0221442796113421,0.0217794245262809,0.0252985541660085,0.0299564635850651,0.0350011080773389,0.0401446585423045,0.0451591213468787,0.0497993093445319,0.0538102690571644,0.0569473543693636,0.0589991019471394,0.0598094640583754,0.0592962493819221,0.0574628788881208,0.0544013144301084,0.0502852389619427,0.0453539791462195,0.0398891112068235,0.0341869312536545,0.0285304588830122,0.0231650143858681,0.0182794122895328,0.0139978426073899,0.0103776628613881,0.00742231196172603,0.00509020917601711,0.00330866816836407,0.00201095480666954,0.0011268888372973,0.000575016510641367
"28",0.0350027834976318,0.0174313387457604,0.0176867355289562,0.0209963757405623,0.02535567914042,0.0302080198496179,0.0353374040015011,0.0405566592748441,0.0456454340685505,0.0503547383406199,0.0544233554264383,0.0575992189827655,0.0596632147835965,0.0604525404756075,0.0598804095430014,0.0579490109960739,0.0547533479731824,0.0504747017641508,0.0453639913435585,0.0397170101025198,0.033844689188494,0.0280429279360158,0.0225648356296747,0.0176033729889809,0.0132795051594899,0.0096504273182893,0.00671323057782252,0.00441754510419431,0.00271256849118958,0.00153248150878016,0.000786446517706487
"29",0.0262727447677066,0.0136450910991785,0.0142676012260686,0.0173009835309672,0.0213001135696997,0.0258659724924836,0.0308478035952595,0.0361026575884041,0.0414440959405831,0.0466428154315027,0.0514381252614665,0.0555558737013224,0.0587313612935735,0.0607350354169404,0.0613979082108116,0.0606331323715542,0.0584502475158522,0.0549592161751043,0.0503626867717653,0.0449368482319528,0.0390029162815297,0.0328936999838512,0.0269183769321827,0.0213363128916446,0.0163347692174603,0.0120311957999716,0.00846966267113156,0.00563044742311043,0.00348674134063672,0.0019830978420159,0.00102246542426553
"30",0.0200159940133328,0.0108253760388876,0.0116423136861284,0.014402156749374,0.0180553028144309,0.0223201745443422,0.0270990508524544,0.0322891145955171,0.0377384213870404,0.0432426849146356,0.0485518090339845,0.0533836990622231,0.0574449124146497,0.0604567385866528,0.0621840853814088,0.0624635082384741,0.0612261879257369,0.0585116826105157,0.0544692376302205,0.0493453695218139,0.0434584173015718,0.0371640212750337,0.0308145125677595,0.0247254615993445,0.0191438076142385,0.0142442027496042,0.0101177127497762,0.00677743764761656,0.00422352611046001,0.00241409373743814,0.00124898664533041
"31",0.016223405345753,0.00907048749828469,0.0099750251125262,0.0125351206541615,0.0159384613315462,0.0199764789939011,0.0245862956771312,0.0296931872057746,0.0351708157170271,0.0408352536899973,0.0464478866495339,0.0517259556006751,0.056361030369736,0.060044637471827,0.062498845841566,0.0635082231731021,0.0629486068819873,0.0608076973983441,0.0571931112705701,0.0523253846103776,0.0465155298193172,0.040130584946341,0.0335498495664108,0.02712667337488,0.0211498213488802,0.015835403792321,0.0113096057544477,0.00761096635267151,0.00476105695449566,0.00272949418938629,0.00141510340702423
