"","X0","X1","X2","X3","X4","X5","X6","X7","X8","X9","X10","X11","X12","X13","X14","X15","X16","X17","X18","X19","X20","X21","X22","X23","X24","X25","X26","X27","X28","X29","X30"
"1",0.670662996151178,0.168014113220367,0.0789586836260095,0.0386902585018622,0.0208925192645104,0.011286574065729,0.0058870772297246,0.00294452622092645,0.00142174648159362,0.000668843327662832,0.00030956754300719,0.000142235614301965,6.53072207953368e-05,3.00570090774984e-05,1.38568053204863e-05,6.37664481481823e-06,2.91500973545269e-06,1.31739181083419e-06,5.86219813488529e-07,2.56070316305537e-07,1.09571460111192e-07,4.58642335989258e-08,1.87631641338092e-08,7.49812385259977e-09,2.92590884450556e-09,1.11469937004294e-09,4.14540308321711e-10,1.50402028993443e-10,5.35158375504384e-11,1.81527890364209e-11,7.24014575635134e-12
"2",0.669647516326593,0.167921710359317,0.079066856047406,0.0388723634737882,0.0210866473760885,0.0114610191581031,0.00602852130196695,0.0030506907133368,0.00149655321665694,0.000718798414636924,0.000341399938527546,0.000161690422400378,7.67552297214858e-05,3.65620914535374e-05,1.74341682980248e-05,8.2838310993508e-06,3.90196276203003e-06,1.8136308350959e-06,8.28820654494173e-07,3.71452854795601e-07,1.62980669582859e-07,6.9933275588211e-08,2.93258249628675e-08,1.2012977239134e-08,4.80582391920838e-09,1.87739788976101e-09,7.16062991255821e-10,2.66501226156069e-10,9.73168073420994e-11,3.38156937548833e-11,1.383278841799e-11
"3",0.667105704992032,0.167684571160029,0.0793304550064357,0.0393222019533421,0.021569140190286,0.0118971106036784,0.00638435710928436,0.00331967201231789,0.00168759587627177,0.000847502649891386,0.000424207825851961,0.000212830534324937,0.000107185828857384,5.40589633887006e-05,2.71761540896742e-05,1.35449248940084e-05,6.6611159299384e-06,3.22015122368949e-06,1.52623181393798e-06,7.07991035971217e-07,3.21090259947437e-07,1.42276109556376e-07,6.1569937290753e-08,2.60155578830291e-08,1.07315280868493e-08,4.3216714635061e-09,1.69887355979275e-09,6.51504784030486e-10,2.45166223550986e-10,8.7561294382299e-11,3.6847704113046e-11
"4",0.662636819839532,0.16725067537337,0.079773035835801,0.0400955398592642,0.0224072178589525,0.012661897220584,0.00701491070901842,0.00380185180091754,0.00203448217682401,0.00108451656493563,0.000579053533980616,0.00031003965873156,0.000166041053992829,8.85188186991868e-05,4.6727216715362e-05,2.43098149788621e-05,1.24197522587597e-05,6.21564163265041e-06,3.04235087854129e-06,1.45500641340735e-06,6.79534740349908e-07,3.09824079075825e-07,1.37880155094068e-07,5.98873603704783e-08,2.53863528457281e-08,1.05035904082063e-08,4.24157711139504e-09,1.67062163991789e-09,6.45754051623598e-10,2.3631693483353e-10,1.0196878592944e-10
"5",0.655698903999237,0.166541581369548,0.080416262340992,0.0412588599102903,0.0236860492164526,0.0138441781657431,0.00800332306375831,0.00456932687038538,0.00259596654202354,0.00147522760476898,0.000839361319336189,0.000476876859785402,0.000269262448638728,0.000150321877058986,8.26040051342037e-05,4.45292844077514e-05,2.34940714574127e-05,1.21147503153649e-05,6.10031149858519e-06,2.99831116345531e-06,1.43811666917474e-06,6.73077508689551e-07,3.07382347056485e-07,1.36975901340193e-07,5.95634444732137e-08,2.52790006339018e-08,1.04707492077736e-08,4.22972594594298e-09,1.67712362345175e-09,6.28055832025306e-10,2.77476595499817e-10
"6",0.645665798600102,0.165452849579581,0.0812675537892444,0.0428732213278674,0.0254934584480891,0.0155424568700063,0.00944753214422541,0.00571166290753249,0.00344865427710825,0.002081507853493,0.00125262062112066,0.000748137942710411,0.000441271630557662,0.000255931681776246,0.000145490734838999,8.08904947945991e-05,4.39270892708106e-05,2.32818546903906e-05,1.20390960437756e-05,6.07293839052773e-06,2.98828839211642e-06,1.43443384598894e-06,6.7173802371049e-07,3.06915195605616e-07,1.36829261778404e-07,5.9536448534726e-08,2.52830483814389e-08,1.04702207265887e-08,4.25676607568174e-09,1.6303489237817e-09,7.37001656900633e-10
"7",0.63190937243955,0.163857799489763,0.0823060558295039,0.0449740288060507,0.0278994129555935,0.0178474793330748,0.0114473369231069,0.00732767719531492,0.0046828686769852,0.00298062831801848,0.00188124776631178,0.00117171982033694,0.000717145589842609,0.000429950542825335,0.000251960105666633,0.000144140135096303,8.04400515897165e-05,4.37777832044657e-05,2.32320333672304e-05,1.20222101021787e-05,6.06711951161474e-06,2.98627585146497e-06,1.43376322036727e-06,6.71558701608669e-07,3.06910634119701e-07,1.36894819125011e-07,5.9594865767549e-08,2.5296634122606e-08,1.05432789633288e-08,4.12852017155173e-09,1.90865586305677e-09
"8",0.613876626235159,0.161613356733426,0.0834720540771191,0.0475537503946262,0.0309370088221017,0.0208246723879658,0.0140901656931373,0.00951535655278623,0.00639667147471524,0.00426273897337044,0.00280258970544871,0.00181018017831049,0.0011449086091862,0.000707546653632253,0.000426671888579282,0.000250884075010332,0.000143797563825206,8.03329528227794e-05,4.37444398560667e-05,2.32215707717337e-05,1.20189029936841e-05,6.06611815228133e-06,2.98605559537779e-06,1.43384615373296e-06,6.71745235259487e-07,3.07152061648323e-07,1.37070579902553e-07,5.96347855040861e-08,2.54770889679406e-08,1.01966701961426e-08,4.81883080019179e-09
"9",0.591167588844824,0.158569856953194,0.0846609659018931,0.0505481861642131,0.0345850181279024,0.024495972653775,0.0174345116405294,0.0123584877111015,0.0086864334491772,0.00602534483974399,0.00410670482253609,0.00274093161914485,0.0017872084332331,0.0011368151594183,0.000704839901787724,0.00042580826584988,0.000250619370752888,0.000143718893705341,8.03100313047521e-05,4.37378595363085e-05,2.32197848627566e-05,1.20186022709229e-05,6.0663396467165e-06,2.98654757949239e-06,1.43442673822402e-06,6.72398036640206e-07,3.07608947299183e-07,1.37165279149839e-07,6.00604584461311e-08,2.45619861798748e-08,1.1860568300176e-08
"10",0.563608902577505,0.154585171978955,0.0857237273645231,0.0538286404650736,0.0387543308028766,0.0288229111211357,0.0214921581168763,0.0159103050970507,0.0116335530228529,0.00836390119150047,0.00589083896597789,0.00405401687022155,0.00272150604983641,0.00178045230062751,0.0011345926618832,0.000704146032565023,0.000425601753988303,0.000250560463486707,0.000143702759710295,8.03059301628405e-05,4.3737179041291e-05,2.32202397137446e-05,1.20195675967764e-05,6.06772332115466e-06,2.98806204252784e-06,1.43607230028538e-06,6.73526622561806e-07,3.07812048498547e-07,1.38128780540466e-07,5.77033645477938e-08,2.8458355396964e-08
"11",0.531309713963781,0.149541876563555,0.0864752578180987,0.0572031263916415,0.0432820454469517,0.0336946329366678,0.0262122445174068,0.0201762367670993,0.015288345302228,0.0113586283460197,0.00825005196267041,0.00584659171777346,0.00403785072538396,0.00271594399798935,0.00177864679183286,0.00113403848546731,0.000703984848197954,0.00042555736170104,0.000250549160654722,0.000143700619205457,8.03065244034793e-05,4.37389869583364e-05,2.32228523449784e-05,1.20230558711092e-05,6.07146690642416e-06,2.99205568961766e-06,1.43875626358456e-06,6.73913608300604e-07,3.098962521633e-07,1.32205072392223e-07,6.65623001662919e-08
"12",0.494687741302719,0.143365136230154,0.0867111321440564,0.0604283412873222,0.0479361421075552,0.0389244290357798,0.0314707588973191,0.0250987714832792,0.0196531893838641,0.0150585882880187,0.0112641154734028,0.00821358716389507,0.00583337823766073,0.0040333477067512,0.0027144988550205,0.00177820959591194,0.00113391396959096,0.000703951989671887,0.000425550231020751,0.000250549385989073,0.000143703542263411,8.03113383365399e-05,4.37454393751844e-05,2.3231261286943e-05,1.20319781884488e-05,6.08083194822243e-06,2.99819531336425e-06,1.43934848846163e-06,6.78184417803918e-07,2.95366809188225e-07,1.51744587026413e-07
"13",0.454458806268194,0.13603843938397,0.0862306066065729,0.0632318564138786,0.0524317114347628,0.0442571145840993,0.0370686339735666,0.0305477874554432,0.0246678144724998,0.0194650317607506,0.0149816818103087,0.0112346492990873,0.00820299235002611,0.00582979977481133,0.00403221169840813,0.00271416035845757,0.0017781159929125,0.00113389159562971,0.000703949894189944,0.000425554733933094,0.000250557448682268,0.000143715257239064,8.0326588424353e-05,4.37649963294313e-05,2.3251780658322e-05,1.20531574901557e-05,6.09427712142258e-06,2.99860715266666e-06,1.44750757025609e-06,6.43392544253593e-07,3.37125281072781e-07
"14",0.411589890608433,0.12761429752337,0.084862448339471,0.0653416216007498,0.0564573424825791,0.049387661943789,0.0427404346383576,0.0363193204915318,0.0301999564250709,0.0245168387651285,0.0194037027054825,0.0149583416527106,0.0112263208116184,0.00820020502968448,0.00582892615973188,0.00403195768505478,0.0027140952019856,0.00177810593520606,0.00113389825838182,0.000703963755518816,0.000425574517232904,0.000250584691685936,0.000143749977243834,8.03704336699737e-05,4.38104030945203e-05,2.32977979428496e-05,1.20811247577125e-05,6.09247810550605e-06,3.01268510643576e-06,1.36615027080618e-06,7.29727029191423e-07
"15",0.36722233249244,0.118217666272158,0.0824890942223014,0.0665181115172692,0.0597080560690947,0.0539892814057224,0.048173820715043,0.042144642175924,0.0360443026797173,0.0300812542425301,0.0244689063387974,0.0193855820794743,0.0149519276399881,0.011224198878021,0.00819955487376957,0.00582874938307398,0.00403192496036104,0.00271410562103253,0.00177813160724216,0.0011339336312884,0.00070400985956027,0.000425635509404435,0.00025066072512173,0.000143844406653717,8.04666732989353e-05,4.39059231583772e-05,2.33523530196389e-05,1.20696628593417e-05,6.11275688533892e-06,2.82686828416399e-06,1.53845650198712e-06
"16",0.322576572955048,0.108040984896029,0.0790647885039405,0.0665837172689799,0.0619196835582486,0.0577471695278294,0.0530379192425655,0.0477098158554572,0.0419315949311383,0.0359528392537419,0.0300445369875171,0.0244551247415472,0.0193807558063333,0.0149503657180714,0.0112237505474452,0.00819946404874586,0.00582876857789,0.00403197935700596,0.00271417587296065,0.00177821625420607,0.00113403710704726,0.000704141213079882,0.000425795013174711,0.000250855078742967,0.000144038472409849,8.06545067519509e-05,4.40034454363566e-05,2.33078689597662e-05,1.20873134919527e-05,5.69821424910021e-06,3.15786195081199e-06
"17",0.278852134100629,0.0973311514511723,0.074624466830813,0.0654444615009109,0.0628991738280665,0.0603928692947937,0.0570168942085269,0.0526839190718323,0.0475480930702398,0.0418625284322863,0.0359252902621449,0.0300342996345954,0.024451616923216,0.0193796930520168,0.0149501375051046,0.0112237930669064,0.00819959271574167,0.00582892740920092,0.00403215499055067,0.00271437096794337,0.00177844033099671,0.00113430822829957,0.000704459759136745,0.000426174372593169,0.000251223573038422,0.000144383655610545,8.08065391894234e-05,4.38596562389951e-05,2.32838128615889e-05,1.11840695098871e-05,6.30768582904538e-06
"18",0.237136104578307,0.0863701249433286,0.0692819537926924,0.0631006250809816,0.0625460413084804,0.0617339143973029,0.0598438011506344,0.0567523111129551,0.0525636421399539,0.0474970276762636,0.0418423532222991,0.0359179556752588,0.0300319513684924,0.0244510883205854,0.0193797961857001,0.014950453537644,0.0112241798115423,0.00820000263597768,0.00582934757582781,0.00403259055629495,0.002714838311012,0.00177897360822726,0.00113490818462465,0.000705153623414514,0.000426821916628725,0.000251801952859601,0.00014456189131583,8.03890522326851e-05,4.36707981360438e-05,2.13622124445508e-05,1.22533785774388e-05
"19",0.198330765581911,0.0754518727234254,0.0632180538314059,0.0596450085570047,0.0608618401632197,0.0616742249491929,0.0613295645197342,0.0596501301536273,0.0566647763624718,0.0525268272021434,0.0474828067164742,0.0418375364872835,0.0359168241603621,0.0300322016374359,0.0244518476634817,0.0193807413702827,0.0149514562513161,0.0112251805063654,0.00820097399670049,0.00583028949659015,0.00403352613167343,0.0027158293805002,0.00178002293686237,0.00113607277693591,0.000706171773248675,0.000427659046862078,0.00025183752633094,0.000143440248246061,7.97031246191977e-05,3.96813052718848e-05,2.31334190161971e-05
"20",0.163106932314461,0.0648588571215958,0.0566608663826589,0.0552497895773383,0.0579467501605757,0.0602223931555601,0.0613826967352843,0.0611909444618178,0.0595880969166562,0.0566393010414512,0.0525176973871861,0.0474805788121404,0.0418381203367795,0.0359185562989973,0.0300344186341909,0.0244542575887539,0.0193831777591698,0.0149538007294179,0.011227352440704,0.00820294317250934,0.0058320782340624,0.00403524222011197,0.00271748437233301,0.00178173992659979,0.00113738936865706,0.000707054383770873,0.000426992397502623,0.000249008299087912,0.00014144507873144,7.1626069250824e-05,4.24086226393719e-05
"21",0.13188507295346,0.0548411219840366,0.0498617901404748,0.0501447900796889,0.0539845866556521,0.0574871575717733,0.0600170201599413,0.0612862513858363,0.0611489026052351,0.059572179561236,0.0566353029080844,0.0525189987061842,0.0474842926190278,0.0418430169277776,0.0359240549237764,0.0300401504346231,0.0244599085036534,0.0193884620521068,0.0149584892147067,0.0112313188646731,0.0082061821943865,0.00583477223015841,0.00403743410815036,0.00271944632198193,0.00178270793588555,0.00113738851986289,0.000704172476293444,0.000420236736078772,0.000243862845114818,0.000125512509805852,7.54158703302675e-05
"22",0.104842181722219,0.0456003871081982,0.043071039091778,0.0445910999407821,0.049219346472446,0.0536615436071257,0.0573467939620078,0.0599531660813326,0.0612608461987104,0.0611424613622514,0.0595749756464967,0.0566427984454148,0.0525291433317051,0.0474960669708791,0.0418557275041836,0.0359370425946987,0.0300527165375906,0.0244713577428256,0.0193982007129488,0.0149661409589795,0.011236782326401,0.00820976266614633,0.00583661119372196,0.00403814063054573,0.00271786671852002,0.00177910120457194,0.00112864919189783,0.000688818516822754,0.000408021147215683,0.000213271207823145,0.00012993920375577
"23",0.0819393629030317,0.0372805850799279,0.0365161226656858,0.0388542989103089,0.0439274763824464,0.0489989217301446,0.0535708396466943,0.0573098251852256,0.0599441011303374,0.0612667029328684,0.0611568175650666,0.0595947807992075,0.056666480917519,0.0525555791175893,0.0475240847525973,0.0418839354134257,0.0359638548135731,0.0300765149948268,0.0244907286932705,0.0194121936270802,0.0149744172672188,0.0112398671334912,0.00820808108846499,0.00583152686206197,0.00402814106513963,0.00270389266752577,0.00175642886988833,0.00109530595500074,0.00066163743260347,0.000350903636277839,0.000216590761496134
"24",0.0629634300923356,0.0299652139927565,0.0303858387715245,0.0331810507616244,0.0383902893206273,0.0437852960651463,0.048949053927704,0.0535602667570621,0.0573217651145619,0.0599704028273287,0.0613033799727594,0.0612017903640822,0.0596465011840207,0.0567231611673549,0.0526148360630491,0.0475828858348369,0.0419387860267027,0.0360111873047295,0.0301132013405511,0.0245146252542144,0.0194224827026157,0.0149720698207235,0.0112260629185605,0.00818583761985713,0.00579937141718338,0.00398871586845505,0.00265059425401624,0.00168710370325216,0.00103809634841305,0.000558071479174133,0.000348631724773074
"25",0.0475753830671616,0.02368084925749,0.0248210468049987,0.0277816865058898,0.0328702402620356,0.0383121148583818,0.0437754606008764,0.0489719899035042,0.053606048532544,0.0573859629545057,0.0600508319225921,0.0613983796322008,0.0613091046266534,0.0597626213396379,0.0568430630509116,0.0527320938496497,0.0476901571114763,0.0420286410095461,0.0360771550843392,0.0301508590606229,0.0245223169077893,0.0194021325644425,0.0149266665200816,0.0111620774257369,0.00810305237342399,0.00570420985181573,0.00387297904250551,0.00251291312959069,0.00157295512315868,0.000856208411949401,0.000540799214484187
"26",0.035359160389008,0.0184053127691449,0.0199121033654565,0.0228198380801528,0.0275933248400592,0.0328528463542117,0.0383515232114236,0.0438496610043023,0.0490766404133565,0.0537398393943905,0.0575480355923941,0.0602392231936558,0.0616089003172678,0.0615346543376072,0.0599930033539645,0.0570653854767111,0.0529318083418321,0.0478527022568662,0.0421414627000806,0.0361317737350938,0.0301442760856498,0.0244583835101411,0.0192876667494761,0.0147748293442843,0.010976564955672,0.00789785415666198,0.00547094586880726,0.0036131731744731,0.00229745065494446,0.00126479782514508,0.000806858547761856
"27",0.0258662155229961,0.0140790457499982,0.0157023474808773,0.0184094769040368,0.0227392133495904,0.0276462708336106,0.0329637966595354,0.0385096494645622,0.0440557710114156,0.0493323693276943,0.0540452134398884,0.05789969490727,0.0606290198927599,0.0620230442193218,0.0619536335244734,0.0603924980278789,0.0574182886733711,0.0532112853185782,0.0480358795071004,0.0422131444007167,0.0360870151964454,0.0299905845099494,0.0242099195676286,0.0189696385545731,0.0143997786448171,0.0105723201613265,0.00745919067665486,0.00500612316652778,0.00322853881506732,0.00179545191336915,0.00115558057796114
"28",0.018657296277663,0.0106206864537929,0.0121993639196467,0.0146223135554392,0.0184440374461524,0.0228937839577657,0.0278757227589609,0.0332674601234532,0.0388936337009656,0.0445244925730452,0.0498857046252174,0.0546760778179998,0.0585920797866405,0.0613568891204861,0.0627505360490511,0.0626369537782208,0.0609836732288621,0.057870610460164,0.05348571964758,0.0481073849123358,0.0420750357633698,0.0357542369013609,0.0294912271217341,0.0235903347614897,0.0182600895290968,0.0136519676797255,0.00979061949989454,0.00666479974945438,0.00435198094916959,0.00244164986978896,0.00158363798146911
"29",0.0133514699386846,0.00795219969749231,0.0094003312458303,0.0115136964346749,0.0148270497998278,0.0187857074578691,0.0233527501281929,0.0284614010411371,0.0339910675863724,0.0397606028120696,0.045530563125805,0.0510134431231759,0.0558922397519995,0.0598465361810165,0.0625838392515704,0.0638725519218242,0.0635719869163986,0.061654567972355,0.0582158107050349,0.0534693608229849,0.0477259242290109,0.0413612934849456,0.0347647571272715,0.0283107399187037,0.022283530234727,0.0169187746505664,0.0123014484841508,0.00847392185710107,0.0055906715628974,0.00315950186623182,0.00206226067007394
"30",0.00968218910835078,0.00603175682566616,0.00732858036317665,0.00916333549939824,0.0120366904639194,0.0155514808840335,0.0197150899047399,0.0245062456247123,0.0298525774714586,0.0356196368883991,0.0416067384104342,0.0475501713763303,0.0531353314891523,0.058018325720161,0.0618560836227519,0.0643422682507535,0.0652445967251252,0.0644380128492809,0.061927645277805,0.0578565337746277,0.0524943004620403,0.046210563225568,0.039420233436184,0.0325520051532229,0.0259540504716946,0.0199386685865306,0.0146487340561221,0.0101810877209622,0.00676886571819198,0.00384603384594873,0.00252216679325458
"31",0.00751491334978504,0.00486500988819222,0.00604564227242218,0.00768695226065196,0.0102602245975785,0.0134646729687637,0.0173352072407556,0.0218804234289427,0.0270610540908103,0.0327763018103818,0.038855399859107,0.0450558497470135,0.0510706574565376,0.0565460816215595,0.0611099238550436,0.0644084584962921,0.0661479695649606,0.0661350587919395,0.0643086493446886,0.0607571022995436,0.055714661599213,0.0495398484869951,0.0426596609447216,0.0355368319979631,0.0285622968923779,0.0221024730022189,0.0163424237354126,0.0114200476222976,0.00762812242743714,0.00434840293969294,0.00285967740669734
