"","X0","X1","X2","X3","X4","X5","X6","X7","X8","X9","X10","X11","X12","X13","X14","X15","X16","X17","X18","X19","X20","X21","X22","X23","X24","X25","X26","X27","X28","X29","X30"
"1",0.747222041290323,0.16106634521398,0.0490955596032796,0.0209656104037907,0.0105717542198878,0.00552217884852551,0.00284171086385845,0.00141939860221692,0.000688196804473503,0.000325811256730921,0.000151763492752567,7.00622027985664e-05,3.2236332529912e-05,1.48260045561953e-05,6.81581144605996e-06,3.12455462908846e-06,1.42302756409384e-06,6.41267178178959e-07,2.84898350992717e-07,1.24425547235214e-07,5.33058182806241e-08,2.23689073695616e-08,9.18529122125628e-09,3.68842456042929e-09,1.44780194321611e-09,5.55363205756473e-10,2.08127861990484e-10,7.61656883082919e-11,2.7195896640937e-11,9.40389836021899e-12,3.07985415641431e-12
"2",0.746494354575511,0.161037853790441,0.0492173184154137,0.0211103219176178,0.0107043802726665,0.00563108963392711,0.00292466401957556,0.0014788742014873,0.000728687710090451,0.000352145673187456,0.000168201175050519,7.99449257332801e-05,3.79757571701599e-05,1.80529288911476e-05,8.57535211389556e-06,4.05628860839149e-06,1.90267732304478e-06,8.81508849461097e-07,4.02046268556133e-07,1.80065940191367e-07,7.90556319209896e-08,3.39836162763033e-08,1.42925450352291e-08,5.87813358479542e-09,2.36331757116406e-09,9.28669809995386e-10,3.5656966841019e-10,1.33695858809646e-10,4.88961190944509e-11,1.72915252818973e-11,5.76537597781824e-12
"3",0.744662745101639,0.160961956553507,0.0495191105383687,0.0214712858510602,0.0110368178430725,0.00590553968051628,0.00313496774206839,0.00163069038628465,0.000832836774983013,0.000420456683743831,0.000211235426035954,0.000106077008089348,5.3314204922983e-05,2.6774250607038e-05,1.33871952292908e-05,6.63579416299184e-06,3.24758950331039e-06,1.56403441545709e-06,7.39386879069046e-07,3.42523799241096e-07,1.55314021300669e-07,6.88837805249771e-08,2.9868441100927e-08,1.26582841560694e-08,5.24235729280672e-09,2.12132883462962e-09,8.38518057921119e-10,3.23544345826151e-10,1.21671210583381e-10,4.41451256322545e-11,1.50173242381071e-11
"4",0.741412779652473,0.160815070111094,0.0500408864010367,0.0221020713304907,0.0116224728388002,0.00639328414867318,0.00351241201595896,0.00190619333083504,0.00102417259065413,0.000547653857790048,0.000292542096566977,0.000156224044274842,8.32365017711619e-05,4.40831199107975e-05,2.31091111212405e-05,1.19442489451434e-05,6.06803201200375e-06,3.0232011568222e-06,1.47485842949864e-06,7.03835050257818e-07,3.28372506460207e-07,1.49720953244088e-07,6.67004272311857e-08,2.90305488364588e-08,1.23434123911556e-08,5.12672023952036e-09,2.07952537611085e-09,8.23088248099386e-10,3.17266950487537e-10,1.17742872496913e-10,4.07622684268746e-11
"5",0.736304340894627,0.160558417419814,0.0508319226704906,0.0230727035671452,0.0125336019205491,0.00716102907299267,0.00411434826814212,0.00235198566842936,0.00133875706948811,0.000760437808152075,0.000431100484566549,0.000243370362815596,0.000136309146100816,7.54388658096419e-05,4.11063895631495e-05,2.19905734119038e-05,1.15265280713045e-05,5.91172424231195e-06,2.96430884139649e-06,1.45250185490331e-06,6.95312085204402e-07,3.25129186887893e-07,1.48498435654003e-07,6.62481455673105e-08,2.8867967469763e-08,1.22867753055053e-08,5.10651259514985e-09,2.07033906773932e-09,8.16834527300374e-10,3.09643340043271e-10,1.08964333187922e-10
"6",0.728802876575466,0.160135013252464,0.0519405327954265,0.024459398357107,0.0138532237203317,0.00828908826524795,0.00501291084792654,0.0030291568448358,0.00182575523225221,0.00109659584148856,0.000654743493839713,0.000387215860556517,0.000225959930718302,0.000129671567867339,7.29896447547526e-05,4.0223950613651e-05,2.16769844762707e-05,1.1415477402483e-05,5.87219779250946e-06,2.95010239178161e-06,1.44735045632191e-06,6.9344147461669e-07,3.24459507849158e-07,1.48268784507852e-07,6.6176199362342e-08,2.88478098823975e-08,1.22785373081897e-08,5.09661462919401e-09,2.05707507968179e-09,7.96017394070767e-10,2.84560996875047e-10
"7",0.718329679237837,0.159467600109784,0.0534006052249863,0.0263301696684918,0.0156629274109061,0.0098624441525057,0.00628940328757466,0.00401051600868991,0.00254678555831508,0.00160571028873955,0.00100157195797878,0.000615814557238661,0.00037203516035543,0.000220300456368786,0.000127643116800098,7.22855770504894e-05,3.99851200583341e-05,2.15969617462411e-05,1.13887075512674e-05,5.86318736066114e-06,2.94705308906033e-06,1.44633280756863e-06,6.93127341902828e-07,3.24387817524804e-07,1.48272296758661e-07,6.61906112470269e-08,2.8847372000587e-08,1.2256497448536e-08,5.05914337258963e-09,1.99759755051093e-09,7.25083557674238e-10
"8",0.704312092798322,0.158457861408361,0.0552193504650924,0.0287308998400751,0.0180303188497212,0.0119608487901189,0.0080274733652569,0.00537668425784927,0.00357441519039125,0.00234938345670296,0.00152123725213755,0.000967349158049977,0.000602655311735989,0.000367217353249138,0.000218614074198264,0.000127075688083294,7.21007241780988e-05,3.99262922085478e-05,2.15785015994284e-05,1.13829737043688e-05,5.86146190317637e-06,2.94660835399845e-06,1.44630295212815e-06,6.93221810995228e-07,3.24494719574975e-07,1.48339985738873e-07,6.61936574061804e-08,2.87834299949853e-08,1.21475305404693e-08,4.89228949155766e-09,1.80232901589445e-09
"9",0.686240511737473,0.156988313375756,0.057366428282401,0.0316714993963646,0.0209953335801937,0.0146468962399071,0.0103038340187838,0.00720976766123617,0.0049886132765435,0.00339997807345987,0.00227532501066848,0.00149151261964003,0.000956049311794508,0.000598577326175533,0.000365816192883881,0.000218154009139647,0.000126930638211687,7.20565819558315e-05,3.99133124615022e-05,2.15749094043692e-05,1.1382193743641e-05,5.86154025772238e-06,2.94694594572457e-06,1.44668441013057e-06,6.93536527744069e-07,3.24670121983746e-07,1.48332184440654e-07,6.60051548678058e-08,2.84744630284132e-08,1.16925976362045e-08,4.37013605310542e-09
"10",0.663730649827533,0.154927827889477,0.0597659877805247,0.0351135688325274,0.0245564231447486,0.01795254881055,0.013176495482753,0.00958416264164462,0.00687045827246145,0.00483707998940366,0.00333609562700813,0.00224988995420422,0.00148193471598277,0.00095263244909653,0.00059742025538707,0.000365443407745063,0.000218039508454272,0.000126897175734022,7.20475171731172e-05,3.99114064546726e-05,2.15751223712492e-05,1.13830671638338e-05,5.86259971957399e-06,2.9479598754009e-06,1.44746946278389e-06,6.93940878584638e-07,3.24595949193424e-07,1.47793013760059e-07,6.51568109037377e-08,2.72699029280787e-08,1.03359859171032e-08
"11",0.636582380607671,0.152141023735332,0.0622939584389693,0.0389622755113568,0.0286590943392176,0.0218660421544536,0.0166717310158481,0.0125550183252076,0.00929304927458652,0.00674124799379508,0.00478296125247978,0.00331470229795593,0.00224189982376663,0.00147911169453138,0.000951687730872013,0.000597120582127318,0.000365353528024596,0.000218014536027709,0.000126891521731082,7.20475784709984e-05,3.99132828482791e-05,2.15776517531479e-05,1.13857583369314e-05,5.86506823155175e-06,2.94980672507555e-06,1.44833985664548e-06,6.93607782610408e-07,3.23105062349183e-07,1.45535748009046e-07,6.20576662350363e-08,2.38435614433576e-08
"12",0.604825456320817,0.14850098670339,0.0647823246890668,0.0430649183547565,0.0331894475089672,0.0263215897582512,0.0207716757467708,0.0161455772140536,0.0123101565510429,0.00918501410497027,0.00669627581319392,0.00476530163036597,0.00330815557947717,0.00223960663736939,0.00147835242773026,0.000951450592457327,0.000597051709018511,0.000365336405213739,0.000218013005664393,0.000126894972002447,7.20529632892143e-05,3.99195413483149e-05,2.15840564591008e-05,1.13914993218687e-05,5.86922075861336e-06,2.95154108123505e-06,1.44714003408277e-06,6.89613764596376e-07,3.17275852390249e-07,1.37782267323177e-07,5.36412403954358e-08
"13",0.568744256727027,0.143903992004617,0.0670308312299533,0.0472176018309275,0.0379747786390313,0.0311942247108249,0.0254047771184013,0.0203351710838486,0.0159437620352635,0.0122216304450009,0.00914838047183145,0.0066819817546894,0.00476004011880187,0.00330632811538508,0.00223900864535055,0.00147816990262012,0.000951401326746345,0.000597043794828786,0.000365341742844976,0.000218023473758646,0.000126908117397283,7.20675353468336e-05,3.99341406270756e-05,2.1596862085502e-05,1.14003865063111e-05,5.87230058479067e-06,2.94768288460154e-06,1.43674953636111e-06,6.74983606742123e-07,2.98401916130821e-07,1.1766775264954e-07
"14",0.528876956053346,0.138284268213423,0.0688250730589815,0.0511799959522563,0.0427922442226375,0.0363015603026592,0.0304412633176856,0.0250499928357226,0.0201722133674833,0.015872685384606,0.0121923863147955,0.00913704090129794,0.00667783825489684,0.00475861528323172,0.00330587047972554,0.00223887631336751,0.00147814235916972,0.000951407680731848,0.000597062810709029,0.000365367365685499,0.00021805351098664,0.00012694057847458,7.20994385253942e-05,3.99614139713304e-05,2.16147619916989e-05,1.14047603675437e-05,5.86077711553565e-06,2.92138576336305e-06,1.4010241436794e-06,6.30258078262114e-07,2.5161816686771e-07
"15",0.485988467177093,0.131626541198547,0.0699585750102126,0.0546966279584593,0.0473852249449954,0.0414132691688329,0.035695302215741,0.0301587534947629,0.0249210831498739,0.0201162982063106,0.0158498101630094,0.0121835747805582,0.00913385024585495,0.00667675929270918,0.00475828410952176,0.00330579101411745,0.00223887991406036,0.00147817580058893,0.000951455559631274,0.000597120728323314,0.000365432839103226,0.000218122711457347,0.000127007084774857,7.21544070549848e-05,3.99946306922935e-05,2.16174514543722e-05,1.13721984984077e-05,5.79594975036835e-06,2.83643927535038e-06,1.2978114694534e-06,5.24343263077849e-07
"16",0.441020372552158,0.123974232668104,0.0702555935966965,0.0575218873406601,0.0514856494769393,0.0462678417780884,0.0409346242462828,0.035474890143543,0.0300588426151022,0.0248779858038456,0.0200987748951609,0.0158431180648021,0.0121811906688348,0.00913307786216709,0.00667655710893081,0.00475827622784249,0.00330585128685284,0.00223896967051159,0.00147828452801271,0.000951579991324615,0.000597257064503687,0.000365573277424277,0.000218253790279841,0.000127110335790343,7.22087215609184e-05,3.99822679782207e-05,2.15295720015306e-05,1.12164310144059e-05,5.59917114853712e-06,2.60443992954554e-06,1.06440250568405e-06
"17",0.395024168566098,0.115431759527995,0.0695911608552297,0.0594451880808322,0.0548394259641147,0.0505949132412739,0.0458972054779943,0.0407661260962812,0.0353990343321617,0.0300263228462491,0.0248648760751398,0.0200938518680365,0.0158414405052948,0.0121807260841078,0.00913304508045204,0.00667667596537765,0.0047584539007435,0.00330606041484298,0.00223920344778499,0.00147853987624821,0.00095184987299991,0.000597525810877374,0.000365813870111356,0.00021842940305487,0.000127179321900395,7.21369930064007e-05,3.97545905238867e-05,2.11647099825348e-05,1.07722421408166e-05,5.09120348973394e-06,2.10377565045515e-06
"18",0.349086085219766,0.106160276758497,0.0679053612400254,0.0603126647933213,0.0572315076001714,0.0541404021606067,0.0503133718270195,0.0457710264885788,0.0407097746374074,0.0353750991186942,0.0300168500380411,0.0248614901665363,0.0200928798791643,0.0158413755664063,0.0121809889746207,0.0091334269120746,0.00667710671215055,0.00475891273597122,0.00330654180291897,0.00223970247012779,0.00147904289167854,0.000952326920876587,0.000597925583081129,0.000366066805074106,0.000218457626784116,0.000126921188585397,7.15692666210707e-05,3.89217316383007e-05,2.01877564574006e-05,9.68901387660963e-06,4.04611322346336e-06
"19",0.304252302136761,0.0963672404148998,0.0652098572275299,0.0600423770809968,0.0585071192654457,0.0566911143064416,0.0539306528519418,0.0502209637264004,0.0457302638538972,0.040692830052869,0.0353687681472699,0.0300149994865499,0.0248614325250835,0.0200935062652896,0.0158422502095626,0.0121819450520834,0.00913440069492004,0.00667807385091844,0.00475986274962813,0.00330746354750836,0.00224057053288185,0.00147980402193104,0.000952890233496187,0.000598168048800501,0.000365851951425811,0.000217682232395383,0.00012555707876849,6.97179360619601e-05,3.68289515352273e-05,1.79387454211169e-05,7.56682128220538e-06
"20",0.261462619196955,0.0862911253476634,0.0615860163783073,0.0586311150058739,0.0585862937481109,0.0580954667397176,0.0565381215960537,0.0538648769405176,0.0501927602847291,0.0457193342240024,0.0406896471658136,0.0353689099956486,0.0300165088631064,0.0248634724686991,0.0200957144046493,0.0158444557973504,0.0121840571519554,0.00913636734994916,0.00667986409189034,0.00476145040685771,0.00330880545497379,0.00224158156789266,0.00148033760852641,0.00095274669391949,0.000597127527774298,0.000363759392721064,0.000214522672139374,0.000121553693783471,6.53544396175221e-05,3.22851114912256e-05,1.37486793066481e-05
"21",0.221498827743957,0.0761833310798254,0.0571753586778271,0.0561522979520779,0.0574699802483193,0.0582775997885591,0.0579869581007269,0.0564936256394322,0.05384745947435,0.050187890590557,0.0457202474952316,0.0406931663325146,0.0353735623424819,0.0300215813227394,0.0248685681753114,0.0201005694513862,0.0158488777322882,0.0121879099210013,0.00913956378351452,0.00668234742343219,0.00476315852031632,0.0033096248711955,0.00224130824964797,0.00147868639782074,0.000949404672259276,0.000591901196560955,0.000356703732688118,0.000206110102852484,0.00011270543112226,5.64270989036774e-05,2.42464510960795e-05
"22",0.184951594894165,0.0662896417652294,0.052164184827128,0.0527458684057019,0.0552373781802352,0.0572432583842639,0.0582046020370536,0.0579607685310973,0.0564871752073161,0.0538505179419632,0.0501956758337517,0.0457303923314724,0.0407044028354351,0.0353850807503988,0.03003274996073,0.0248788437459785,0.0201094956903668,0.0158561106611462,0.0121932320665306,0.00914286610423101,0.00668357123028834,0.00476221095979758,0.00330629961018436,0.00223528706633714,0.00146961611650407,0.000937138042321819,0.000576705985070932,0.000339541447194453,0.000188674580877252,9.56619219685819e-05,4.14528852580778e-05
"23",0.152207113682606,0.0568335620231484,0.0467649973721676,0.0486022664473148,0.0520355696983127,0.0550772455513748,0.0572010257911677,0.0581972931216467,0.057968825030749,0.056503452357014,0.0538715140103555,0.0502193556713676,0.0457552898964995,0.0407292171747652,0.0354085460781899,0.0300536583802919,0.0248961388683641,0.0201223753244389,0.0158640906596618,0.0121961385451704,0.00914074227776987,0.00667652195312625,0.00475024142520536,0.00328928158618721,0.00221304924779937,0.00144231252459715,0.000905565134798229,0.000542741532331727,0.000306182777166856,0.000157083174730681,6.86026816778692e-05
"24",0.123452499646944,0.0480034827735547,0.0411976058312573,0.0439433464847454,0.0480637181600313,0.0519337004048885,0.0550671255836921,0.05721904105217,0.0582294730873445,0.058010056246997,0.0565507713565852,0.0539225519748549,0.0502717508382326,0.0458064918274517,0.040776533858191,0.0354493421816828,0.0300856245462333,0.0249175507845076,0.0201322655013725,0.0158622732408008,0.0121830589315148,0.00911718861566605,0.00664329686626697,0.00470802323005586,0.00323868250159751,0.00215513222814594,0.00137903473298715,0.000840435730299841,0.000480843476063335,0.000249394753511049,0.000109703552350793
"25",0.0986967929332642,0.0399448334584003,0.0356724083993509,0.0390031091738854,0.0435545512289915,0.0480212816777005,0.0519662688712614,0.0551265895134258,0.0572954186684623,0.0583186420666802,0.0581086206275667,0.0566549404001492,0.0540278000832004,0.0503728544194261,0.0458978451018194,0.0408526610890607,0.035505502343213,0.0301183770414843,0.0249251442375897,0.020114736593386,0.0158211984045297,0.0121210166582865,0.00903710058666559,0.00654803228034238,0.00460030519559341,0.00312173089661259,0.00203322027647098,0.00125842398987554,0.000729355741504779,0.000382071446874679,0.000169166594923422
"26",0.0778026096969218,0.0327572730000356,0.0303773484894564,0.0340103557557117,0.0387554181599945,0.0435852780098273,0.0481202805943415,0.0520977380291032,0.0552831308108136,0.0574726994214233,0.0585114043300044,0.0583098505203118,0.0568557656210793,0.0542178564571211,0.0505410582734688,0.0460334727862605,0.0409465699296269,0.0355512628311625,0.0301130657710781,0.0248695878277587,0.0200130966056824,0.0156799850844396,0.0119478122677783,0.00883961893602934,0.00633362475284125,0.00437661589149083,0.00289728616050629,0.00181868062362171,0.00106648627108508,0.000563709866217258,0.000251057224803729
"27",0.0605248367854007,0.026497047731306,0.025469991941149,0.0291755627972292,0.0339118296698511,0.0388898114132391,0.0437928207343409,0.0483748248187453,0.0523930755965187,0.0556131182572409,0.0578280255707697,0.0588789485023846,0.0586728735148536,0.0571948034529056,0.0545122729209785,0.0507711068173755,0.0461825836506487,0.0410034593226066,0.0355114222271202,0.0299792586329583,0.0246511548609472,0.0197242001317755,0.0153372478016356,0.0115683401970131,0.00843966011857479,0.00592896710756348,0.00398301730068598,0.00253204035580563,0.00150040437196656,0.000799409405958447,0.00035788399044879
"28",0.0465639086279069,0.0211891638287818,0.0210804182865476,0.0246893093579079,0.0292625194088781,0.0342106350955595,0.0392815960739549,0.0442585100043922,0.0489073807198456,0.0529817555040201,0.0562406880740518,0.058470299286566,0.0595054724839406,0.0592487418256665,0.0576835521737881,0.0548795937743959,0.0509888865874808,0.0462325802882439,0.0408798676320748,0.0352217044404812,0.0295429118014279,0.0240966185503755,0.0190846325754102,0.0146466917484838,0.0108587881136861,0.00774069529830616,0.00526770356077353,0.00338594396192858,0.00202471782301288,0.00108623414719926,0.000488478944909294
"29",0.0356597836785265,0.0168618253013724,0.0173379240034493,0.0207479203616341,0.0250647705944739,0.029860167917035,0.0349433156096392,0.0401331466615833,0.0452162472149986,0.0499493761907644,0.0540744061855502,0.0573387560533635,0.0595187249630739,0.060443018458814,0.0600133215669841,0.058218739040337,0.0551414373380138,0.0509518820662423,0.0458935870701807,0.0402590128748218,0.0343598190406942,0.0284958846103874,0.0229278657162164,0.0178579897643582,0.0134206930563951,0.00968478041273067,0.00666190363017092,0.00432144001377894,0.00260354028869076,0.00140470104661012,0.000634019269106744
"30",0.0277198460483898,0.01359904543912,0.01441700745012,0.0176010927545474,0.0216440297394027,0.0262380015157217,0.0312437525667533,0.0365150978655823,0.0418633224782981,0.047056959914141,0.0518331207127622,0.0559156605239003,0.0590384921587509,0.0609717777354087,0.0615478464588694,0.060683123539776,0.0583923707578063,0.0547922492924512,0.0500926599845691,0.0445762835217785,0.038568849648187,0.0324046293120275,0.0263927439845352,0.0207904850035428,0.0157865767341556,0.0114976649138213,0.00797283535860072,0.00520715460214498,0.00315461754305873,0.00170916745179764,0.000773534989977215
"31",0.0228526913448062,0.0115508303697289,0.0125414341434842,0.0155505760744852,0.0193856598058569,0.0238140632444604,0.0287311773390224,0.0340161974606826,0.0395001010206182,0.0449632207301852,0.0501437056464175,0.0547536008178236,0.0585015186459959,0.0611200473838715,0.0623948570015064,0.0621915312936627,0.0604757868445719,0.0573231465054937,0.0529154543695547,0.0475236943312768,0.041479019171428,0.0351363894022925,0.0288368803800585,0.0228758517950226,0.0174808580860739,0.0128037944482782,0.00892217308012039,0.00585129242254889,0.00355675953480861,0.0019319151185929,0.000875772187268796
