"","X0","X1","X2","X3","X4","X5","X6","X7","X8","X9","X10","X11","X12","X13","X14","X15","X16","X17","X18","X19","X20","X21","X22","X23","X24","X25","X26","X27","X28","X29","X30"
"1",0.735181158623073,0.159259488391199,0.05360676901833,0.0250322332379318,0.0130408409859497,0.00690491227072439,0.00357056486983178,0.00178347974806858,0.000862820871566129,0.000407290558373729,0.000189193994372137,8.71686084558749e-05,4.00713219635001e-05,1.84327994760341e-05,8.48191471328146e-06,3.89318435762441e-06,1.77507413811319e-06,8.00470903138438e-07,3.55673245692398e-07,1.55259789663574e-07,6.64438813358482e-08,2.78367868512979e-08,1.14063156977576e-08,4.56849732618652e-09,1.7878771053174e-09,6.83497290131338e-10,2.55203065569042e-10,9.30054772096126e-11,3.3047639535351e-11,1.15026892533364e-11,3.92156413494017e-12
"2",0.734348203239868,0.159228855645054,0.0537348075786963,0.0251905607818181,0.0131914176918409,0.00703178647861985,0.00366900958983898,0.00185504712831336,0.000912058122019506,0.000439572287074042,0.000209470033570877,9.94185318262035e-05,4.72126254493082e-05,2.24597915123642e-05,1.06826507798575e-05,5.06046168965511e-06,2.37664330989189e-06,1.10196174411726e-06,5.02709070918617e-07,2.25074819058825e-07,9.87300457152715e-08,4.2383066153758e-08,1.7792662666315e-08,7.30121940809999e-09,2.92772208074934e-09,1.14701136522716e-09,4.38965979380316e-10,1.63984011183254e-10,5.97176650934423e-11,2.12856214461155e-11,7.40222463858243e-12
"3",0.732255718054216,0.159146927433731,0.0540511044883925,0.0255843940480523,0.0135678686416937,0.00735069490381328,0.0039179705755496,0.00203728962613044,0.00103841203007907,0.000523127879205595,0.000262445634943029,0.000131750220676471,6.62661692357643e-05,3.33279025697167e-05,1.66938273666802e-05,8.28896414766312e-06,4.06220054592606e-06,1.95809349503171e-06,9.26022957527429e-07,4.2892726542666e-07,1.94374448368868e-07,8.61167344724982e-08,3.72857530628056e-08,1.57721614990591e-08,6.51723825483344e-09,2.63039822696552e-09,1.03681320561006e-09,3.98781213789293e-10,1.49421548783731e-10,5.47235698354263e-11,1.94580364000426e-11
"4",0.728554781780373,0.158987521852631,0.054594872585472,0.0262694367142302,0.0142282001489616,0.00791508089359183,0.00436297730758128,0.00236670585360319,0.00126966781441369,0.000678159981098458,0.000362207066366057,0.000193609654247014,0.000103337575237543,5.48478828296159e-05,2.88153654636214e-05,1.49225648126352e-05,7.59275296643116e-06,3.78687312847296e-06,1.84849407170121e-06,8.82249742999244e-07,4.11480792982003e-07,1.87476188345465e-07,8.34254625936228e-08,3.62545998032334e-08,1.53857975481951e-08,6.37625128049969e-09,2.58015891711961e-09,1.01846592839771e-09,3.91399538828879e-10,1.46824971304688e-10,5.32336726775966e-11
"5",0.722762575611186,0.158707530172254,0.0554127575393595,0.0273168767059742,0.0152494779183885,0.0087984452901827,0.00506877693450846,0.00289692877681894,0.00164798303661696,0.000936291822681553,0.000531480471972317,0.000300689414255701,0.00016886187118287,9.37142367499995e-05,5.11971112213785e-05,2.74501119093176e-05,1.44140845527887e-05,7.40256940565191e-06,3.71511907589973e-06,1.82119182739479e-06,8.718171605661e-07,4.07504110015621e-07,1.85976084292682e-07,8.2870818752881e-08,3.60561126566363e-08,1.5318208623888e-08,6.35384155421082e-09,2.57029529149817e-09,1.01170238766345e-09,3.88200195710729e-10,1.43338747373815e-10
"6",0.714302188249817,0.158243657999861,0.0565472880585219,0.0288013037963114,0.016717763402014,0.0100872676496331,0.00611526109536154,0.0036971406345755,0.00223005587835221,0.0013417630238632,0.000803267292056844,0.000476599682593401,0.000279079357387937,0.000160689325586859,9.07222495594896e-05,5.01264154381475e-05,2.70714539805309e-05,1.42802871293823e-05,7.35492334632955e-06,3.69794941482819e-06,1.81494197817179e-06,8.6953767647868e-07,4.06684200722574e-07,1.85694195883308e-07,8.2784024058722e-08,3.60358911560922e-08,1.53144921328881e-08,6.3458281033565e-09,2.5569957493284e-09,1.00298972416296e-09,3.76920417780211e-10
"7",0.702563931660829,0.157510413556589,0.0580222809565073,0.0307843579291048,0.0187135456138556,0.0118697837216641,0.00758997845449631,0.00484796946526676,0.00308566466046116,0.00195175755391891,0.00122218158745546,0.00075461085332993,0.000457780561538615,0.000272127050237384,0.000158220812832726,8.98730098169547e-05,4.98404501486283e-05,2.6976094174235e-05,1.42484294270482e-05,7.34417335593854e-06,3.69428681443071e-06,1.81370450328516e-06,8.69147348200315e-07,4.06592514760755e-07,1.85701495658529e-07,8.28140294165084e-08,3.60533508515317e-08,1.5299854497984e-08,6.3093234481219e-09,2.52895982910927e-09,9.66793047199118e-10
"8",0.686965244489189,0.156399790970633,0.0598301063428236,0.0332994492419339,0.0212972127262386,0.0142239397564857,0.0095793455516028,0.00643601645426914,0.00429508087393486,0.00283600651461359,0.00184548212842736,0.00117943533753598,0.000738318011882873,0.000451874876320179,0.000270081974196032,0.000157540097663432,8.96534471246318e-05,4.97711177670597e-05,2.69544202143725e-05,1.42416763584783e-05,7.34210710081073e-06,3.69372523672594e-06,1.81364229389209e-06,8.69250702803047e-07,4.06732380924131e-07,1.85819217778675e-07,8.28679607273885e-08,3.60111182449762e-08,1.51947935985137e-08,6.22152405809498e-09,2.41845278371553e-09
"9",0.667015953459104,0.154784185974379,0.0619212320356047,0.0363374277211365,0.0244939891936144,0.0172035656747733,0.0121573265499667,0.00854566119753161,0.00594403282095306,0.00407449986556485,0.00274286966418148,0.00180838143428453,0.0011654618371354,0.000733329015920705,0.000450180889214581,0.000269532634463257,0.000157368997591974,8.96019122598223e-05,4.97560371151914e-05,2.69501990163616e-05,1.42406872588073e-05,7.34211643538076e-06,3.69406310488309e-06,1.81407890352407e-06,8.69664577979026e-07,4.07043717550528e-07,1.85946189519631e-07,8.27386903978695e-08,3.57144899609052e-08,1.49328597078265e-08,5.89995756942318e-09
"10",0.642386209552011,0.152523498927358,0.0641977667394633,0.03983492586848,0.0282797204510572,0.020823608099811,0.0153718233758293,0.0112478558100007,0.00811555729130146,0.00575246261011549,0.00399419848810982,0.00271114776050535,0.00179655155119925,0.00116128917354421,0.000731933831400373,0.000449737464661748,0.000269398270880034,0.000157330149612226,8.95913679588418e-05,4.97536684475387e-05,2.69502315588391e-05,1.42415029140745e-05,7.34322186103488e-06,3.69523857558243e-06,1.81512827269397e-06,8.70420424813425e-07,4.07313925762387e-07,1.85561877753315e-07,8.19250817450949e-08,3.49674662354833e-08,1.40362908259881e-08
"11",0.612966656832419,0.149476493234172,0.0665133559484487,0.0436683168563865,0.0325703999817766,0.0250468482712665,0.0192304793710768,0.0145868141814448,0.0108789311146588,0.00795226123640062,0.00568447069105203,0.00396753906089045,0.00270129064076449,0.00179310982039095,0.00116015262602848,0.00073157839277513,0.000449632262294898,0.000269369184812103,0.000157323282686467,8.9590941299924e-05,4.97552896930637e-05,2.69526880520484e-05,1.42443457574675e-05,7.34611755025563e-06,3.6977603876746e-06,1.8168788376424e-06,8.70940796821176e-07,4.06212732651908e-07,1.83394186436863e-07,7.98784954376762e-08,3.256246263205e-08
"12",0.578909990808824,0.14551553862172,0.0686808924817017,0.0476556950139806,0.0372182736187225,0.0297749120813822,0.0236882805253333,0.0185662928981802,0.014276599277666,0.0107424475237226,0.00789579289327822,0.00566248239868695,0.00395947196883595,0.00269849913474105,0.00179219803620559,0.00115987173464517,0.000731497521380937,0.000449611709156592,0.000269366354882634,0.000157325974719868,8.95958474086468e-05,4.9761447915721e-05,2.69595215953012e-05,1.4251172110825e-05,7.35194035722327e-06,3.70163401451339e-06,1.81773078494401e-06,8.67890623265632e-07,4.00596231183662e-07,1.77987902932497e-07,7.36532855751895e-08
"13",0.540646008404734,0.14054297957238,0.0704879372594868,0.0515678745271081,0.0420164198116749,0.0348460251572172,0.028639510103079,0.0231376949368653,0.0183107079500604,0.014164807578173,0.0106964763732662,0.00787800984277378,0.00565600604296747,0.00395725019806486,0.00269778162947367,0.00179198130651287,0.00115981269784632,0.000731486209954288,0.000449615156882178,0.00026937538808837,0.000157338173999715,8.96103347674625e-05,4.97771986176637e-05,2.69750008841074e-05,1.42640698977267e-05,7.36006520061113e-06,3.70255633481179e-06,1.80953732688732e-06,8.53722195859312e-07,3.86788471615532e-07,1.6240569168413e-07
"14",0.498866666250354,0.134506733828588,0.0717180784079511,0.055147656616657,0.0467122697538616,0.0400410576179293,0.0339162949446715,0.028192429506039,0.0229314067146913,0.018220989224298,0.0141281304385347,0.0106823796341811,0.0078729140182276,0.00565427462289739,0.00395670001556103,0.00269762224443051,0.00179194498484761,0.0011598147657771,0.000731501914801008,0.000449637975356523,0.000269403648627668,0.000157370813521651,8.96452177371289e-05,4.98108635440098e-05,2.70022400011273e-05,1.42799762192158e-05,7.3593220953839e-06,3.68116191496763e-06,1.77470605434635e-06,8.19558383397466e-07,3.49012241510349e-07
"15",0.454482596617258,0.127412541169305,0.0721751044618495,0.0581349358833984,0.0510288856415829,0.0450980715182514,0.0392951511649014,0.0335606945645991,0.0280293169063245,0.0228608539752344,0.0181923134919237,0.0141171817737154,0.0106784559310843,0.00787160020823451,0.00565387194419519,0.00395659811392453,0.00269761650038839,0.00179197188815708,0.00115985661538948,0.000731554621863156,0.000449700482425449,0.000269474185773476,0.000157444773595898,8.97150072853992e-05,4.98651493425474e-05,2.70304477620059e-05,1.4270901161098e-05,7.30494206300511e-06,3.59766054482946e-06,1.69269944818586e-06,7.30759013696911e-07
"16",0.408556881798623,0.119330631456018,0.0717061796268449,0.0602940116894437,0.0546913309404435,0.0497340923860879,0.0445117085907635,0.0390180810120516,0.0334343323554124,0.0279749524701274,0.0228388902674253,0.0181839946177671,0.0141142421428034,0.0106775051033112,0.00787134178003322,0.00565384360158271,0.00395664667742445,0.00269769579760457,0.00179207030265861,0.00115997238893796,0.000731687089824542,0.000449846140956401,0.000269623298283126,0.000157581331603715,8.98153087309767e-05,4.99073503160646e-05,2.69918901804146e-05,1.41362678180757e-05,7.10966799983704e-06,3.40650180323038e-06,1.49014711537544e-06
"17",0.362224952736058,0.110395409824835,0.0702203254646996,0.0614389926183642,0.0574544542992568,0.0536714716613408,0.0492823793114287,0.0443002123760597,0.0389221744652243,0.0333933040999009,0.0279585034504521,0.0228327476249678,0.0181818999886086,0.0141136412549117,0.0106774262159182,0.00787144023001841,0.00565400628074427,0.00395684076962008,0.00269791462021661,0.00179231419415263,0.00116024056525765,0.000731972417822121,0.000450128931034494,0.000269871368854805,0.000157747268955497,8.98560765342756e-05,4.97792057924497e-05,2.66672371341706e-05,1.3690785169848e-05,6.67669906758955e-06,2.95795759436242e-06
"18",0.316610851341621,0.100797888457882,0.0676993755876292,0.0614535128751441,0.0591280827282662,0.056665281632129,0.0533304267588308,0.0491242429317623,0.0442289504859835,0.0388919245243226,0.0333813552971878,0.0279542101695575,0.0228314610845645,0.018181728705328,0.0141138658507012,0.0106777897909537,0.00787185688923827,0.00565445071682585,0.00395730861393674,0.00269840718079316,0.00179282938697715,0.00116076453840782,0.000732467640824479,0.000450534243564844,0.00027009661214069,0.000157712167692591,8.94805949863314e-05,4.90171603143499e-05,2.56761443908496e-05,1.27376870075758e-05,5.71220103260029e-06
"19",0.272749744096466,0.0907717802101325,0.0641999472278807,0.0603020136202705,0.0595960397802993,0.0585278966501954,0.0564129812098592,0.053214734512024,0.0490725775783534,0.0442073771436174,0.0388837646116818,0.0333788216099759,0.0279539080165572,0.0228320043186778,0.0181825800546844,0.014114821799395,0.0106787720402298,0.00787283527311606,0.005655415655144,0.00395825843919824,0.0026993361259876,0.00179371292114614,0.00116153641266556,0.000733019358852651,0.000450704326667388,0.000269744908958872,0.000156701460581306,8.77412009543406e-05,4.68682592714705e-05,2.36372354744622e-05,1.07239416782128e-05
"20",0.231524772378806,0.0805751594265436,0.0598465398878144,0.0580313295551172,0.0588264690714719,0.0591473353577967,0.0583452551593879,0.056330520635435,0.0531786367774507,0.0490582471272386,0.0442028089473408,0.0388833617516019,0.0333801294949437,0.0279558966247295,0.022834239029231,0.0181848590792273,0.0141170353818281,0.0106808552568626,0.0078747528857489,0.00565715207636803,0.00395980032903068,0.00270064619963871,0.00179468622598238,0.00116199729652262,0.000732699501039588,0.000449379253108415,0.00026719851083118,0.000152845418687436,8.32043932900741e-05,4.26310254236734e-05,1.9555941497664e-05
"21",0.193623566172486,0.0704702025932972,0.0548172950425821,0.0547629377885186,0.05687242017533,0.0584969854222976,0.0590186242669966,0.058288877165081,0.0563073219320702,0.0531711574491506,0.0490580080100368,0.0442058310533047,0.0388878429182489,0.0333852330590373,0.0279611757510619,0.0228393963924277,0.0181896673873424,0.0141213238734614,0.0106845129016382,0.00787772438943572,0.005659412707478,0.00396130960550396,0.00270126589861899,0.00179416925539961,0.00115994181555689,0.00072878913352612,0.000443313784125409,0.000258905772437591,0.00014352841462118,7.46545892527794e-05,3.46052796706917e-05
"22",0.159516629469645,0.0607036656908628,0.0493249766557092,0.0506776600099319,0.0538632460680757,0.0566357966199381,0.0584102934763831,0.0589837548833588,0.0582778951137527,0.05630809068925,0.0531777722056546,0.0490676035099271,0.0442169579644682,0.0388996338362321,0.03339702359046,0.0279723719034567,0.0228494645601298,0.0181981721796736,0.0141279673448538,0.010689147652657,0.00788031962819679,0.00565997372662452,0.00395972618759687,0.00269727840601945,0.00178727166977292,0.00114978459916023,0.000715042783207207,0.000426028696189671,0.000240311861689949,0.000126788716727477,5.93503003912251e-05
"23",0.129456906123998,0.0514904724496352,0.0435962323493046,0.045995632766713,0.049988785477526,0.0536996369347983,0.0565837746257877,0.0583959448548106,0.0589875701898868,0.058291607230343,0.0563275658275372,0.0532007594959972,0.0490926142092117,0.044242711010584,0.038924841914617,0.03342037814825,0.0279926369723354,0.0228656101682627,0.0182094905634136,0.014134129736594,0.010690164116129,0.00787640034268963,0.00565125132825265,0.00394616329911081,0.00267846256160115,0.00176305469680585,0.00112001431479106,0.000680146367902548,0.00039000079888597,0.000208531672692832,9.85094515287053e-05
"24",0.10349757456663,0.0430021867923153,0.0378521563593569,0.0409548432650436,0.0454793183984273,0.0498859494983055,0.0536810507460628,0.0565946069034221,0.0584229199986706,0.0590251184064312,0.0583366129301618,0.0563777718105428,0.0532539944345615,0.0491464549031785,0.0442944378654509,0.0389715937992529,0.0334594328608505,0.0280217341826266,0.0228832286291666,0.0182150031847104,0.0141277651925462,0.0106727663176245,0.00784892212372226,0.00561452206860866,0.00390046014442837,0.00262446052795136,0.00170130582948751,0.001051847486231,0.00061245384976792,0.000331557754085657,0.000157949170375526
"25",0.0815234035880575,0.0353612003452403,0.0322925007105686,0.0357912270357592,0.0405844660482628,0.0454345280929112,0.0499083654670859,0.0537308121662068,0.0566629899680584,0.058506043161299,0.0591200255338088,0.0584400928390984,0.0564858191156596,0.0533616694505038,0.0492480694881004,0.0443840044749041,0.0390434594214176,0.0335089710654063,0.0280459403848729,0.0228810740095256,0.0181874129194657,0.0140771962200849,0.0106022905701051,0.00776168621965266,0.00551287473545883,0.00378725347579525,0.00250206354975895,0.00157291944904445,0.000928889457617057,0.000508599290624826,0.00024415174564158
"26",0.0632898853200483,0.0286403402155224,0.0270847222248409,0.0307223156045533,0.035553510869346,0.0406069503301831,0.0455177173200202,0.0500241974031807,0.0538738364441072,0.0568300297452889,0.0586931494849052,0.0593215061662346,0.0586481285805225,0.0566905577542897,0.0535517852273947,0.049411740481449,0.0445101958970902,0.0391232959066591,0.0335369191240839,0.0280205322155407,0.0228049282152542,0.0180664958042571,0.0139191944127011,0.0104154543772401,0.00755312881012802,0.00529017382257309,0.003556646676566,0.00227025703651552,0.00135804100445415,0.000751239222731304,0.000363124302314895
"27",0.0484659298839312,0.0228675761460149,0.0223587955999487,0.0259363095678006,0.0306198607799784,0.0356679825235504,0.0407875218828821,0.0457457819011913,0.0502965548466451,0.0541868647619503,0.0571770850976436,0.0590636201077331,0.0597005467843914,0.0590170997757107,0.0570282191527575,0.0538361914338885,0.0496226511035411,0.0446316217306951,0.0391456908253252,0.033458538289137,0.0278475314599452,0.0225500929024961,0.0177464366019722,0.0135520577993942,0.0100177733532491,0.00714150025111691,0.00487809297432174,0.00315682862640215,0.0019102252426319,0.00106639542878416,0.000518623164966866
"28",0.0366851676986373,0.0180393525737556,0.0182123098604025,0.0215927266046811,0.0259976920483598,0.0308788127544637,0.0360137553632698,0.0412090663295276,0.0462408452481195,0.0508590538618141,0.0548043457714646,0.0578296743197922,0.0597239448693779,0.060334799173832,0.0595873494848714,0.0574958846551859,0.0541663296498835,0.0497884144772499,0.0446180495440552,0.0389520222531943,0.03309835095145,0.0273465182495891,0.0219413123749287,0.0170660221339241,0.0128336496312153,0.0092937529356721,0.00643770700918787,0.00421660324640736,0.00257723112670434,0.00145022060642665,0.000709035192553188
"29",0.0276260580170029,0.0141528396250811,0.0147367754647009,0.0178481534628629,0.0219075382334154,0.0265222078663899,0.0315346564618061,0.0367946684841379,0.0421102946213063,0.0472485518721123,0.051947590821767,0.0559352185245933,0.0589520994556568,0.0607773157345529,0.0612531742756452,0.0603057243573847,0.0579575935852703,0.054330454379106,0.0496358266654516,0.0441547894831688,0.0382089759738532,0.0321270096947975,0.0262107963789239,0.0207096788809871,0.0158019845912262,0.0115955799216906,0.0081266128933488,0.00537627596619599,0.00331337000480993,0.00187666175846328,0.000921522544287733
"30",0.0211163451804652,0.0112536117231021,0.0120610968367409,0.0149023466610527,0.0186253419300599,0.0229533845382341,0.0277820006075254,0.0330006136346963,0.038450421736926,0.0439214383684791,0.0491598840669472,0.053882866053639,0.0577996839471526,0.0606381872254198,0.0621734327198143,0.0622549268055467,0.0608282780462734,0.0579472400432171,0.0537732087411322,0.0485611471672074,0.0426330938205251,0.036342952000523,0.0300372304343788,0.0240216158265344,0.0185336021194622,0.0137366916162331,0.00971207128168041,0.00647326724169323,0.00401406642246153,0.0022845420249376,0.00112541117793641
"31",0.0171630515440004,0.00944711994727423,0.0103587651155564,0.0130014628427192,0.0164799693197523,0.0205897391795074,0.0252612840951953,0.0304119372389236,0.0359077370510141,0.041557793264988,0.0471181354171523,0.0523032880166159,0.0568056420065552,0.060321651495911,0.062582480625048,0.063385401921905,0.0626213510391775,0.0602937612320464,0.0565245936198221,0.0515453346976321,0.0456731146717746,0.0392751419777386,0.0327261351929358,0.0263698642155745,0.0204854589051126,0.0152768691912627,0.0108590444973185,0.00727061449495851,0.00452531810199982,0.00258302995884755,0.00127490912167794
