"","X0","X1","X2","X3","X4","X5","X6","X7","X8","X9","X10","X11","X12","X13","X14","X15","X16","X17","X18","X19","X20","X21","X22","X23","X24","X25","X26","X27","X28","X29","X30"
"1",0.100220450156151,0.0721086834575706,0.0807907399270827,0.08465399969068,0.0872993966135489,0.0867938481208695,0.0830377356017441,0.0764531077464878,0.0679432239089425,0.0584279259851865,0.0487351702985909,0.0394998524654989,0.031152474662058,0.0239320858127879,0.0179214013350306,0.0130880377611107,0.00932441910041842,0.00648189830416993,0.00439723795897008,0.00291145652419338,0.0018816923514659,0.00118728658434116,0.000731473660664642,0.000440107651437043,0.000258655330655424,0.000148545209233888,8.35310625319003e-05,4.57957092141469e-05,2.51210391770906e-05,1.37844432324624e-05,1.08615269394131e-05
"2",0.100122429938942,0.0720429669279597,0.0807219122567885,0.084590144298243,0.0872437096583905,0.0867507581906084,0.0830106111263869,0.0764436554343917,0.0679510985624481,0.0584510171925975,0.0487701116270317,0.0395426600779907,0.0311991407781314,0.0239790478172867,0.0179658397937032,0.0131280023561095,0.00935881035798581,0.00651034853115499,0.00441993798501953,0.00292896875084343,0.00189477984593017,0.00119677573480483,0.00073815690480561,0.000444684877406448,0.000261706504487859,0.000150527305532362,8.47912468627626e-05,4.65737041408815e-05,2.5607459279212e-05,1.40887052768869e-05,1.11360494451821e-05
"3",0.0998966932477169,0.0718914551730947,0.0805630574971271,0.0844424688024773,0.0871145492882181,0.0866503291835632,0.0829467424021451,0.0764203947245122,0.0679677961523993,0.0585029607640476,0.0488496733932565,0.0396407476124025,0.0313065535251243,0.0240875578823178,0.0180688877830047,0.0132210026484704,0.00943912606412938,0.0065770326495459,0.00447334571989815,0.00297033328922609,0.00192582031670091,0.00121937875547635,0.000754148127247643,0.000455688761766225,0.000269078076053507,0.000155341052438565,8.78690455602543e-05,4.84848360191915e-05,2.68108036238225e-05,1.48469694060417e-05,1.18254530140797e-05
"4",0.0994407255733563,0.0715849608118419,0.0802412516156973,0.0841425117170931,0.0868511891532998,0.0864442446169435,0.0828139353626439,0.0763693533940878,0.067997597846352,0.0586044867901653,0.0490078576735285,0.0398374530856819,0.0315232834061968,0.0243076383460617,0.0182788975936357,0.0134114297472496,0.00960436244369017,0.00671489310257286,0.00458431601712272,0.00305673134233548,0.00199100952210888,0.00126711981769973,0.000788126203170031,0.000479216263862161,0.000284942746299575,0.000165772496529201,9.45884332216975e-05,5.26889914735101e-05,2.94826410510856e-05,1.65468564043164e-05,1.33863886074035e-05
"5",0.0986394552409931,0.071045320582894,0.0796736060617211,0.0836115785593884,0.086382716650093,0.086074657010004,0.0825717711992195,0.0762702339800655,0.0680407910601458,0.0587748900241144,0.0492797929576063,0.0401795958472697,0.0319033571271785,0.0246962443251215,0.018652077782743,0.0137519088408061,0.00990164170081047,0.00696450066454034,0.00478655968088971,0.00321526902596638,0.00211148211937645,0.00135600356811649,0.000851877402937023,0.000523717862793518,0.000315204941745747,0.000185848121286981,0.000107644506340994,6.09378802476019e-05,3.47878643490051e-05,1.99638249796417e-05,1.65635862387277e-05
"6",0.0973552677306142,0.0701784250616759,0.0787596847629632,0.0827532049731966,0.0856208062889498,0.0854677239832242,0.0821663373601524,0.0760926843206539,0.0680916760225717,0.059031814078406,0.049703193886442,0.0407203943171594,0.0325103353870231,0.0253221607780506,0.0192578614030332,0.0143088134410828,0.0103915929986006,0.00737908320682765,0.00512516738967044,0.00348290858275063,0.00231661962297333,0.00150871537413765,0.000962436615085556,0.000601649107156804,0.000368741171753199,0.000221743718538938,0.000131258412519672,7.60318192882483e-05,4.46345920253514e-05,2.63985955436989e-05,2.26349979114447e-05
"7",0.0954521113977978,0.0688901208739534,0.0773978888197198,0.0814678714841505,0.0844719039909125,0.0845421525970133,0.0815343644882091,0.0757957501175967,0.0681336301185974,0.0593826973406144,0.0503072701471119,0.0415070366267936,0.0334046853063458,0.0262541246641112,0.0201684567454847,0.0151536332078764,0.011141659755272,0.00801968309872385,0.00565338413506419,0.00390455079697942,0.00264311314945335,0.00175436004456451,0.00114224616134726,0.000729852914844944,0.00045786742554956,0.000282250144791378,0.000171598771391308,0.000102167491664594,6.19683721590944e-05,3.79163197403693e-05,3.36834921473017e-05
"8",0.0928100174780528,0.0670958295746688,0.0754954004543496,0.0796619807813965,0.0828446947585207,0.0832144449444918,0.0806057278103768,0.0753274026327182,0.0681357907515653,0.0598190535570714,0.0511052730164474,0.0425722709517843,0.0346351876877194,0.0275527220975437,0.021451742680721,0.0163571815789062,0.0122217423742859,0.00895219451831904,0.00643088043545473,0.00453230764805638,0.00313497842034959,0.00212896970561104,0.00141994117324967,0.000930454475315964,0.000599225140458895,0.000379578853683247,0.000237479337900816,0.000145502714392727,9.12481586734185e-05,5.77350441466891e-05,5.30412437491646e-05
"9",0.0893467805415512,0.0647351707499028,0.0729835705786595,0.0772622348641729,0.0806627130800117,0.0814086708581511,0.0793095105127993,0.0746263796603618,0.0680506388997173,0.0603102104493728,0.0520851582479783,0.0439229816832076,0.0362264891626902,0.0292579189704894,0.023159616555858,0.017979372178598,0.0136957642366719,0.010240843559679,0.00751907482895429,0.00542245452620619,0.00384184314939408,0.00267480354223196,0.00183035265449059,0.00123130120780172,0.000814447520049233,0.000530105316014352,0.000341094371255952,0.000214807096362464,0.00013904207515809,9.07418871674948e-05,8.59070350213994e-05
"10",0.0850331742700156,0.0617825183516222,0.069829317326683,0.0742267844226757,0.0778747401645269,0.0790653087135537,0.0775805236195536,0.0736257902663179,0.0678143855393765,0.060800495744734,0.0532038981711606,0.0455322052928349,0.0381695660608828,0.0313787842374236,0.0253177574874671,0.0200596893277586,0.0156133464479491,0.01194136792649,0.0089759265882854,0.00663177916145648,0.00481667356544701,0.00343920033973399,0.0024142074834995,0.00166624316784105,0.00113078889476564,0.000755168589345233,0.000498877135625213,0.000322265006063038,0.000214805942698916,0.000144196417972284,0.000140214336220624
"11",0.0799025327499029,0.0582540298593957,0.0660430885622689,0.0705536498969716,0.0744634229928151,0.0761495128748163,0.0753665672891838,0.0722587092088454,0.0673503485331312,0.0612100365434148,0.054385592137253,0.0473347081733735,0.0404151728879036,0.0338854011830137,0.0279166977619929,0.0226081286690757,0.0180012522406388,0.0140934598190235,0.0108496957488687,0.0082127957425685,0.00611241830429264,0.00447250482642385,0.00321711285901157,0.00227492091468455,0.00158146640543891,0.00108175343782021,0.00073237571693618,0.000484377060951412,0.000331834266492186,0.000228638297731205,0.000227795035739211
"12",0.0740500273719818,0.0542079466154993,0.0616799689671005,0.0662831341506983,0.0704491358048198,0.07265637302405,0.0726347614539354,0.0704650045160308,0.0665755328008305,0.0614403054689953,0.0555252889931812,0.0492286126949729,0.0428730905104644,0.0367058641406803,0.0309069627478092,0.0255990611362885,0.0208566384632433,0.0167140481340819,0.0131727953566487,0.0102085498655203,0.00777797326420745,0.00582523577523943,0.00428783994514142,0.00310199212789142,0.00220561440142949,0.00154295968274117,0.00106907611494893,0.000722920114696895,0.00050837859013259,0.000359019341787589,0.000365888424930414
"13",0.0676261724392074,0.0497410680452827,0.0568368380939462,0.0614966954525761,0.0658909617036251,0.0686142816074198,0.0693772265588371,0.0681988821539133,0.0654092498044714,0.0613828208200343,0.0564967404833245,0.051081317093005,0.0454156032327932,0.0397270577617785,0.0341972597888866,0.0289672474480936,0.0241415224317119,0.0197909376168392,0.0159553026348666,0.0126465909874504,0.00985303825205575,0.0075440643844377,0.00567548868290351,0.00419541267821729,0.00304751934847091,0.0021779911547534,0.00154297520505786,0.00106583458770425,0.000768862745156924,0.000556034999672532,0.000579001803486008
"14",0.0608208411441247,0.0449787652605193,0.0516426782153277,0.0563093426350318,0.0608819233602192,0.0640837952592565,0.0656139568748268,0.0654356266239045,0.0637830197108833,0.0609310706060924,0.0571649700523592,0.0527413242516683,0.0478874044757874,0.042801813141058,0.0376584939742231,0.0326087577326729,0.0277810157890971,0.0232790186667273,0.01917992400868,0.015533462628946,0.0123627928869643,0.00966716495397403,0.00742580818756671,0.00560384302574712,0.00415508111011172,0.00303155032453809,0.00219477824632212,0.00154793242239018,0.00114512216931779,0.000847616698753302,0.000901105562887432
"15",0.0538448403145651,0.0400631133509591,0.0462466778131598,0.0508595960753313,0.05554164291784,0.0591539932378498,0.0613935267500554,0.0621767988956981,0.0616498080611809,0.0599928148554906,0.0574003049490103,0.0540525181049818,0.0501187017933998,0.0457596860014175,0.041131456398881,0.0363852576070125,0.0316643308465244,0.0270984725303592,0.022798114535935,0.0188495538289055,0.0153122752871605,0.0122187967748203,0.00957647952681104,0.00737293637912707,0.00557722694872438,0.0041523623760927,0.00307146710330343,0.00221121635399618,0.00167750485662645,0.0012704702426219,0.00137805528213681
"16",0.0469100669371007,0.0351397387885671,0.0408046588050965,0.0452973262311025,0.0500064565323003,0.0539360071143964,0.0567909310232434,0.0584528534334085,0.0589913122180085,0.0585013755182631,0.0570925413161841,0.0548697817641737,0.0519407736043031,0.0484210489711825,0.0444383335628801,0.0401322189234216,0.035649428229442,0.0311360209533576,0.0267284433182142,0.0225453231936591,0.0186813034953481,0.0152037346209023,0.012151744523078,0.00954068034235183,0.0073602822394172,0.00559071863224639,0.00422506503589984,0.00310462306832512,0.00241564952717174,0.00187150066407586,0.00207005741285631
"17",0.0402117091235203,0.0303456739678938,0.0354661897425627,0.0397715814344645,0.044418695267846,0.0485548394609434,0.0519029367886642,0.0543227448526259,0.0558220999947641,0.0564240859720293,0.0561629992388372,0.055073557111522,0.0532016798473198,0.0506125254022025,0.0473965463806342,0.0436701170991896,0.0395709095046065,0.035249283517849,0.0308575986988019,0.0265394723593304,0.0224205599207917,0.0186021003005461,0.0151567935032742,0.0121320348164491,0.00954337568588242,0.00739498117279055,0.0057104403984818,0.0042829884284824,0.00341870600753525,0.0027088922987721,0.00305388170136479
"18",0.0339143646802175,0.025799513935751,0.0303637720465553,0.034419731886412,0.0389163098734944,0.0431403662054956,0.0468414295030413,0.0498704977977324,0.0521900242474318,0.0537668036354059,0.0545729519349461,0.0545815710597484,0.0537802890543108,0.0521820659001068,0.0498335330589797,0.0468176630994396,0.0432506877714807,0.0392742396934071,0.0350444123302604,0.0307197076130073,0.0264495997644272,0.0223653502537765,0.0185725607162109,0.0151533458107075,0.0121531663941366,0.00960715216992897,0.00758209239944847,0.00580507817158708,0.00475474786221249,0.00385255738906748,0.00442441374125006
"19",0.0281433155790519,0.0215947983981352,0.0256051526900546,0.0293590474793816,0.0336239665488426,0.0378185546903581,0.0417255630159162,0.0451991987676535,0.0481729190429276,0.050573985126758,0.052327435210436,0.0533563250428223,0.0535969547596627,0.0530119231717539,0.0516008504250953,0.0494057371419143,0.04651051858834,0.0430353481301044,0.0391269082159577,0.0349464713728533,0.0306574215798269,0.0264141785603058,0.0223516809663152,0.0185871818087104,0.0151983686170846,0.0122577851885886,0.00988999212173416,0.00773060547508493,0.00649913965738953,0.00538362886246625,0.00629504376445132
"20",0.0229810105959843,0.0177967784185467,0.0212690520306105,0.0246811839702106,0.0286462747487079,0.0327037050304474,0.0366735797296225,0.0404232091619018,0.0438721672484653,0.0469245738758916,0.0494742582875133,0.0514077158718666,0.0526198071188307,0.0530282088176593,0.0525861639185154,0.0512906677709555,0.0491852791033674,0.046357580304994,0.0429320632279636,0.0390597496111834,0.0349060546365578,0.0306390256519793,0.0264164030392708,0.022388368571725,0.0186647304036852,0.0153607077541886,0.0126747188047585,0.0101162781540086,0.00873167770962512,0.00739267335977485,0.00879633307116574
"21",0.018468267627123,0.0144423684147528,0.017404227550082,0.0204497305403752,0.0240635665099229,0.0278924039995083,0.0317952077870394,0.035659617303833,0.0394041187329052,0.0429244751215365,0.0460986372446576,0.0487907540778301,0.0508661405798624,0.0522060779578817,0.0527218607578246,0.052365454028894,0.0511356496471927,0.0490792561738728,0.0462875302073384,0.0428886336362629,0.039037261287697,0.034903640501517,0.0306591437482036,0.0264820087281995,0.0225112266721986,0.0189081828300046,0.015962301376695,0.0130110661183547,0.0115324244215154,0.00997635172213882,0.0120724146947575
"22",0.0146089933385741,0.0115425865440249,0.0140312578918964,0.0167004532779936,0.019930181368869,0.0234595221894254,0.0271853444683264,0.0310199529548859,0.0348905675360951,0.0386968361613386,0.0423144875737023,0.0455990641877756,0.0483991125486618,0.0505702464230537,0.0519895255112884,0.0525678263831803,0.0522589257090736,0.0510644384098907,0.04903428977646,0.0462629461686753,0.0428820756856103,0.039051824196603,0.0349461482124624,0.0307641744693409,0.0266682422790208,0.0228672383843263,0.019759327143992,0.0164510404580278,0.0149763030988024,0.0132323686955716,0.0162746989530278
"23",0.0113771573186462,0.00908671052041969,0.0111463188286846,0.0134437109114087,0.016275015056009,0.019456373822193,0.0229195443245749,0.0266030622389545,0.0304494790387543,0.0343714716302163,0.0382536822472182,0.041955249908852,0.0453204480729343,0.0481910391626266,0.0504199493009226,0.0518843436203236,0.052496812273089,0.0522135725039412,0.0510389524530708,0.0490258693020796,0.0462724659306387,0.0429170568688734,0.0391243649718947,0.0351057143035604,0.0310383982924691,0.0271778888543888,0.0240489688962101,0.0204542754209114,0.0191266952186867,0.0172527292370474,0.0215526794703772
"24",0.00872475989985468,0.00704733591412881,0.00872614034184689,0.0106683736858889,0.0131038809384434,0.0159108988119301,0.0190515508337361,0.0224897861759619,0.0261869807543746,0.0300747223055434,0.0340546901033742,0.0379994836417683,0.0417602679176306,0.0451766854077741,0.0480888827476266,0.0503502034426778,0.0518394022882155,0.0524712291356858,0.052204403315921,0.0510463010571985,0.0490540610563486,0.0463342950019967,0.0430312303909972,0.0393592626879145,0.0355004260417348,0.0317538456751079,0.0287885787324155,0.0250163895006049,0.024028453746585,0.022115530990124,0.0280419474565665
"25",0.00658974082932235,0.00538562495365526,0.006733400504277,0.0083465689936806,0.0104031391619361,0.0128295420310155,0.0156128499162771,0.0187397843147488,0.0221913386055088,0.0259208133389878,0.0298519113394018,0.0338777453787123,0.037865399130767,0.0416629744559016,0.045109247644903,0.0480449835498133,0.0503250330995746,0.0518301762603716,0.0524776791541169,0.0522296706717355,0.0510987066973196,0.0491529102666022,0.0465066639340037,0.043369138119441,0.0399161381599613,0.0364860478982381,0.0339093440497871,0.0301072495390623,0.0297007990628185,0.0278756418394426,0.0358497370985935
"26",0.00490308249119913,0.0040562127341374,0.00512197110884881,0.00643867433632886,0.00814406561393705,0.0102004285334828,0.0126140565059729,0.0153906092441877,0.0185293793244505,0.022005549738689,0.0257668969662206,0.0297311634122245,0.0337877527008627,0.0378018218587339,0.0416211471509856,0.0450852896445882,0.0480365307097677,0.0503317912160458,0.0518546327918495,0.0525264236818294,0.0523158737148159,0.0512497765354273,0.0494064103918407,0.0469834900784198,0.0441401092531109,0.0412488361741625,0.0393179337712331,0.0356687924795889,0.0361299222203448,0.0345539527681569,0.0450374228485343
"27",0.0035947709287138,0.00301151467587608,0.00384172296737196,0.00489825639237506,0.00628768771955619,0.0079976560793403,0.0100481386274439,0.0124593220734982,0.015246036175499,0.0184034957877112,0.0219031128070253,0.0256886222765677,0.0296753679714317,0.0337516501857518,0.037782708046007,0.041617276077191,0.0450965489773367,0.0480651046141901,0.0503831585845142,0.0519393928527044,0.0526635933484033,0.0525426866553193,0.0516164773025882,0.0500680358510081,0.0480309876785945,0.0459071855548125,0.0448977870753453,0.0416110980750304,0.0432572331673359,0.0421204564178496,0.0555929150535845
"28",0.00259907113119437,0.00220580400325629,0.00284335909970281,0.0036775648954171,0.00479091625632157,0.00618786043107287,0.00789709977037297,0.00994890330374815,0.0123700918246979,0.0151727138773566,0.0183494771919939,0.0218691136411052,0.0256738536960467,0.0296784721058195,0.0337715933474894,0.0378195160085631,0.0416727217439046,0.0451749806998651,0.0481747916713308,0.0505387024475549,0.0521659560256525,0.0530091145397859,0.0530712884428503,0.0525212105497763,0.051461101526518,0.0503180358822367,0.0504983785563198,0.0477919251576771,0.0509423131352741,0.0504468677143142,0.0673572013227588
"29",0.00186183628986136,0.00160132961121128,0.0020861749765021,0.0027372978728511,0.00361880193602404,0.00474530935176838,0.00615016621963479,0.00786970507253582,0.00993900065453101,0.0123830088539476,0.0152120493385585,0.0184168836450901,0.0219650155960652,0.0257980164807583,0.0298305996013974,0.0339519155060511,0.0380294955255643,0.0419160878417225,0.0454595138442731,0.0485154724967999,0.0509630798324455,0.0527290953969303,0.053785532167468,0.0542902036674274,0.0543118862145662,0.0542996494877208,0.0558690488469146,0.0539249534001791,0.0588237108617851,0.059140141778715,0.0797750176306775
"30",0.00135561945146786,0.00118130749636067,0.00155491926720448,0.00206853276962296,0.00277310071818997,0.00368856626096972,0.00484999518918429,0.00629659587115742,0.0080682531446709,0.0101985831337775,0.0127107228110557,0.0156124670392789,0.0188919633212697,0.0225139440278665,0.0264171987273345,0.0305138701388948,0.0346911735133748,0.0388160386988417,0.0427431414182898,0.0463266215956399,0.0494356505638872,0.0519811094161774,0.0539126318105513,0.0553821268255082,0.056428539759523,0.0575191193097712,0.0604582264867443,0.0593189268754326,0.0659428691998414,0.0671029866706101,0.0912451984874792
"31",0.0010687651194485,0.000941169598273549,0.00124899783348862,0.00167956776939487,0.00227610041220564,0.00306076024560704,0.004068847219595,0.0053405077011509,0.00691782190875479,0.00883905374624342,0.0111347512349899,0.0138230546259629,0.0169051677378495,0.0203610451842264,0.0241459604605419,0.0281885811360542,0.0323912383569446,0.0366330401736375,0.0407765152085591,0.0446783419286268,0.048204605040626,0.0512587966632057,0.0537780388408033,0.0559123193729367,0.0576806463680005,0.0595623052630604,0.0634913901231562,0.0629555695871447,0.0708286530125852,0.0726173452349303,0.0992310428919741
