"","X0","X1","X2","X3","X4","X5","X6","X7","X8","X9","X10","X11","X12","X13","X14","X15","X16","X17","X18","X19","X20","X21","X22","X23","X24","X25","X26","X27","X28","X29","X30"
"1",0.163944430623838,0.148471128022053,0.130530678356339,0.119588675841377,0.103019563782436,0.085270871178566,0.0691466740001533,0.0540703828629297,0.0407600145524755,0.0295266794411882,0.0205359554452337,0.0137142397404817,0.00880010560761175,0.00543119508237763,0.00322750649510582,0.00184871175816085,0.00102172768097843,0.000545323058462844,0.000281297086700016,0.000140333226307761,6.77462513993468e-05,3.16624238271216e-05,1.43319889289131e-05,6.28509656857822e-06,2.67101659510455e-06,1.10026737203072e-06,4.39405882161125e-07,1.70174810838606e-07,6.40927163794937e-08,2.45147839027714e-08,1.09243309436664e-08
"2",0.163742567759431,0.148300626567113,0.130405955624834,0.119505239328548,0.102984009264431,0.0852797866972827,0.069189985357153,0.0541375462986911,0.040839885288631,0.0296093295826464,0.0206136506061379,0.0137819520919727,0.00885544962530186,0.00547393326160265,0.00325885054483205,0.00187062790446604,0.00103638136557306,0.000554714862282944,0.000287078436997478,0.000143756994062182,6.9699599533096e-05,3.27373330903029e-05,1.49031047079672e-05,6.57833394549071e-06,2.81662593111824e-06,1.17023959575433e-06,4.7196732657203e-07,1.8485984016484e-07,7.05486671420568e-08,2.7404544066863e-08,1.25208186720432e-08
"3",0.163279573603744,0.147908999153968,0.130118300668784,0.119311247225318,0.102899099287392,0.0852966541207772,0.0692861231624306,0.054289276661694,0.0410219551229808,0.0297990347582012,0.0207930976021391,0.013939304593861,0.00898487125911498,0.00557453605052503,0.00333314757078713,0.00192296287479343,0.00107165031519094,0.000577509443731826,0.000301235636155018,0.000152220566003276,7.45768174502981e-05,3.5449735314962e-05,1.63603984467337e-05,7.33540671246635e-06,3.19721943603451e-06,1.35551367375596e-06,5.59361058376563e-07,2.24838761881785e-07,8.83958591363437e-08,3.55232605827158e-08,1.71124235027989e-08
"4",0.162349394924241,0.147120703828958,0.129536163942208,0.118914524183319,0.102719517331619,0.0853209016758972,0.0694705694660659,0.0545877104190096,0.041384495925175,0.0301802890185084,0.0211567475044255,0.0142607876332221,0.00925149926393717,0.00578360169604512,0.00348896861500619,0.00203379562690515,0.00114711609300943,0.000626820473753578,0.000332218894788604,0.000170971743729466,8.55230050016321e-05,4.1620692525787e-05,1.97235377477026e-05,9.10888178811482e-06,4.10280044520756e-06,1.80358466335386e-06,7.74327021902521e-07,3.24928470108341e-07,1.33929748568325e-07,5.66494261312167e-08,2.94033262518318e-08
"5",0.160726162939163,0.145741703649637,0.128510773204858,0.118206416249591,0.10238567575539,0.0853411104402297,0.0697722495658897,0.055093326796703,0.0420090295132555,0.0308451501142935,0.0217978493203229,0.0148335849088308,0.00973170637601284,0.006164383255685,0.00377614163728316,0.0022406201713804,0.00128981334101295,0.000721372175236623,0.000392509023766229,0.000208029277175823,0.00010751029819763,5.4228765211438e-05,2.6717880211272e-05,1.28658922602216e-05,6.05830832894337e-06,2.79051152746001e-06,1.25761039941867e-06,5.54767472390944e-07,2.40873551412493e-07,1.07436136731413e-07,5.99409741215873e-08
"6",0.158146424112843,0.143543698906558,0.126862977572995,0.11705073451078,0.101815586260314,0.0853300935726562,0.0702117112874651,0.0558660774060742,0.0429840552133759,0.0318990552282433,0.022827727444583,0.0157656413953401,0.0105233293276927,0.00680062119297323,0.00426279963802194,0.00259637054977201,0.0015391418064342,0.000889329323229471,0.000501479484297589,0.000276235972879424,0.000148753635421793,7.83495562606327e-05,4.03751288319097e-05,2.03583964304352e-05,1.00438675002916e-05,4.84744743314669e-06,2.28822737981716e-06,1.05659384772707e-06,4.80268673506738e-07,2.24057743716602e-07,1.32613936734434e-07
"7",0.154361208904337,0.140307505821995,0.124413666518353,0.115302191970111,0.100909686511014,0.0852373458612728,0.0707843708522111,0.0569428248019626,0.0443802148536038,0.0334367882291533,0.0243548237563927,0.017169079855217,0.0117338282059206,0.00778908527803916,0.00503149519803958,0.00316812282132593,0.00194720892994711,0.00116950195033496,0.00068690396840803,0.000394721508754883,0.000221951946763431,0.000122117205123501,6.57275564159701e-05,3.45958609415451e-05,1.78005237477148e-05,8.94944688235146e-06,4.39521946164972e-06,2.10888829328812e-06,9.95867539442936e-07,4.82119510850694e-07,2.99568914130726e-07
"8",0.14916658532701,0.135848833651573,0.121002488266141,0.112818515692856,0.0995550489119014,0.0849856113180387,0.0714508803793141,0.0583232749299469,0.046233896780476,0.0355258401588654,0.0264695872052472,0.019147855402127,0.0134713113867157,0.0092339863635084,0.00617656898508126,0.00403673275569059,0.00257997516033689,0.00161330365502922,0.00098718281710104,0.000591029284881294,0.000346111429485887,0.00019816739976001,0.000110878352003105,6.05961190502981e-05,3.23314077444296e-05,1.68351080432305e-05,8.55315145870584e-06,4.2414726720509e-06,2.07043196036961e-06,1.03524245100853e-06,6.71453516670825e-07
"9",0.142446618110902,0.130055247316865,0.116516227654618,0.109480974826824,0.0976359781100244,0.084471332406386,0.0721286777054639,0.0599543387016922,0.04852676524142,0.0381837174820475,0.0292220642542206,0.0217776732662261,0.0158281373547786,0.01123486165247,0.00779624184962168,0.00529256550518082,0.00351578221251885,0.00228517606980818,0.00145285119674876,0.000903072399591364,0.000548515923793632,0.00032537340281361,0.000188397732978853,0.000106431432538617,5.86405399049434e-05,3.15021162723591e-05,1.64995091447846e-05,8.43067131906494e-06,4.24313767100816e-06,2.18617492035666e-06,1.47604122064777e-06
"10",0.134200149976919,0.12291027623891,0.110909500854823,0.10521212147703,0.0950469171250644,0.0835715266050549,0.0726923661794115,0.061724003231688,0.0511739242863457,0.0413619053876344,0.0326036336131109,0.0250875703599621,0.0188641595523315,0.0138727732543212,0.00998241252156637,0.0070289239412207,0.00484197208600607,0.00326168271514279,0.00214734814999878,0.00138084336226969,0.00086679625771256,0.000530877877037921,0.000317091149547316,0.000184640982268759,0.000104787154248862,5.79504372177654e-05,3.12330969932257e-05,1.64194233555964e-05,8.51081620951102e-06,4.51367178939508e-06,3.16821479375055e-06
"11",0.12455354460147,0.114506285431911,0.104218579097099,0.0999908853184088,0.0917072810767739,0.0821565080973072,0.0729824926817187,0.0634646516349966,0.0540210777212331,0.0449371542499911,0.0365336347258712,0.0290437426105447,0.0225898372217177,0.0171946001000991,0.0128075303682821,0.00933225541658428,0.00664854939455647,0.00462825408059174,0.00314617423169089,0.00208721328749915,0.00135065315236388,0.000852167529550923,0.000524033109352646,0.000313999974232617,0.000183299046659628,0.000104238028544116,5.77596269465857e-05,3.12196982412361e-05,1.6659247421606e-05,9.0903930869832e-06,6.62884523683783e-06
"12",0.113750781430928,0.105038485104418,0.0965620511781761,0.0938599334442915,0.0875748905877254,0.0801071688186539,0.0728234936511626,0.0649685197494718,0.0568549129917985,0.048715290619078,0.0408564028621646,0.0335408058696367,0.0269535756601942,0.0211986714885802,0.016310610704211,0.0122701484927333,0.00901908991454565,0.00647327044411236,0.00453387885372489,0.00309722400738118,0.00206272850363767,0.00133883350560216,0.000846660978187615,0.000521563492179598,0.000312947728253526,0.000182899206940854,0.000104153349753041,5.78665472224166e-05,3.17867289427584e-05,1.78429151782116e-05,1.35111710988904e-05
"13",0.102131879552553,0.0947888415245767,0.0881336749783228,0.0869274846716192,0.0826569700478092,0.0773332770122047,0.0720459317808142,0.0660101852526113,0.0594222984896063,0.0524443964938927,0.045346962292965,0.0383999509682016,0.0318335469112033,0.0258223047892111,0.0204828641862394,0.0158772548169891,0.0120186221853026,0.00887886735097674,0.00639806412565069,0.00449502085384013,0.00307786278869665,0.00205342229080946,0.00133452465258253,0.000844756036853974,0.000520792749901729,0.000312724456148394,0.00018298468207997,0.000104494917572848,5.9095840624101e-05,3.41225818730197e-05,2.68207182517392e-05
"14",0.0900935282036278,0.0840942871803072,0.0791824008725811,0.0793589497663906,0.0770148353282633,0.0737899532394398,0.0705114412005124,0.0663759853970577,0.0614597612824761,0.0558403070396773,0.0497295190994602,0.0433788619149686,0.0370390311616133,0.0309359160554876,0.0252568086725995,0.0201419567130232,0.0156802079020549,0.0119092197318748,0.008820427884897,0.00636799218503473,0.00448010322064567,0.00307073437655087,0.00205016061589378,0.00133313597505812,0.000844283819656422,0.000520819393452065,0.000313120182027429,0.000183796393920439,0.00010703602396653,6.35723427610921e-05,5.18468247039274e-05
"15",0.078047851686146,0.0733123336173078,0.0699883823858556,0.0713631609882426,0.0707624992945057,0.0694885150438917,0.0681337313467292,0.0658922058742632,0.0627249646751086,0.0586171971988442,0.0537033606680583,0.0481901469263682,0.0423200216646418,0.0363439564693129,0.030499985524767,0.0249951477648427,0.0199913578038953,0.0155969454744723,0.0118649316440462,0.00879774075119623,0.00635680207078386,0.00447481122812858,0.00306838271965257,0.00204927159456569,0.00133303641027527,0.000844728323404064,0.000521815662749383,0.000314869503195704,0.000188868935773079,0.000115382685614968,9.75940633446371e-05
"16",0.0663820535198148,0.0627863167440165,0.0608363702392913,0.0631736650449349,0.0640585034401531,0.0644997968669842,0.0648927536662812,0.0644485292630615,0.063026611823933,0.060520229683033,0.0569742054609111,0.0525277098224006,0.0473859318806256,0.0417946707076766,0.0360159779755595,0.0303039920854659,0.0248828352204601,0.0199295344634791,0.0155642127110864,0.0118482583039887,0.00878959450635245,0.00635304141224771,0.00447328020853995,0.00306804898049944,0.00204973487515709,0.00133425149886876,0.000846900969805675,0.000525398684603037,0.000324691129949345,0.000204019956664976,0.000178878854137338
"17",0.0554259840295566,0.052816356089363,0.0519911665681993,0.0550283675512212,0.0570923726308956,0.0589492526527867,0.0608393646145367,0.0620124341279858,0.0622474272245525,0.061354658162667,0.0592859564374386,0.0560972599486303,0.0519312594685346,0.0469982550645631,0.0415537715122552,0.0358726710674395,0.0302222400203319,0.024838045033699,0.0199059518139622,0.0155523058108561,0.0118425604521468,0.00878713931355302,0.0063523367975518,0.00447369696825723,0.00306948606941421,0.00205241905172707,0.00133869941061088,0.000853977740168838,0.000543872937911544,0.000351469783153112,0.000319241646013822
"18",0.0454306806423931,0.043638927424676,0.0436779053314554,0.0471501348881306,0.0500677162183617,0.0530048548644766,0.0560901548204554,0.058632706030636,0.0603569903205334,0.0610071939389309,0.0604483509407713,0.0586468740119656,0.05566518851454,0.0516518723059866,0.0468254734379195,0.041451462802078,0.0358145844912444,0.0301905897352132,0.0248215174500236,0.0198977578929909,0.0155486008338239,0.01184131829757,0.00878743673575796,0.00635395460892756,0.00447692221112325,0.00307496147003975,0.00206116513448297,0.00135224273054872,0.000887753051853792,0.000589954565296508,0.00055475429777607
"19",0.0365591589686386,0.0354165467592921,0.0360691208918799,0.0397307831986322,0.0431845476599444,0.0468600220342449,0.0508138012009221,0.0544320875557806,0.0574128917771106,0.0594566402204864,0.0603564621939465,0.0599931793056128,0.058341069620043,0.0554685002304522,0.0515308294235083,0.0467541481646345,0.0414111852285578,0.0357928054970457,0.030179397615244,0.0248162262370116,0.0198957845075721,0.0155486901648091,0.0118430851129939,0.00879115693804632,0.00636049336534111,0.00448759536437664,0.00309160174455183,0.0020863203347616,0.00141226916627633,0.000964948920849772,0.000938650597415746
"20",0.0288881261206012,0.0282368593177192,0.0292789728996292,0.0329199163088035,0.0366232413068721,0.0407145163137068,0.0452117715213479,0.0495911234377916,0.0535509443519529,0.0567729076070286,0.0589996000106367,0.0600395443655027,0.0597816704416256,0.0582057840540984,0.0553856711483698,0.0514822841401777,0.0467269298066831,0.0413966719333443,0.0357856380275904,0.0301764876862906,0.0248159913156714,0.0198976568144129,0.015552885280822,0.0118505806415426,0.0088037440388772,0.00638058741746631,0.00451830404305234,0.00313697228862685,0.00219002566638795,0.00153813342760932,0.00154645826574146
"21",0.022418322733589,0.0221195217402351,0.0233641636205356,0.0268193516366056,0.0305320982598059,0.0347562425691796,0.0394967460404079,0.0443263542133651,0.0489667235531117,0.0531052687832824,0.0564587770442673,0.0587838271402202,0.0598965565965009,0.0596907474587752,0.0581504270015698,0.0553534459827783,0.0514644341725366,0.0467177197565764,0.041392640557269,0.0357849316872398,0.0301783772860767,0.0248206243058417,0.0199060486038513,0.0155671064361067,0.0118739333257703,0.00884041009081827,0.00643560043668716,0.00459777884654853,0.0033111373790081,0.00238971538265621,0.00248096735876643
"22",0.017090088653012,0.0170281906087474,0.0183300217674488,0.0214828279120097,0.0250196255751315,0.0291463717083964,0.0338721363410616,0.0388666633305795,0.0438919979057788,0.0486624843464002,0.0528938957632244,0.0563150825987837,0.0586893313905572,0.0598368516531208,0.0596546410226012,0.0581296310842761,0.055342232293392,0.0514591710971605,0.046716380916933,0.0413943930888441,0.0357898870686386,0.0301875760010307,0.0248362788982046,0.0199319870180656,0.015609068415819,0.0119388560251785,0.00893610356018806,0.0065708086893869,0.00488209676672401,0.00361934727616285,0.00387597122312451
"23",0.0128010941995599,0.0128850749302237,0.0141400208784748,0.0169201362525787,0.020151810723896,0.0240092999020887,0.0285153281616375,0.0334312287948879,0.0385698303776587,0.0436882804774804,0.0485231826528429,0.0528002749737789,0.0562540359614674,0.0586510477485038,0.0598139257496281,0.0596417244025599,0.0581231611061153,0.055340135615607,0.0514605789471799,0.0467214277171975,0.041404183080496,0.0358067369828047,0.0302155770150904,0.0248820699018648,0.0200051394630258,0.0157206637151467,0.0121004922692862,0.00915950291897268,0.00702194673968815,0.00534474809189945,0.00589734024834088
"24",0.00942364009487447,0.00958577577489835,0.0107269254542739,0.0131043814080062,0.0159538986382428,0.0194279612712013,0.0235662649067273,0.0282117442813347,0.0332318014032631,0.038435943084912,0.0435983295442726,0.0484635029608936,0.0527617422877703,0.0562301173671088,0.0586369932453976,0.0598064549606904,0.0596388486270439,0.0581240371141572,0.0553449603077616,0.0514705817695971,0.0467390682936346,0.0414337183576637,0.0358552121564471,0.0302940226313364,0.0250058836084216,0.0201913845326975,0.0159857724654138,0.0124589400912069,0.009855232712429,0.00769713159602903,0.00873972905227549
"25",0.00681971728472884,0.0070127209679533,0.0080040016861687,0.00998095549822601,0.0124156469778112,0.0154441250487873,0.0191218897976826,0.0233604684776361,0.0280799355953861,0.0331453965784134,0.0383790392336369,0.0435611519960646,0.0484398252829097,0.052747334675528,0.0562220806387369,0.0586335271991303,0.0598067897165186,0.0596432462625299,0.0581338616709962,0.0553628766615529,0.0515010358119853,0.0467892904662081,0.0415152969015566,0.0359858128340907,0.0304975667048066,0.025307674893091,0.020613508143777,0.0165441061349034,0.0135014633566013,0.0108126148530772,0.0126170386494872
"26",0.00485284949478418,0.00504617515858698,0.00587514418642158,0.00747693734708666,0.00949880970036115,0.0120627167239889,0.015236071918271,0.0189845998809863,0.0232748868517755,0.0280253859868862,0.0331104352356085,0.0383568249757215,0.0435475472156794,0.0484322188081534,0.0527441454377217,0.0562226376142483,0.0586381286983947,0.0598168658132117,0.0596616235511175,0.0581652109876517,0.0554145653587511,0.0515847262566693,0.04692328623394,0.0417268630178788,0.0363107799788335,0.0309719746576395,0.0259594065728186,0.0214566370191661,0.0180604634358725,0.0148182878898556,0.0177437939919008
"27",0.00339653190519351,0.00357250258301523,0.00424333376427435,0.00551005663059354,0.00714581597913739,0.00925917188453953,0.0119243738921532,0.0151470386674198,0.018931480276578,0.0232431234846362,0.0280069970420929,0.0331008109826159,0.0383533709884555,0.0435488338968838,0.0484376575413666,0.0527539977276823,0.0562382229250468,0.0586621742473249,0.0598540083057581,0.0597191799374715,0.058254534717195,0.0555534480405983,0.0518007385743281,0.0472567311556153,0.0422292213290789,0.0370310919934657,0.03194277704757,0.0271872085076477,0.0235891647097973,0.0198076872724257,0.0242987139900216
"28",0.00234003688645838,0.00249030966791325,0.00301784916302666,0.00399751021821474,0.00528989463308985,0.00699026572102033,0.00917465444505406,0.011875526506098,0.0151250949931508,0.0189268403067843,0.02325075259171,0.0280242210894177,0.0331263382090069,0.03838667337461,0.0435899500695499,0.0484873140556357,0.0528139733341922,0.0563119253810728,0.0587554623691201,0.05997642972401,0.059886058255874,0.0584904881885047,0.0558970253375686,0.0523080278299695,0.0479978978548142,0.0432675202649476,0.0384009113306526,0.0336350774503633,0.0300475406566255,0.0257825485495912,0.032335881541936
"29",0.00159443863708126,0.00171731506276466,0.0021233459387298,0.0028684471008718,0.00387147779197593,0.00521477300852697,0.00697206425163318,0.00919172790678575,0.0119243530264471,0.0152015075585551,0.0190295544276532,0.0233796495713459,0.0281794076049683,0.0333074658819964,0.038592640253043,0.0438189899675568,0.0487374875838076,0.0530840893863748,0.056602973814054,0.0590727922571469,0.0603332124352753,0.0603086783170641,0.0590251560496833,0.0566143249590621,0.0532969606857844,0.0493356713459775,0.0449879327060159,0.0404741603108694,0.0371330531291715,0.0324799748152901,0.0415263742144703
"30",0.00110446552453342,0.00120375551137233,0.00151754079098059,0.0020887385997627,0.00287199871575182,0.00393844234208412,0.00535737063427035,0.00718482554301259,0.00948158989745004,0.0122973297115049,0.0156641850688393,0.0195868279204523,0.0240328425327707,0.0289246006029418,0.0341343397746693,0.0394840832619761,0.0447517096000798,0.0496838274355298,0.0540152308411742,0.0574937786613562,0.0599087697496558,0.0611200204745609,0.0610826546184654,0.0598600428096757,0.0576131425391827,0.0545522660126797,0.0508883127621086,0.0468019047324993,0.0438666163569539,0.0389502298037252,0.0505385571699636
"31",0.000835918535599159,0.000919944290394885,0.00117794785386463,0.00164540227041981,0.00229539571656549,0.00319156984094321,0.00439930876165302,0.00597734916536131,0.00799087601897729,0.0104989053971508,0.0135481126579386,0.0171632815652922,0.0213372757898759,0.0260215851704047,0.0311190761251057,0.036480691929345,0.0419077243404758,0.0471608249353302,0.0519762074555448,0.056088634549936,0.0592599497814978,0.061310753758572,0.0621498999342414,0.0617929701783158,0.0603555634340185,0.0580044710117873,0.054908240251715,0.0512082912709894,0.0486381871821849,0.0435833489228587,0.0570522919036238
