"","X0","X1","X2","X3","X4","X5","X6","X7","X8","X9","X10","X11","X12","X13","X14","X15","X16","X17","X18","X19","X20","X21","X22","X23","X24","X25","X26","X27","X28","X29","X30"
"1",0.10763060601056,0.0768311536942101,0.090050941128431,0.0842201945692442,0.0844323388697366,0.0826092258882588,0.078649359036822,0.0725041359603116,0.0647391428257919,0.0560663175065391,0.0471691397592701,0.0386081109332961,0.030782540575994,0.0239312367599666,0.0181545867747454,0.0134464179840097,0.00972736917532422,0.00687499171815787,0.00474813378420105,0.00320489627756509,0.00211447269941016,0.00136377241674153,0.000859986201623455,0.000530298551234529,0.000319836074365793,0.00018875223319049,0.00010913340368417,6.19956177971076e-05,3.48855890840755e-05,1.96694733717414e-05,1.63585070468795e-05
"2",0.107531137557572,0.0767645651556859,0.0899781605180425,0.0841613463241089,0.0843833522233828,0.0825728894463318,0.0786276073587345,0.0724979233987531,0.0647479673737393,0.0560883235675244,0.0472014794761,0.038647417334351,0.0308253970984983,0.023974561222355,0.0181958882957013,0.0134839188762232,0.00976000887619179,0.0069023440059738,0.00477027308602302,0.00322224592295845,0.00212766052591197,0.00137350995192693,0.000866978884208426,0.000535187566049777,0.000323167614009249,0.000190967854364419,0.000110575556451247,6.29187014846332e-05,3.54729671132105e-05,2.00432626055243e-05,1.67099976079323e-05
"3",0.107301870462229,0.0766109351885665,0.0898100679644195,0.0840251168836387,0.0842695941770699,0.0824880565411621,0.0785762257805284,0.0724822940544559,0.0647670536914557,0.0561379692719432,0.0472752221824912,0.0387375641075589,0.0309240987083703,0.0240746971330867,0.0182916657097372,0.0135711651319021,0.00983619367707597,0.0069664008816672,0.004822300731957,0.00326316422635449,0.00215887982615936,0.00139665159091817,0.00088366525039613,0.000546904027294983,0.000331187555167079,0.000196326849891061,0.000114081560262165,6.51752842659508e-05,3.69177040380454e-05,2.0968390144884e-05,1.75854557755863e-05
"4",0.106838246902236,0.0762998652327928,0.0894692387202629,0.0837480460823294,0.0840372632407339,0.0823135836214171,0.0784689414866513,0.0724471216402025,0.0648022212103896,0.0562353990468029,0.0474221242571745,0.0389185702880042,0.0311234125005645,0.0242778820754819,0.0184868741357594,0.0137497594842112,0.00999282660976594,0.00709868743411679,0.00493024048983876,0.0033484621013778,0.00222428363975867,0.00144538503906367,0.000918995668852305,0.000571852656839897,0.000348366895688196,0.000207878595600569,0.000121690145350615,7.01084470811358e-05,4.01016836623959e-05,2.30239406642563e-05,1.95467273082687e-05
"5",0.106022321063354,0.0757515005300658,0.0888673221101547,0.0832567816878339,0.0836231112549366,0.0819997753006562,0.0782722959155905,0.072376916840179,0.0648560814335174,0.0563998650125008,0.0476753387252598,0.039233938195844,0.0314733302298985,0.024636878144168,0.0188338081362797,0.0140689819592125,0.0102743996126308,0.00733788421890323,0.0051265901066446,0.00350459391103238,0.00234477870191977,0.00153577591041055,0.000984989664500548,0.000618798583932209,0.000380943568029986,0.000229962643850662,0.000136363140940222,7.97123544230771e-05,4.63650198648383e-05,2.71098955276937e-05,2.34861279201854e-05
"6",0.104712303724097,0.0748692812760217,0.0878968159289402,0.0824608804587892,0.0829478098274274,0.0814826311422834,0.0779410667162997,0.0722476801733506,0.0649264693044113,0.0566497586758961,0.0480709492500342,0.0397334928890533,0.032032946971981,0.0252155863067138,0.0193971417731028,0.0145909654339709,0.0107380541578748,0.00773457494103715,0.00545461586461583,0.00376741553584572,0.00254921445715427,0.00169039660329858,0.00109884419976469,0.000700514406734609,0.000438177795364972,0.000269144183931189,0.000162670359539019,9.71279331725077e-05,5.78649672471237e-05,3.47054242505813e-05,3.08993177777825e-05
"7",0.102766717611453,0.0735558725291726,0.0864481809621779,0.0812661030188427,0.0819263674706307,0.0806907111738185,0.0774211824001225,0.0720257709200712,0.065001577819419,0.0569946797600597,0.0486378809882789,0.0404621374458873,0.0328590198915655,0.0260782170113441,0.0202443035904007,0.0153826300423047,0.011447207653103,0.00834651539072311,0.00596508588211616,0.004180130156597,0.00287326406893147,0.00193787679025107,0.00128292325243329,0.0008340256511052,0.000532719551436988,0.000334614490035165,0.000207171876308428,0.000126982085969749,7.78655555401863e-05,4.81049476778552e-05,4.41600122033428e-05
"8",0.10005898753139,0.07172281088522,0.0844202261144199,0.0795825073553685,0.0804744743209006,0.0795492861668852,0.0766513911894451,0.0716669939430712,0.0650566214824051,0.0574300742422872,0.0493910845735866,0.0414522394079304,0.0339982084406753,0.0272819537760762,0.021438998873209,0.0165103398042265,0.0124674612007639,0.00923577116983262,0.00671451260161558,0.00479244516972751,0.00335927752792431,0.00231323739394265,0.00156538212707885,0.00104137233081151,0.000681396020513108,0.000438932621600044,0.00027907770486826,0.00017595271354964,0.000111212395452168,7.08030837046992e-05,6.6967831498328e-05
"9",0.0964995297756041,0.0693053469177758,0.0817363780458281,0.0773376627034299,0.0785195105129893,0.077988440006965,0.0755679295527356,0.0711175273797737,0.06505106662067,0.0579311596271432,0.0503228298244679,0.0427131423048811,0.0354757114118764,0.0288655731365762,0.0230305344509416,0.0180304654490414,0.0138587246409327,0.0104625294900779,0.00776060756929426,0.0056575021690144,0.00405444333496263,0.00285700962291659,0.00197997504387623,0.00134986748379059,0.000905729032371881,0.00059865983003347,0.000390907130105294,0.000253397859509517,0.000164906202319384,0.000107987045835243,0.000104945824240583
"10",0.0920515907519111,0.0662733393293918,0.0783569170025658,0.0744871046873109,0.0760098300261086,0.0759506141700729,0.0741098096259943,0.070316535905727,0.0649283772849043,0.0584498712789442,0.0513971702993435,0.0442236687760186,0.0372864599490204,0.0308400276311255,0.0250444605559938,0.0199806562720749,0.0156675462451492,0.0120787502997518,0.00915735606408335,0.00682833754221462,0.00500849235406874,0.00361397381112628,0.0025655933090204,0.00179220376226561,0.00123240676443229,0.000835033589449641,0.000559250477593147,0.000372127928951839,0.000248841610106874,0.000167193610602515,0.000166459084655598
"11",0.0867416615399113,0.0626387460703826,0.0742877704810859,0.071022509634478,0.0729227337048046,0.0733979414552195,0.0722250121161028,0.0692007051740799,0.064618472403515,0.0589149928971695,0.0525477086579848,0.0459277024404486,0.0393888941799945,0.0331809411301352,0.0274743854849419,0.022371576773676,0.0179193080563499,0.014121240005093,0.0109492433872413,0.00835338526990033,0.00627046651400717,0.00463107891173652,0.00336515296941466,0.00240609645597048,0.00169347083965145,0.00117451166942849,0.000805525068990083,0.000549262967665876,0.000376691226313303,0.000259134244676181,0.000263678269610046
"12",0.0806596517445759,0.0584564327597788,0.069582220139998,0.06697454205876,0.0692685012860492,0.0703173214101548,0.0698762605402485,0.0677101971377499,0.0640432433062059,0.059236613719831,0.0536804703064706,0.0477351393265585,0.0417038887897232,0.0358256471714768,0.0302774734620451,0.0251813538138115,0.0206121743129849,0.0166056353491077,0.0131657251176713,0.0102717589982667,0.00788499652287059,0.00595476561362024,0.0044239040064027,0.00323344535765935,0.00232615969414946,0.00164911940246833,0.00115667165196713,0.000807143916445542,0.00056692767343679,0.000398698318247821,0.000413917091242359
"13",0.0739532680929916,0.053821159589681,0.064338517054713,0.0624125675679386,0.0650920612220552,0.0667241172824702,0.067046543870413,0.0657955344215957,0.0631241071475675,0.0593135298646063,0.0546803333128448,0.0495266573725516,0.0441174037614762,0.0386735475693086,0.0333726251580218,0.0283519362926036,0.0237121535748323,0.0195207651600251,0.0158154704732552,0.0126078722192593,0.00988766183810821,0.0076272799392678,0.00578677058687505,0.00431866105497779,0.00317210278023296,0.00229635269891931,0.00164560532977547,0.00117417055764518,0.000843906917701718,0.000606095084648729,0.000641222203615389
"14",0.066812661617911,0.0488579883466418,0.058690245047264,0.0574384187674316,0.0604696708432444,0.0626621732739013,0.0637425576750555,0.0634241922322662,0.0617910786301789,0.0590438145315243,0.0554219570336295,0.0511638791994891,0.0464889331926094,0.0415921929231554,0.036643888097539,0.0317898834929971,0.0271516075761831,0.0228254260194905,0.0188820491590837,0.0153666779656752,0.0123003416837696,0.00968255963433351,0.00749504230545059,0.00570628372430534,0.00427586910212749,0.00315857294193096,0.00231133316549323,0.00168548272764929,0.00123894831912026,0.00090809157092561,0.000978179199600775
"15",0.0594523249175753,0.0437106509176204,0.0527942357049619,0.0521778096993388,0.0555032660341634,0.0582016978447136,0.0599964201641302,0.0605860958450709,0.0599915592651922,0.0583360200188935,0.0557822546200549,0.0525018767656049,0.0486628809505335,0.044426593633339,0.0399470940134234,0.0353700889195958,0.0308301749397981,0.0264469081862177,0.0223206551182798,0.018529272192216,0.015126366308137,0.0121415100959114,0.00958221185085427,0.00743766326854061,0.00568262281655073,0.00428164824189779,0.0031985123620713,0.0023832911201814,0.00179125561236802,0.00133922877118925,0.00146780980155212
"16",0.0520911693850922,0.0385284145469322,0.0468165097786279,0.0467695773718077,0.0503123773721877,0.0534345978405647,0.0558649418463886,0.0572970434019093,0.0576976945539867,0.0571198144844646,0.0556533010491937,0.0534031269991099,0.0504822902051581,0.0470115629478065,0.0431199042597918,0.0389429558175019,0.0346188772003901,0.0302821835971726,0.0260568118731319,0.0220497392762361,0.0183462064864912,0.0150072246205941,0.012069319384254,0.0095468817566486,0.00743492079011954,0.00571277178700179,0.00435631674948282,0.00331669767747321,0.00254851604916085,0.00194287005588921,0.00216538083540744
"17",0.0449342555318591,0.0334537313249052,0.0409186912196751,0.0413546198614748,0.045025018031286,0.0484680818462813,0.0514266009240657,0.0535995164159137,0.0549111264253401,0.0553543755020258,0.0549536799755391,0.0537508179653053,0.0518029340182159,0.0491853847312829,0.045993963569614,0.0423441871380634,0.0383670206858839,0.0342017532821829,0.0299873370012435,0.0258536790096018,0.0219141897554942,0.0182605952015642,0.0149601464700222,0.0120561284715227,0.00956872863671617,0.00749741880915395,0.00583648634147788,0.00454082547263541,0.00356697073829171,0.00277187872356152,0.00313985691977767
"18",0.0381581156403235,0.0286119924590456,0.035246353879628,0.0360657276997232,0.0397685268823062,0.0434172068012957,0.0467765039018263,0.0495607027475248,0.0516644983431147,0.0530334744166294,0.0536368787771966,0.0534599319256802,0.0525061745806943,0.0508033570760933,0.0484079928869927,0.0454063909591831,0.0419115002238546,0.038056143515665,0.0339838698550297,0.0298389347296646,0.0257568680465664,0.0218569401532761,0.0182368052031083,0.0149709391220284,0.0121089092055899,0.00967554086662136,0.0076905222101509,0.0061151149750072,0.00491074183611243,0.00388868580482084,0.00447465527522302
"19",0.0319010270868328,0.0241043685087553,0.0299204504275114,0.0310193637913507,0.0346613602855797,0.0383972132325947,0.0420199313105789,0.0452679920342465,0.0480195655101516,0.0501866728257704,0.0516957526512865,0.052484810913579,0.0525091114211345,0.0517497025662497,0.050220440083713,0.0479713828165076,0.0450877405568177,0.0416846783846748,0.0378989637354648,0.0338788320207054,0.0297735577820928,0.0257242724140957,0.021856346227241,0.018275839468799,0.0150645844921549,0.0122772324619994,0.00996609251846777,0.00810070302384608,0.00665021634751445,0.00536449031801515,0.00626730478224493
"20",0.0262584300775568,0.0200039693118247,0.0250321977615995,0.0263098988925528,0.029806468391465,0.0335163640041802,0.0372651800852437,0.0408225465103925,0.0440622950700662,0.0468767063196356,0.0491627698775618,0.0508225536785159,0.0517710612905469,0.0519466890035825,0.0513204732742473,0.0499020587728313,0.0477413695545816,0.0449259358360026,0.0415745037861584,0.0378280305637684,0.0338394366879267,0.0297637828494395,0.0257490447826548,0.0219310359649002,0.0184249135075992,0.0153182554001915,0.0127028475686788,0.0105568963313078,0.00885933812309477,0.00727734950728384,0.00862759721458574
"21",0.0212831422714073,0.0163552037997768,0.0206414216543455,0.0220065415922714,0.0252867183699276,0.0288699513261534,0.0326165068754692,0.0363317913329274,0.0398957159205008,0.0431936025455611,0.046106265541278,0.0485120874646781,0.0502958234039269,0.0513600804477886,0.0516362122520271,0.0510926545601279,0.0497395117797734,0.0476289852325343,0.0448518551768486,0.0415307446742662,0.0378112927694272,0.0338529145582948,0.0298189284263211,0.0258707964068191,0.022155902984251,0.0187959242440584,0.0159279718240197,0.0135368680279044,0.0116117476173995,0.00970897328205056,0.0116738636378408
"22",0.0169892794689316,0.0131757108956397,0.0167777977628165,0.0181527338030715,0.0211624390640731,0.0245358683596599,0.0281678637741345,0.0319017377252033,0.0356315357242636,0.03924650990125,0.0426234895768693,0.0456293843043512,0.048129805023296,0.0500005829377013,0.0511395020357882,0.0514764417389378,0.0509806449546559,0.049664396246906,0.04758291811317,0.044830796172645,0.0415357234792863,0.0378511513148482,0.0339469357011586,0.0300040818886989,0.0261988738842525,0.0226859307773271,0.0196519173804428,0.0170828374242448,0.0149758351088609,0.0127401437292895,0.0155271317282018
"23",0.0133586912958851,0.0104601381717888,0.0134442935307493,0.0147676280528779,0.0174709901293974,0.020571976036397,0.0239979885934901,0.0276299930824119,0.0313815829458423,0.0351543695292074,0.0388315054552017,0.0422796525820776,0.0453564911248756,0.0479213499893418,0.0498468668140305,0.0510301298935665,0.0514020323898733,0.0509339250840168,0.0496410466844838,0.0475826477186247,0.044859223800164,0.0416082943577807,0.0379968026293508,0.0342177863047444,0.030471101294553,0.0269406745356834,0.0238648300571589,0.0212211130465355,0.0190089218894891,0.0164448313365488,0.0203031216438281
"24",0.0103486760221747,0.00818498033742486,0.0106220054044256,0.0118491061396412,0.0142280582070246,0.0170152688699182,0.0201671881046151,0.0236001296513145,0.0272500303719853,0.031036576610024,0.0348571425667465,0.0385876124167271,0.0420881250675542,0.0452120551546054,0.0478167240935309,0.0497746224323573,0.0509840068239054,0.0513778962249474,0.0509307418398313,0.0496623764638019,0.0476393110837028,0.0449746601953154,0.0418234361623661,0.0383826529488009,0.0348689425883901,0.0314895632173786,0.0285341757505417,0.0259574608864804,0.023750929160868,0.0208832519638794,0.0261022932396974
"25",0.00789990501031181,0.00631376675965245,0.00827562938797528,0.00937776184228375,0.0114302718455396,0.0138826643683556,0.0167159252130188,0.0198778411164384,0.0233271426755746,0.027004637183439,0.0308271788343478,0.03468707366369,0.0384557155548339,0.0419904021829024,0.0451433718565503,0.0477722167375385,0.0497507713234116,0.0509795802128928,0.0513951667725739,0.050977529746711,0.0497556741273944,0.0478123648301891,0.0452832080985667,0.0423616056193388,0.0392734758188424,0.036241525867386,0.0336039434370455,0.0312732184910873,0.0292179301871846,0.0260941913156907,0.032998309919209
"26",0.00594376667723098,0.00480204934906738,0.00635894965454319,0.00732133385413699,0.00905871623493509,0.0111731537939353,0.0136651694610501,0.0165091262358911,0.0196851020129371,0.0231556892267287,0.0268598943307591,0.0307111436565635,0.0345987624366925,0.0383923902701913,0.0419488523527214,0.0451210243383038,0.0477680955681532,0.0497665361871133,0.0510210903821891,0.0514752010247205,0.0511205420893906,0.0500068762229723,0.0482454447989486,0.046019928834292,0.043558257002388,0.0410894889636496,0.0389952489423565,0.0371219820769333,0.035395362423394,0.0320863289500741,0.0410244926477136
"27",0.00440875874145557,0.00360192586644056,0.00482004553496411,0.00563934315017582,0.00708317503844468,0.00887127898747385,0.0110186918159838,0.0135209819065097,0.0163767728127606,0.0195691825384546,0.0230597418120357,0.0267852334157431,0.0306572146549914,0.0345640694762851,0.0383754953549895,0.0419493158877862,0.0451403585463038,0.0478109904385757,0.0498428669578009,0.0511494333553783,0.0516888799123877,0.0514789617973131,0.0506047790151059,0.0492364980541855,0.0475978908717999,0.0459149333415105,0.0446057728508776,0.0434235890901531,0.0422269739986872,0.038824431847102,0.050152412928301
"28",0.00322647981801475,0.00266655118713673,0.00360683717506617,0.00428870115360134,0.00546813906704897,0.00695336439587051,0.0087692628836217,0.0109272512598137,0.0134408983943848,0.0163112027529295,0.0195207201331397,0.0230295961082415,0.0267735088193037,0.0306636237278597,0.0345887461209406,0.038419855420589,0.0420170825087915,0.0452390505424239,0.0479544591091321,0.050055718065694,0.0514745061003825,0.0522010389092064,0.0522958778990546,0.0519146647822539,0.0512726911390592,0.0505841049402646,0.0502954997674875,0.0500388536979546,0.0495795026675701,0.0461893594485021,0.0602328520046375
"29",0.00234055426144469,0.00195736781314045,0.00267664568707967,0.00323464060863368,0.00418613713955898,0.00540360421945004,0.00691777590938383,0.00875095974237761,0.0109277639312769,0.0134635296200568,0.0163588670532792,0.0195952741398418,0.0231319667603313,0.0269041652050682,0.030823199085099,0.0347788292627229,0.0386441212777611,0.0422831106152775,0.0455615033029633,0.0483605668166121,0.0505943752261607,0.0522327179640323,0.053316199294529,0.0539876437160625,0.0544518823511774,0.0549046158268994,0.0558124402140451,0.0566641855885075,0.0571097967538994,0.0538349515471783,0.0707906090661262
"30",0.00172557171403935,0.00145985194973938,0.00201754477673154,0.00247611239312182,0.00324994064830034,0.00425456974161747,0.00552351008158657,0.00708562955965139,0.00897268596924649,0.0112101688288878,0.0138123387649706,0.0167777540471927,0.0200854557895978,0.0236921143939435,0.0275305875465208,0.0315104196150535,0.0355208144120144,0.0394365834377455,0.0431276436192684,0.0464725683750751,0.049376679170879,0.0517975526208874,0.0537624023630382,0.0554050030531796,0.0569204847860625,0.0584841816049561,0.0605747002640396,0.0625381789093128,0.0639059501110023,0.0608079007987519,0.0804851006535633
"31",0.00137420998303693,0.00117335968126958,0.00163519949916772,0.00203110323039943,0.00269487304177658,0.00356591765803133,0.00467867549736547,0.00606520328383341,0.0077609780687065,0.00979722392409712,0.0121963534180479,0.0149675512447652,0.0181026748971069,0.0215727872619685,0.0253258022736063,0.029285835688501,0.0333549042067257,0.0374176383027537,0.0413498049574136,0.0450313927763031,0.0483649912403264,0.0513027653652309,0.0538650710700399,0.0561809014360704,0.0584389068646935,0.0607990212627754,0.0637455264795376,0.0665206557766811,0.0685678147419432,0.065623513787746,0.0872093430800572
