"","X0","X1","X2","X3","X4","X5","X6","X7","X8","X9","X10","X11","X12","X13","X14","X15","X16","X17","X18","X19","X20","X21","X22","X23","X24","X25","X26","X27","X28","X29","X30"
"1",0.475665182529299,0.249363534374973,0.134655753227532,0.0805667321175751,0.0369254681625197,0.0146852661070461,0.00546964778652956,0.00187721738094654,0.000575922139811959,0.000160386967266632,4.17046719081949e-05,1.01748846885645e-05,2.35279509580383e-06,5.19276049199803e-07,1.09984226752468e-07,2.23094640108069e-08,4.32448316073336e-09,7.9611898955192e-10,1.38205614464417e-10,2.23970855521155e-11,3.34547059737677e-12,4.54578457266676e-13,5.55283501582233e-14,6.03433533482234e-15,5.77289911300776e-16,4.80444291438015e-17,3.42922791890979e-18,2.0632772704127e-19,1.02468755872129e-20,4.09277404614394e-22,1.30176058437339e-23
"2",0.473707286361734,0.248852914178823,0.134965390308002,0.0811211414240919,0.0375020804320758,0.0151325048041452,0.00575525938924853,0.00203586957143476,0.000654608308813602,0.000195646314686815,5.60887688837559e-05,1.55472176343108e-05,4.19586351246652e-06,1.10103698330909e-06,2.79012190204504e-07,6.74921914053111e-08,1.54226130750379e-08,3.29647397312312e-09,6.53678848593835e-10,1.19360333837359e-10,1.99290813604423e-11,3.02241183877996e-12,4.13633471068741e-13,5.07291550263472e-14,5.53124760622156e-15,5.31105344734772e-16,4.43933520799128e-17,3.18517711806862e-18,1.92840613919242e-19,9.64795228009798e-21,4.01169206848213e-22
"3",0.469421504515424,0.247666328663178,0.135555612085699,0.0822894661349496,0.0387716303976978,0.0161523154070586,0.0064300789778906,0.00242525171231568,0.000855809048711541,0.00028990917153228,9.6453505218372e-05,3.143708648448e-05,9.96613189948143e-06,3.03763754135695e-06,8.80078253620986e-07,2.39950820033514e-07,6.11113095865522e-08,1.44518139414649e-08,3.1577585691244e-09,6.34621796596266e-10,1.1678566365089e-10,1.95886231142528e-11,2.97987138088006e-12,4.08811751400104e-13,5.02474011891199e-14,5.48959564542985e-15,5.2803630819651e-16,4.42037730128317e-17,3.17555164175267e-18,1.92448752972929e-19,1.00364221572826e-20
"4",0.4613070464399,0.245259244458485,0.136460745742125,0.0843786977101864,0.0411763830029216,0.0181723145259492,0.00782814836340758,0.00327121843254269,0.00131551190129043,0.000517121642217752,0.000199436797316029,7.44818876299288e-05,2.66132152950755e-05,9.00524399532166e-06,2.86426578638328e-06,8.51679456283974e-07,2.35797179094671e-07,6.05755551206951e-08,1.43925704341749e-08,3.15223123932417e-09,6.34175933541071e-10,1.16750904367642e-10,1.95855675304427e-11,2.97957211811488e-12,4.08783391033785e-13,5.02450326934621e-14,5.48942784662263e-15,5.2802644938296e-16,4.42033046774552e-17,3.17553504874794e-18,2.02483536187114e-19
"5",0.448140520857252,0.241046924159379,0.137504476066028,0.0874914532484989,0.0450366351416067,0.0215989163162351,0.0103334668760655,0.00487687546593836,0.00224206100275673,0.00100466438290886,0.000435237794317873,0.000179859111339992,7.02592313244414e-05,2.57879364619331e-05,8.85917487282217e-06,2.84074055834138e-06,8.48287753803092e-07,2.3536448661462e-07,6.05281924500935e-08,1.43882058512651e-08,3.15188520090264e-09,6.34149525402072e-10,1.16748622567345e-10,1.95853466827131e-11,2.97955148458448e-12,4.08781704584129e-13,5.02449168777655e-14,5.48942132552803e-15,5.28026168617765e-16,4.42033313307037e-17,3.37796929019411e-18
"6",0.428870021698198,0.234397228382172,0.138327002907799,0.0915301467112412,0.0505302718529209,0.0267930860409154,0.0143724267361729,0.00763690804569603,0.00394419697738584,0.00196361768018606,0.000932463284562164,0.000418274339725683,0.000176272454468894,6.95731250314263e-05,2.56691357885847e-05,8.84041727724956e-06,2.83808648186099e-06,8.47955730363033e-07,2.35329271170386e-07,6.05251648936238e-08,1.43880041280687e-08,3.15187514838256e-09,6.34149145096649e-10,1.16748609356903e-10,1.95853460078926e-11,2.97955143612185e-12,4.08781701373838e-13,5.02449167059223e-14,5.48942170853734e-15,5.28027346100383e-16,4.75797318552657e-17
"7",0.403076782052258,0.22480281069872,0.138372101089084,0.0960795404527707,0.0575125106088839,0.0338886089556826,0.0202766915769315,0.0119626392791794,0.00680994678257135,0.00370009725605568,0.00190127142971271,0.000918045494100588,0.000415277058402446,0.000175708330929339,6.94767412660135e-05,2.56540131246901e-05,8.83827346837442e-06,2.83781507980873e-06,8.47926331066845e-07,2.35326663013806e-07,6.05249831579919e-08,1.43879945417835e-08,3.15187477332082e-09,6.34149133770959e-10,1.16748608967718e-10,1.95853459839361e-11,2.9795514345269e-12,4.08781701318811e-13,5.02449264122763e-14,5.48945111705432e-15,5.75567928334457e-16
"8",0.371042418638409,0.2119893554494,0.137000898980764,0.100460683014241,0.0654828763464879,0.0426898012046632,0.0281565105824331,0.0181769298515113,0.0112479167069305,0.00660150193163415,0.00364771506257631,0.00188936193732847,0.000915614672036094,0.000414827669370531,0.000175632702987708,6.94649658477466e-05,2.56523426705967e-05,8.83805974270329e-06,2.83779149662018e-06,8.47924184054367e-07,2.35326508309729e-07,6.05249746993531e-08,1.43879942092953e-08,3.15187476498855e-09,6.34149133673682e-10,1.16748608967709e-10,1.95853459839363e-11,2.97955143546116e-12,4.08781895912844e-13,5.02455185737192e-14,6.06423135510633e-15
"9",0.333814167823109,0.19602301479426,0.133623132465583,0.103828679263181,0.0736068220444773,0.0526075017178185,0.0377756430405396,0.0263736620204442,0.0175750016757124,0.0110745215618656,0.00655865350915856,0.00363814140133042,0.00188744442856528,0.000915266661098399,0.000414770003976613,0.000175623790162466,6.94636995500879e-05,2.56521787544334e-05,8.83804130572477e-06,2.83778977412843e-06,8.47924055733063e-07,2.35326501004619e-07,6.05249743997303e-08,1.43879942014973e-08,3.15187476489489e-09,6.34149133673688e-10,1.16748608967743e-10,1.95853460057886e-11,2.97955465847336e-12,4.08791759793654e-13,5.6296641142769e-14
"10",0.293048529934398,0.177337361228042,0.127845859630667,0.105350993100291,0.0808558314848499,0.0627109324937787,0.0485050478933629,0.0363017465430916,0.0258800723414037,0.0174346051677927,0.0110404279083263,0.00655117248850076,0.00363667257228002,0.00188718309997036,0.000915224102594054,0.000414763484434808,0.000175622863877325,6.94635784440007e-05,2.56521649087235e-05,8.83803998505484e-06,2.83778967329033e-06,8.47924049837201e-07,2.35326500756884e-07,6.05249743931707e-08,1.43879942014178e-08,3.15187476489523e-09,6.34149133675339e-10,1.16748609378832e-10,1.95853910429049e-11,2.97969339005995e-12,4.64904219079577e-13
"11",0.250766561716398,0.156689624435723,0.119575106950928,0.104386560066282,0.0862053995027963,0.0718753723340425,0.0593760150212407,0.0473183953768092,0.0359074620857946,0.0257693250469084,0.0174081774718407,0.0110347316808361,0.00655007589076344,0.00363648125867812,0.00188715246516244,0.000915219446356228,0.000414762822026106,0.000175622776319901,6.94635682700595e-05,2.56521639194577e-05,8.83803990790382e-06,2.83778966868343e-06,8.47924049640326e-07,2.3532650075162e-07,6.05249743931092e-08,1.43879942014312e-08,3.15187476495448e-09,6.34149140083993e-10,1.16749149353851e-10,1.95870660800973e-11,3.44237611267274e-12
"12",0.209023152734089,0.135044651698681,0.109054532452417,0.100631572385936,0.0888512001622744,0.0790011928380517,0.0692378215573156,0.058446717203608,0.0470121063647345,0.0358225721389825,0.025749449720999,0.0174039789209739,0.0110339422654287,0.00654994169600873,0.00363646032703699,0.00188714934293343,0.000915219006752955,0.000414762763884325,0.000175622769521663,6.94635676034135e-05,2.56521638669804e-05,8.83803990474241e-06,2.83778966854745e-06,8.47924049636689e-07,2.35326500751653e-07,6.05249743935013e-08,1.43879942030491e-08,3.15187484993373e-09,6.34154772662061e-10,1.16766747926821e-10,2.30061239632819e-11
"13",0.169663782635233,0.113438389271293,0.0968146375300761,0.0941646483821311,0.0883550813128151,0.0832230214326233,0.0769694899731419,0.0685287521565333,0.0582147759390639,0.0469486442584649,0.0358079849143224,0.0257464262273031,0.0174034228733099,0.0110338499859502,0.0065499276425899,0.0036364582634814,0.00188714905442918,0.000915218968460277,0.00041476275936928,0.000175622769074547,6.94635675678661e-05,2.56521638648204e-05,8.83803990464904e-06,2.8377896685452e-06,8.47924049638491e-07,2.35326500760563e-07,6.05249744283035e-08,1.43879951837634e-08,3.15192656151212e-09,6.34317460372642e-10,1.3955744606088e-10
"14",0.134098691359655,0.0928295627481023,0.0835768488319382,0.0854214018062659,0.0847172349944243,0.0840736015223817,0.08169922156909,0.0764426870763339,0.0683577191189048,0.058168590264901,0.0469382301837264,0.0358058695668225,0.0257460466870469,0.0174033616877562,0.0110338409668677,0.00654992635354407,0.00363645808684756,0.00188714903117821,0.000915218965727437,0.000414762759099453,0.0001756227690532,6.94635675665799e-05,2.56521638647661e-05,8.8380399046528e-06,2.83778966857993e-06,8.47924049801256e-07,2.35326501366979e-07,6.05249844746677e-08,1.43884171005413e-08,3.15326197452031e-09,7.72106720459625e-10
"15",0.103216444869184,0.0739903247065685,0.0701238210167501,0.0750879032758865,0.078339601033828,0.0815447517053543,0.082960387494197,0.0813179412965323,0.0763198020557529,0.068324970595731,0.0581613494122137,0.0469367895741037,0.0358056177642717,0.0257460073852344,0.0174033561170094,0.0110338401986627,0.0065499262514138,0.00363645807361816,0.00188714902963813,0.000915218965576853,0.000414762759087693,0.000175622769052506,6.94635675665638e-05,2.56521638648558e-05,8.83803990520209e-06,2.83778967103829e-06,8.47924058563651e-07,2.35326594184422e-07,6.05280691643004e-08,1.43982237549018e-08,3.91237265738977e-09
"16",0.077384682884458,0.0574422089801884,0.0571792275829522,0.0639629848607114,0.0699156943612997,0.0760492752247398,0.0807523890805264,0.0826914950143316,0.0812318957136376,0.0762971736260321,0.0683200665473842,0.0581603942473693,0.0469366271744584,0.0358055933091795,0.0257460040771592,0.0174033556815426,0.0110338401432044,0.00654992624440603,0.00363645807281476,0.00188714902956074,0.000915218965570938,0.000414762759087408,0.000175622769052741,6.94635675679431e-05,2.5652163872287e-05,8.83803993663029e-06,2.83778977814478e-06,8.47924841064127e-07,2.35346948551623e-07,6.05928977549743e-08,1.82244832835587e-08
"17",0.0565275964289643,0.0434428780526019,0.0453187789902369,0.0528226364134112,0.0602813117149938,0.0683041646559165,0.0754995552428341,0.0805675208571526,0.0826327418829566,0.0812166461347541,0.07629393409707,0.0683194486348696,0.0581602920374505,0.0469366123353549,0.0358055913999782,0.0257460038386907,0.0174033556527083,0.0110338401396696,0.00654992624400801,0.00363645807277722,0.00188714902955833,0.000915218965572041,0.000414762759091763,0.000175622769071676,6.94635676560139e-05,2.56521642191711e-05,8.83804106281155e-06,2.83779584230204e-06,8.48046833020542e-07,2.35734733874239e-07,7.82999532771644e-08
"18",0.0402426052479655,0.0320135486792059,0.034924605195932,0.0423162197785673,0.0502678073968656,0.0591758844438316,0.0679323414048407,0.0753756183618412,0.0805283898235985,0.0826227155035901,0.0812145578607076,0.0762935437081882,0.0683193857400396,0.0581602832217918,0.0469366112560525,0.0358055912721212,0.0257460038240514,0.0174033556509669,0.0110338401394778,0.00654992624399404,0.00363645807278593,0.0018871490295837,0.000915218965642502,0.000414762759330535,0.000175622770004959,6.94635710173311e-05,2.56521745460194e-05,8.83808441059022e-06,2.83846376687382e-06,8.5015476354722e-07,3.11200511360701e-07
"19",0.0279282877577207,0.0229925125464957,0.0261806507756161,0.0329072608624186,0.0405874665471197,0.0495283966970888,0.0589306164213539,0.0678512909030336,0.0753501846803059,0.0805219537233847,0.0826214002442479,0.0812143164223295,0.0762935056901536,0.0683193805623335,0.0581602826118233,0.0469366111863381,0.0358055912644064,0.0257460038231596,0.0174033556509071,0.011033840139562,0.0065499262441992,0.00363645807323746,0.00188714903062389,0.000915218968440222,0.00041476276832838,0.000175622799008988,6.94636545207979e-05,2.56524604185208e-05,8.84144244322928e-06,2.84891316958568e-06,1.14713580402579e-06
"20",0.0188981105159904,0.0160982812093784,0.0190993421107326,0.0248592302704843,0.0317665427770663,0.0401052127435792,0.049370658091321,0.0588789389549569,0.0678351721120991,0.0753461568501768,0.0805211464755534,0.0826212547607107,0.0812142940420648,0.0762935027322342,0.0683193802283004,0.0581602825752563,0.046936611182595,0.035805591264305,0.025746003823903,0.0174033556526019,0.0110338401430247,0.00654992625105692,0.00363645808696317,0.00188714906097025,0.000915219048272955,0.000414762993775025,0.000175623399601276,6.94653902655436e-05,2.56680310402374e-05,8.88881190490749e-06,3.93040980837441e-06
"21",0.0124697633902756,0.0109899883461102,0.0135652415793885,0.0182554646666286,0.024125209350056,0.0314598585453945,0.040006313085119,0.0493385374996386,0.0588689797847959,0.0678327152013703,0.0753456742198479,0.0805210611041442,0.0826212419386894,0.0812142924002572,0.0762935025557347,0.0683193802108462,0.0581602825758318,0.0469366111879878,0.0358055912764424,0.0257460038487004,0.0174033557003179,0.0110338402307552,0.00654992640939099,0.00363645838694333,0.00188714971458443,0.000915220639728124,0.000414766860420811,0.000175633066840989,6.95321871368915e-05,2.58647711153302e-05,1.25392654996742e-05
"22",0.00802371768502294,0.00731635424348592,0.00938345191136388,0.0130398794248419,0.0177948957118402,0.023935064488735,0.0313994165744213,0.0399868545859085,0.0493325399471484,0.0588675195054367,0.0678324342546947,0.0753456254640983,0.0805210539622693,0.0826212410570633,0.0812142923163485,0.0762935025617683,0.0683193802439692,0.0581602826497903,0.046936611340918,0.0358055915740292,0.0257460043937622,0.0174033566455021,0.0110338418082479,0.0065499290648478,0.00363646329771919,0.00188715995617306,0.000915243007225595,0.000414816000037679,0.000175898486715503,7.02813339796075e-05,3.72965026281982e-05
"23",0.00503435498254788,0.00474997919752529,0.00632324262197579,0.00906465918858991,0.0127581224305573,0.0176799804765701,0.0238990665364244,0.0313879303344994,0.0399833350444665,0.0493316944644701,0.0588673603251685,0.0678324071825213,0.0753456216355073,0.0805210535704476,0.0826212411384264,0.0812142925479421,0.076293503016905,0.0683193811272868,0.0581602843257473,0.0469366143953519,0.0358055968627236,0.0257460130654425,0.0174033701947218,0.0110338625803809,0.00654996254526866,0.00363652327624413,0.00188727625229213,0.000915469390045394,0.000415790956623526,0.000178510861086119,0.000103499472233286
"24",0.00307963695397778,0.00300725174569445,0.00415173794439937,0.00613473561721405,0.00889664145513821,0.0126904416867277,0.0176590924336292,0.0238924616996437,0.0313859184877198,0.0399828586962565,0.0493316073172729,0.0588673466248115,0.0678324065332326,0.0753456234103412,0.0805210564761813,0.0826212455022593,0.081214299290069,0.0762935137867276,0.0683193986678905,0.0581603128264244,0.0469366596124005,0.0358056658395055,0.025746113618865,0.0174035120500304,0.0110340659606604,0.00655027838488398,0.00363706269024903,0.00188821002669503,0.000918756658015213,0.00042409975551164,0.000267988247565248
"25",0.00183630990163975,0.00185640555288215,0.00265617286729413,0.00404314974205055,0.00603710071495925,0.00885780949711942,0.0126786397865318,0.0176553982168512,0.0238913481688178,0.0313856669190512,0.0399828266326794,0.049331621236418,0.0588673758888518,0.067832447898699,0.0753456791393354,0.0805211306162885,0.0826213441751574,0.0812144321050503,0.0762936957090243,0.068319651522027,0.0581606650337803,0.046937142903687,0.0358063093133662,0.0257469429460044,0.0174045771052902,0.0110355119535598,0.00655244909018842,0.00364041508150031,0.00189820868804967,0.000942628116987613,0.000646943476850466
"26",0.00106698203270815,0.00111714794989644,0.00165576233732737,0.00259526611407863,0.00398789435731819,0.00601542518435304,0.00885135330577196,0.0126766854691116,0.017654886784791,0.0238913528907075,0.0313858543746604,0.0399831244606255,0.049332037411605,0.0588679342299424,0.0678331749611057,0.0753466013702522,0.0805222752824152,0.0826227434112749,0.0812161292767791,0.0762957505944957,0.0683221374771112,0.0581636515884726,0.0469406641183767,0.0358103470760152,0.0257515093872623,0.0174099465929792,0.011042558858562,0.00656219799856038,0.00366674646639571,0.00195883214687639,0.00145302649016112
"27",0.00060393395559442,0.000655200814107052,0.00100555885412378,0.0016225747472252,0.00256493142700123,0.00397631210962602,0.00601231016040861,0.00885086314187283,0.0126772635527733,0.0176561668555672,0.0238933163687901,0.0313886500669026,0.039986960995828,0.0493371305021829,0.0588744746032206,0.0678412988118699,0.0753563670370327,0.0805336537447301,0.0826356259997939,0.0812303443460279,0.0763110659453556,0.0683382234390882,0.0581800014650941,0.0469565633384817,0.0358251516920648,0.0257653755909387,0.0174248585457196,0.0110607448429317,0.00661616814795352,0.00379621934151585,0.00302268955617084
"28",0.000332972745776063,0.000374523222248131,0.000595068746259062,0.000988419604774819,0.00160715522958543,0.00256024935802984,0.00397707167677387,0.00601585972582028,0.0088570478880073,0.0126867617122307,0.0176700435683938,0.0239128974191906,0.0314153800933833,0.0400222266335335,0.0493820312275948,0.058929552126384,0.0679062702778649,0.0754299262060949,0.0806133997572955,0.0827181431139506,0.0813113959679451,0.0763858331936726,0.068401544865341,0.0582267992795365,0.0469830587806489,0.0358311050032361,0.0257568122302807,0.0174094250593178,0.0111111777018594,0.00681623692486789,0.00577161066009575
"29",0.000179396907593635,0.000209386075469138,0.000344449200124395,0.000589043608675002,0.000985263643129929,0.00161300404155497,0.00257417536882014,0.00400038419305982,0.00605214873518835,0.00891141698821732,0.0127655848927746,0.0177806743517801,0.0240630604444382,0.0316121654620455,0.0402706723111647,0.0496834024246649,0.059279583261668,0.0682937744322059,0.0758362331706368,0.0810129962172703,0.0830806422106433,0.0816046735108926,0.0765799297604776,0.0684731498295169,0.0581648193088962,0.0467948421739892,0.0355474339671646,0.0254182899322385,0.0171809392542727,0.0111656528485937,0.00993281147282588
"30",9.73993107581282e-05,0.000118084267312842,0.000201140753536408,0.000354156554738952,0.000609317235291565,0.001024929405962,0.00167978043420475,0.0026802967157738,0.00416327132058733,0.00629440116136836,0.00926049551891183,0.0132525094010763,0.0184372047984182,0.0249170324391463,0.0326809662373418,0.0415533837846928,0.0511528399699873,0.0608761463319301,0.069923416626966,0.0773746526591432,0.0823171485403401,0.0840070538162581,0.0820320963537262,0.076432775809505,0.0677423844683301,0.0569213828467121,0.0451898742062275,0.0337695859821887,0.023852915244212,0.0161817731373574,0.0149015846679882
"31",5.93084940499514e-05,7.44722525893025e-05,0.000130867870519031,0.000236439580215975,0.000416890717766921,0.000717762521866703,0.00120316739800282,0.00196255736976979,0.00311511438688541,0.00481146736578418,0.00723065484746886,0.0105694429916341,0.0150211502159094,0.0207421014066689,0.0278061268033932,0.0361513049179052,0.0455280395408291,0.0554624262998992,0.0652517904560311,0.0740079690863783,0.0807564796410585,0.0845860072328822,0.084824909582322,0.0812059029968047,0.0739733661944125,0.0638910720758682,0.0521293504178575,0.0400110901463438,0.0290094698091949,0.0201747888424304,0.0189385085372511
