"","X0","X1","X2","X3","X4","X5","X6","X7","X8","X9","X10","X11","X12","X13","X14","X15","X16","X17","X18","X19","X20","X21","X22","X23","X24"
"1",0.379705256509676,0.213960230699703,0.117609124181297,0.0786870554898412,0.0602129207593163,0.0466012523479023,0.0348059543399216,0.0248552259865108,0.0169361386802059,0.0110083387676733,0.00682775632311967,0.0040430933585111,0.00228711505795981,0.00123669109943226,0.000639561792388754,0.000316506136756731,0.000149957173035274,6.80486928175583e-05,2.9586813984284e-05,1.23295086805491e-05,4.92586751986927e-06,1.88762512214134e-06,6.94232753489271e-07,2.44793788976443e-07,1.03762082502009e-07
"2",0.360579298397561,0.205824170894263,0.116642327493845,0.0810567197787078,0.0640066953864018,0.0508849632298086,0.0389994662975891,0.0285785244391181,0.0199885751691277,0.0133412349159356,0.00850004014299246,0.00517223963946969,0.0030075946966879,0.0016722377442034,0.000889533686112757,0.000452944843960849,0.000220882030115133,0.000103204786740252,4.62207266062892e-05,1.98488124281036e-05,8.17586946430687e-06,3.23201761511275e-06,1.22685328864765e-06,4.46480902806065e-07,1.95667055376588e-07
"3",0.320534536021399,0.188313588451057,0.113807902109131,0.0851716786910709,0.0713071949106732,0.0595370318788795,0.0478004209798297,0.0366663613467322,0.0268379053479625,0.0187426498434623,0.012492447316693,0.00795063817453385,0.00483424329332976,0.00280977924705358,0.00156198827792608,0.000830962968743645,0.00042325978330808,0.00020651951755995,9.65691112777716e-05,4.3294242669273e-05,1.86167384539663e-05,7.68308900849904e-06,3.04445652371694e-06,1.15549007801751e-06,5.28712644093582e-07
"4",0.271069807058435,0.165654152843581,0.108532838205287,0.0883536585017553,0.0788120791122219,0.0693875022860293,0.0585758894791167,0.0471940012506727,0.0362597862709168,0.0265662456494649,0.0185664937558344,0.0123827096540728,0.0078852020661473,0.0047969404350466,0.0027894576988192,0.00155141144038064,0.000825707576215306,0.000420772891940316,0.000205406801044123,9.61070625979864e-05,4.31186829534232e-05,1.85635352064499e-05,7.67075471377965e-06,3.03185026119798e-06,1.44513728707902e-06
"5",0.220681950115265,0.141110758298991,0.100597709417885,0.0887453463719886,0.0840353610510334,0.0778845581327558,0.0690763526416282,0.0584327489120539,0.0471172054423021,0.036215626257515,0.0265404875747671,0.0185516847376862,0.0123744300133489,0.00788073353993942,0.0047946284886385,0.00278832553910391,0.00155090538283452,0.000825525345520791,0.000420755478101182,0.000205469063134042,9.61834696227353e-05,4.3195109761724e-05,1.86086483115893e-05,7.65493669310087e-06,3.79603111920103e-06
"6",0.173586150723779,0.116538951509753,0.090250978164781,0.0856905152877574,0.0857718506118112,0.0835269774647887,0.0777607082117029,0.069035499097221,0.0584168155596477,0.0471101503270446,0.0362122639482732,0.0265388479472558,0.0185509009331568,0.0123740877958258,0.00788063125578305,0.00479466963176073,0.00278846748734644,0.00155112537915653,0.000825806758319222,0.000421071588525344,0.000205737671153084,9.6406541473044e-05,4.33024689118522e-05,1.85327004635826e-05,9.550934310438e-06
"7",0.132011655306364,0.09324841556901,0.0781625085630585,0.0793493053198985,0.0836635951641483,0.0854803310082994,0.083470813687114,0.077746107550356,0.0690312059393498,0.0584154112509721,0.0471096617066417,0.0362121184230854,0.0265388661797772,0.0185510317619446,0.0123743298615415,0.00788100028171084,0.00479518749881754,0.00278913699043027,0.00155192709968638,0.000826674394608734,0.000421788035320505,0.000206297717837108,9.66184261763456e-05,4.3004916026444e-05,2.30073478258774e-05
"8",0.0970789027912315,0.0722328633330594,0.0652485915019541,0.0704207216098919,0.0779927351248617,0.0834956599750504,0.085454034663884,0.0834650544749187,0.0777447376296208,0.0690308948844736,0.0584154045414334,0.0471098010397823,0.0362123977974465,0.0265393297449292,0.0185517480063576,0.0123753681680241,0.00788242390556626,0.00479699761556404,0.00279126627404502,0.00155418073692223,0.000828486636767425,0.000423112770586039,0.000206636850450058,9.56106256318234e-05,5.30392975494974e-05
"9",0.0690466950233346,0.0541411093974724,0.052465036908841,0.0599085371217296,0.0695311257382407,0.0778964834510116,0.0834834645404295,0.0854517577826556,0.0834646452128272,0.0777447797039875,0.069031140969,0.0584158719129629,0.0471105922488567,0.0362136625113264,0.0265412522225817,0.0185545012670022,0.0123790941757051,0.00788709565400278,0.00480239847224156,0.00279685314473294,0.00155854217265981,0.000831433030372744,0.000423421662944481,0.000203556648721644,0.000116949026361035
"10",0.04751222710533,0.0392565677063406,0.0406298686528695,0.0488869090276568,0.0593374284440669,0.0694762414527241,0.0778909623323527,0.0834826632366,0.0854517981111374,0.0834650110135765,0.0777454941071108,0.0690323888982829,0.0584179435630191,0.0471138663802158,0.0362185855016071,0.0265482254019182,0.0185638178939804,0.0123906116013505,0.0079001761099224,0.00481560974776177,0.00280682837541196,0.00156466904231684,0.000830878307008938,0.000414755086634804,0.000246472900805457
"11",0.0316434974363956,0.0275347052680216,0.0303121228237,0.0383010448078783,0.0485283857147688,0.0593062884427134,0.0694738681740008,0.0778908986238181,0.0834831504322441,0.0854528086664507,0.0834668402641241,0.0777486393132108,0.0690375575803439,0.0584260330464728,0.0471259020731623,0.0362354473322452,0.0265704666880899,0.0185909217091974,0.0124208385736576,0.00792995045441497,0.00483725959047816,0.00281863701683713,0.00156044200227831,0.000808193065697008,0.000496100899800939
"12",0.0204063525389637,0.0186849757540581,0.0217975261163514,0.0288402242070144,0.03808135130537,0.0485109026217584,0.0593055045345851,0.0694744386417504,0.0778922228150992,0.0834856393003143,0.0854572415090178,0.0834743910377512,0.0777609345391787,0.0690566184256392,0.0584540986915584,0.0471647935880737,0.0362860931794982,0.0266312959757019,0.0186575081779779,0.0124847272853571,0.00797446033545207,0.00485805682113431,0.00280296589014805,0.0015048730430435,0.000952803665204465
"13",0.0127476488070727,0.0122703774366246,0.015118233033232,0.0208944556752412,0.028709146072009,0.0380718542091233,0.048511212368459,0.0593071026709522,0.0694775792049559,0.0778980119193807,0.0834958563978831,0.085474498150433,0.0835022422942713,0.0778037106386339,0.0691189629636456,0.0585395587674275,0.0472746727436354,0.036416148754562,0.0267709759694431,0.0187878821699924,0.0125712286583025,0.0080070697658838,0.00481209021258467,0.00267515537338644,0.00174432574286654
"14",0.0077169586910191,0.00780037168892741,0.0101206088724945,0.0145806196498345,0.020818624535199,0.0287045814743561,0.0380734751896533,0.0485148766200397,0.0593140988815281,0.0694903577749882,0.0779203856998374,0.0835333406035166,0.0855344785417325,0.0835935331871671,0.0779354445717509,0.0692976186246924,0.0587663835969105,0.0475392337395972,0.0366948301616096,0.0270236644910292,0.0189464067217203,0.0126141909937206,0.00788971215028499,0.00453557677318027,0.00304062676521228
"15",0.00452856592063842,0.00480196254657171,0.00654392218414411,0.00981029639577802,0.0145385168976507,0.0208176066227523,0.0287084416529177,0.0380812787331426,0.0485296238457339,0.0593408350510046,0.069536821056888,0.0779976284255419,0.0836559272699465,0.0857194316337206,0.0838578601219167,0.0782901897935249,0.0697424591691434,0.0592776828421919,0.0480673293063863,0.0371593467190917,0.0272968413075645,0.0189858303637356,0.0123441100585339,0.00732659210244072,0.00504089997904077
"16",0.002576913427742,0.00286372042133087,0.00408985304552515,0.00637059804847602,0.00978862580584774,0.0145409012726424,0.0208255735309516,0.028724104796597,0.0381106689606587,0.0485825446833309,0.0594321574606326,0.0696875287412841,0.0782349380438643,0.0840109803223368,0.0862221702739118,0.0845257487721527,0.0791176177697842,0.0706797828186864,0.060226758662304,0.0488760381211913,0.0376005211587718,0.0272922786763444,0.018416469872201,0.0112645706625174,0.00793893465091667
"17",0.00142226201603802,0.00165511838420228,0.00247252341213377,0.00399677547119606,0.0063617113651132,0.00979538502596851,0.014556147036852,0.0208552203963422,0.0287793859782891,0.0382095765882986,0.0487520959084157,0.0597100286590913,0.0701218321856581,0.0788795529948267,0.0849156537476345,0.0874122934796029,0.0859829077197053,0.0807448297437117,0.072294854127157,0.0615580980967319,0.0495410735450409,0.0374650043245799,0.0261836487088777,0.0164691141863496,0.0118649068981847
"18",0.00076163569556459,0.000927592322718732,0.00144724218093428,0.00242553514897419,0.00399688163181143,0.00637494406626642,0.0098227516768877,0.0146089984362059,0.0209531967795748,0.028953633427452,0.0385064157690165,0.049235388836397,0.0604600904628575,0.0712266731203849,0.0804170280101063,0.0869192370581049,0.0898376626598387,0.0886535184755177,0.0833431794232293,0.0743641445783789,0.0624891256184156,0.0491192991230076,0.0354621796867044,0.0228805475953107,0.0168130982163416
"19",0.000396018798706122,0.00050464936496749,0.000821490880063442,0.00142677766237552,0.00243345715068614,0.00401979853916958,0.00642110582962287,0.0099113906990389,0.0147724100360327,0.021242162908503,0.02944298022471,0.0392981652583998,0.0504559391675881,0.0622449468545052,0.0736903888269333,0.0835986334673886,0.0907285134978701,0.0939748577984958,0.0925996328081369,0.0863753949650274,0.075566677445134,0.061543082601482,0.045753742357196,0.0301979597797452,0.0225798230782234
"20",0.000200344707530114,0.000267259169959848,0.000453823608844956,0.000817033288080371,0.0014430442670056,0.00247018964580637,0.00409297631242895,0.006560867737123,0.0101676687655624,0.0152230965425966,0.0220010004505341,0.0306633731855852,0.0411673848373065,0.0531703431866279,0.0659626984020996,0.0784496033845684,0.0892365796461521,0.0967702051063723,0.0996250626502764,0.0967835519049728,0.0877952304324079,0.0737821238497187,0.0562744186466675,0.0378760639257117,0.0287460563460625
"21",9.92238850117324e-05,0.000138834663970714,0.000246223902477612,0.000460194366675724,0.00084312103842966,0.00149814243432283,0.00257920043398692,0.00430008017977936,0.0069386174782386,0.0108283734509047,0.0163293124139065,0.0237696297898775,0.0333553629277994,0.0450502510690757,0.0584486875574783,0.072662838072847,0.0863059484207224,0.0975463700287633,0.104391784441602,0.105057775731955,0.0982950918277402,0.0848216035694518,0.0660898224240772,0.0452090210246841,0.0347344888662238
"22",4.89695808409676e-05,7.21890824372714e-05,0.000134164564418635,0.000261145175822785,0.000497802332109028,0.000920707428931539,0.00165076127937878,0.00286762641338829,0.00482337799251827,0.00784897480366731,0.012344157329574,0.0187388305162433,0.0274147565103456,0.0385786725307769,0.0520995683145981,0.0673243407564473,0.0829682196466583,0.0970695788161435,0.10723243402663,0.111033001194276,0.10647610601888,0.0938206848886487,0.0743345229717637,0.0514958102768924,0.0399435975486116
"23",2.51869451430704e-05,3.93767998823588e-05,7.70254326683625e-05,0.000156653692528394,0.000311456085930235,0.000600457379272853,0.00112154482250856,0.00202832971028735,0.00354908152372691,0.00600261951358711,0.00980187222334035,0.0154312069335621,0.0233815189955303,0.0340259181817856,0.047439797628359,0.063170710141472,0.0800600234544863,0.0961123184343288,0.108684243400373,0.114893485298538,0.11215684396976,0.100323633999592,0.0804472254348708,0.0562382167016015,0.0439212532968662
"24",1.46974787187709e-05,2.44012869978349e-05,5.01647693788603e-05,0.000106320843430892,0.000219613754292821,0.000439031865024674,0.00084879077954602,0.00158609862209545,0.00286266033914538,0.00498573375167768,0.00836984471250548,0.0135245245718734,0.0209995218103406,0.0312653416257432,0.0445268537583669,0.0604683443730429,0.078033088509924,0.0952344464005415,0.10930031236198,0.117069805365841,0.11557344105863,0.104367594028712,0.0843290258165678,0.0592922599327027,0.0465080821829209
"25",1.05977587880906e-05,1.83886989365599e-05,3.91321320692859e-05,8.52583370568825e-05,0.000180507232286865,0.0003691268031097,0.000728705807756064,0.00138820143983497,0.00255049334277226,0.0045157820260435,0.0076972474380004,0.0126141259232837,0.0198425599894746,0.0298996630092095,0.0430553942633704,0.0590665770899333,0.0769358639578857,0.0946919582120468,0.109507812475281,0.118085709565354,0.1172546337213,0.106409111489886,0.0863197725274797,0.0608749257445991,0.0478584510142424
