"","X0","X1","X2","X3","X4","X5","X6","X7","X8","X9","X10","X11","X12","X13","X14","X15","X16","X17","X18","X19","X20","X21","X22","X23","X24"
"1",0.25242320063787,0.151634435983296,0.127437534869043,0.109219249507675,0.0942221521093067,0.0779445672429237,0.0609934276820243,0.045021853065916,0.0313622546823025,0.0206440696430208,0.0128591726023722,0.0075904659382031,0.00425133671177861,0.00226200435007803,0.00114451634289313,0.000551188101924123,0.000252845053437319,0.000110548609316148,4.60899009433042e-05,1.83303111322127e-05,6.95628821446624e-06,2.52051363177369e-06,8.7426559920887e-07,2.91299071446025e-07,1.14288027376515e-07
"2",0.230326359744963,0.141431145850729,0.122726905887025,0.108952722695522,0.0970812843782383,0.0828405717323451,0.0668494975937603,0.0508916634702343,0.0365698048745996,0.0248360693825974,0.0159641157598534,0.00972552922810522,0.00562282503033473,0.00308877681448638,0.00161388507948276,0.000802822824924532,0.000380520005996927,0.000171964515670742,7.41381924808432e-05,3.0505516904259e-05,1.19846363216105e-05,4.49908354145269e-06,1.6188098089413e-06,5.60125952202211e-07,2.28766122735439e-07
"3",0.186514657344191,0.120392113800709,0.111889231507634,0.106664450613208,0.101222675309875,0.091614789484179,0.0782686299136711,0.0630122941628415,0.047839875143815,0.0342964242655932,0.0232499127294239,0.0149252122005639,0.00908510431819341,0.00525039387630998,0.0028840374510646,0.00150730007814167,0.000750200653664516,0.00035585165269936,0.000160974567225383,6.94837961795258e-05,2.86345077443558e-05,1.12781109382322e-05,4.26070488564886e-06,1.54849724439123e-06,6.65310004057712e-07
"4",0.137466516542955,0.095192116096367,0.096638986120354,0.100308570136883,0.102380376122472,0.0990793292374687,0.0902326449993566,0.0772769429185059,0.0622986492933518,0.0473443136309216,0.0339683937844661,0.0230437256697871,0.0148022718696171,0.00901556096964333,0.00521305259619624,0.00286499152924665,0.0014980664336712,0.000745944726834313,0.000353989875404802,0.000160209453645766,6.92024331163327e-05,2.85686192030735e-05,1.13186417018786e-05,4.31380005697684e-06,1.94449877452511e-06
"5",0.0941853108774318,0.0708082506595469,0.0789759693662554,0.0893058506161314,0.098063815786836,0.101555277608898,0.098696912703827,0.0900192150773122,0.0771484092312223,0.0622204048532273,0.0472975056757917,0.0339412270448144,0.0230285333400703,0.0147941177305369,0.00901137006520642,0.00521099354958736,0.00286402791535977,0.00149764389417895,0.00074578617517478,0.000353969757855179,0.000160279002797021,6.93581880338141e-05,2.88186466378428e-05,1.15141361592308e-05,5.4380971091258e-06
"6",0.0604412087125229,0.04966532774689,0.060827285051475,0.0747143106201857,0.0881683746844333,0.0977292360823359,0.101440820838216,0.0986493829475684,0.0899968402191085,0.0771372966520309,0.0622147994798244,0.0472946867159455,0.033939830038063,0.0230278570127706,0.0147938007395268,0.00901123020908274,0.00521094538770339,0.0028640414801049,0.00149772484482333,0.000745964235510549,0.000354282842059437,0.000160786315021996,7.00951061598851e-05,2.93586041677073e-05,1.45134344700431e-05
"7",0.0363757572155148,0.0327970691823046,0.0439916722145593,0.0585179568538847,0.074161632298309,0.0880294014586029,0.0976915683346438,0.101428829090147,0.0986449933091059,0.0899951084949871,0.0771365911887796,0.0622145079126354,0.0472945660539932,0.0339397817727666,0.0230278426047823,0.0147938111629048,0.00901127933434139,0.00521107558394082,0.00286433186346869,0.00149828851494512,0.000746912199090422,0.00035575363617838,0.000162820285521334,7.14939887735893e-05,3.6955445819692e-05
"8",0.020525346844465,0.0203488291199045,0.0297977962255488,0.0428214614011654,0.0582634766960231,0.0741048316502077,0.0880164939300664,0.0976882601690443,0.101427856335235,0.0986446823186817,0.0899950060148069,0.0771365572645279,0.0622144978249843,0.047294567819595,0.0339397998013808,0.0230279015105997,0.0147939748159891,0.00901168221034423,0.00521194909813673,0.00286598834583466,0.00150100292623312,0.000750963276490609,0.00036108727372312,0.000166234071095326,8.97530559174841e-05
"9",0.0108530672456401,0.0118420641505976,0.018871651847349,0.0292433236611061,0.0427112621244991,0.058241195847646,0.0741004347672893,0.0880155518555108,0.0976880300125182,0.101427794485167,0.098644665573069,0.0899950027527894,0.0771365613266499,0.0622145162720662,0.0472946288707271,0.033939981651104,0.0230283908003137,0.0147951511253257,0.00901417782596655,0.00521657579390021,0.00287337595079184,0.00151161259588133,0.000764246733306845,0.000368910421646231,0.000207826309139746
"10",0.0053757432536494,0.00645597432855078,0.0111637871670387,0.0186260433853598,0.0291986239955811,0.0427029831124371,0.0582397469739092,0.0741001691973502,0.0880154970154611,0.0976880174822812,0.101427792530991,0.0986446694252735,0.0899950195085877,0.0771366192437764,0.0622146994798505,0.04729515921548,0.0339413728892628,0.0230316582860191,0.0148019310144175,0.00902646122161665,0.00523568295828284,0.0028997852349625,0.00154300715835706,0.000781003391608992,0.000458552529895766
"11",0.0024938432758427,0.00329450151021482,0.00616547757685391,0.0110620724532148,0.0186090921128561,0.0291957291526792,0.0427025277123332,0.0582396744901658,0.0741001566690183,0.0880154953117422,0.097688020552605,0.101427806501411,0.0986447201310302,0.089995188776302,0.0771371403780982,0.0622161692824778,0.0472989204409824,0.0339500020194883,0.023049164192034,0.0148329157119974,0.00907340340082057,0.00529812382614955,0.00297012557801458,0.00157631997428272,0.000963408969386556
"12",0.0010835185398702,0.00157293348318231,0.00317839920115157,0.00612608346655251,0.0110560672566285,0.0186081429343504,0.0291955936849502,0.0427025088248937,0.0582396722481447,0.0741001587962337,0.0880155059305693,0.0976880612390391,0.101427949869147,0.0986451874475235,0.0899965928858297,0.0771410046785138,0.0622258237083179,0.0473205630935948,0.0339929268437253,0.0231233747661079,0.0149423936759353,0.00921352398645655,0.00544733984233605,0.00303091555764217,0.00192575803930512
"13",0.000440947176332998,0.000702492108518226,0.00152960946680835,0.00316412419755842,0.00612409645069857,0.0110557759884324,0.0186081050489729,0.0291955892846821,0.0427025098951567,0.0582396794778632,0.0741001883009225,0.088015616175969,0.0976884422520197,0.101429166296058,0.0986487626683732,0.0900062112397322,0.0771644927442942,0.0622773046011159,0.0474204060849023,0.0341615339404219,0.0233655454488448,0.0152405544213288,0.00951278126977935,0.00554722101858451,0.00365884444263112
"14",0.000168113726260817,0.000293486639550924,0.000687390044438229,0.00152476736115714,0.00316351000994398,0.00612401290271177,0.0110557662042774,0.0186081048688455,0.0291955935819937,0.0427025289448937,0.0582397554069739,0.0741004677868893,0.08801656635297,0.0976914210495626,0.101437750141114,0.0986713795419708,0.0900602715756684,0.0772804456106704,0.0624973093442744,0.0477833853588683,0.0346691082943207,0.0239665041581455,0.0158069925080343,0.00965492318304397,0.00660044540342126
"15",6.00606628401269e-05,0.000114714140164723,0.000288566352607222,0.000685851826868308,0.00152458995870872,0.003163487673541,0.00612401091885278,0.0110557682946842,0.0186081156788585,0.0291956398289753,0.0427027111397063,0.05824041770618,0.0741026876848557,0.0880234155520171,0.097710813879011,0.101487888509205,0.0987888632410983,0.0903071361253979,0.0777389971121465,0.0632367469041924,0.048790168427186,0.0358150333786162,0.0249764623011856,0.0159652272351619,0.01129262546794
"16",2.01121104791883e-05,4.19595496959566e-05,0.000113215145160382,0.000288108514300701,0.000685803948813625,0.00152458453349184,0.00316348819091867,0.00612401624624589,0.0110557929860237,0.0186082201958815,0.0291960476252748,0.042704177412359,0.0582452715474867,0.0741174539949556,0.0880645729269868,0.0978154099291092,0.101728511300938,0.0992847770820246,0.0912096941074962,0.0791622747027952,0.0651240487680772,0.0508546303356437,0.0375076722117434,0.0250577715852329,0.0183023850488659
"17",6.3140794756295e-06,1.43665253764929e-05,4.15323363548351e-05,0.00011308743038463,0.000288096488505921,0.000685803062831759,0.0015245867433644,0.00316349970402861,0.00612406874255772,0.0110560133607072,0.0186090723752973,0.0291990812173252,0.0427141068518348,0.058275096431076,0.0741994069022208,0.0882695975948656,0.0982790987489089,0.102666889435105,0.100959597104861,0.0937941109128811,0.082501000310409,0.0686330343993176,0.0535147647355577,0.0372978882515373,0.028069886255216
"18",1.85881119240261e-06,4.60578727431991e-06,1.42525904044393e-05,4.14989556803689e-05,0.000113084725504913,0.000288097085119976,0.000685807755354843,0.00152460986467197,0.00316360416143672,0.00612450346464553,0.0110576791610812,0.018614944199092,0.0292180937414681,0.0427705330255393,0.0584280938540931,0.0745765947999328,0.0891091345787545,0.0999490288548093,0.105592186991538,0.105379717060397,0.0993595634261993,0.0881199044171853,0.0725431617193426,0.0526181171596187,0.040701323809664
"19",5.13211276197382e-07,1.38293125496891e-06,4.57735200687975e-06,1.42444475726032e-05,4.14986250510378e-05,0.000113086381231416,0.00028810609848413,0.000685851480447286,0.00152480534176992,0.00316440944552271,0.00612755786143035,0.0110683328381013,0.0186490581149374,0.0293181342558863,0.0430382905580327,0.0590789531636426,0.0760032773149706,0.0919004339619321,0.104751426407189,0.112702048015912,0.114108859087744,0.107824306148723,0.0934803971275284,0.0703415448180942,0.0557689050112592
"20",1.32899506460304e-07,3.88986587253056e-07,1.37629920491812e-06,4.5755621346679e-06,1.42448833276451e-05,4.15017842210696e-05,0.000113102785054454,0.000288184492934287,0.000686197275267216,0.001526211966035,0.00316968001195622,0.00614572120091884,0.0111257875328246,0.0188154318920604,0.0297575593318289,0.0440914850364475,0.061353084891659,0.0803814278073354,0.0993021547717454,0.115493835439162,0.125568317815003,0.126091693872437,0.11465823764389,0.0891503315550581,0.0722193342634025
"21",3.22784724415814e-08,1.02512674113285e-07,3.87559983102642e-07,1.37606656686293e-06,4.57656178230271e-06,1.42504960219548e-05,4.15302651840993e-05,0.000113236455377833,0.000288764400131598,0.000688520081361232,0.00153478947243469,0.00319882822535126,0.0062366644227025,0.0113855368020048,0.0194919313573788,0.0313556502501161,0.0474903756097539,0.0677928834367002,0.0910829160123005,0.114534880907188,0.133300598218371,0.141498044913522,0.134172040424482,0.107280847320771,0.088491235949368
"22",7.35293119115748e-09,2.53186285575814e-08,1.02264694916177e-07,3.87786106128548e-07,1.37783809765022e-06,4.58606140522711e-06,1.42976242522293e-05,4.17469341531566e-05,0.000114158601203219,0.000292392633251614,0.000701695102034124,0.00157885235312688,0.003334208596966,0.00661756292096967,0.012362849936317,0.0217661177484248,0.0361186150326012,0.0563717854882653,0.0823039120193641,0.111350751785553,0.137674368960614,0.153194228060813,0.150344563677992,0.122940035944405,0.102871369957831
"23",1.57215876936496e-09,5.86935395319297e-09,2.53471371419309e-08,1.02766879485246e-07,3.90696772084318e-07,1.39304595775073e-06,4.65982027664622e-06,1.4629539743687e-05,4.31312760073925e-05,0.000119502331915552,0.000311449658524254,0.00076434477044479,0.00176819905448575,0.00385853354348142,0.00794209856761903,0.0153978649858599,0.028025011067114,0.0476070907705847,0.0748360496666759,0.107629084878272,0.139619689398981,0.16106290589837,0.162175235299322,0.134820049508572,0.113998550665491
"24",3.18023796545199e-10,1.29206379878846e-09,5.99494528896501e-09,2.6148959337809e-08,1.07195002594955e-07,4.133431119049e-07,1.50063874644162e-06,5.13442161568146e-06,1.65713505321693e-05,5.04902544861292e-05,0.00014528827489149,0.0003948038720648,0.00101222314821575,0.00244396852450295,0.00553992838349798,0.011737921495419,0.0231112377082176,0.0419752317874634,0.0696884748583441,0.104623101009228,0.140204311641057,0.165637984093311,0.169595657390068,0.142503035608923,0.121312581247309
"25",6.51229717730979e-11,2.9391921507935e-10,1.49585354383112e-09,7.18084661473146e-09,3.25194648828526e-08,1.39019075227617e-07,5.61204712692054e-07,2.13920272045805e-06,7.69515444873566e-06,2.60932294448e-05,8.32607263802406e-05,0.000249434063304382,0.000699559958601225,0.00183041521838745,0.00445012791389071,0.0100055754368177,0.0206892644608549,0.0390843497490302,0.0669182953138106,0.102852700769416,0.140260431165495,0.167820266702293,0.17336249965188,0.146496146288346,0.125161003215884
