"","X0","X1","X2","X3","X4","X5","X6","X7","X8","X9","X10","X11","X12","X13","X14","X15","X16","X17","X18","X19","X20","X21","X22","X23","X24"
"1",0.218438429410613,0.147952806377527,0.125351345917163,0.115242235954138,0.10264869169244,0.0860847209528637,0.0676113701635214,0.0497612401018071,0.034382544920179,0.0223473737632388,0.0136896076995509,0.00791773427773073,0.00433057604670588,0.00224299837194097,0.00110145808264006,0.000513327993533091,0.00022722691384191,9.55945080515316e-05,3.82392090310269e-05,1.4548297748736e-05,5.26528793848596e-06,1.8133877958647e-06,5.95502169600435e-07,1.88051219203137e-07,6.71166114459997e-08
"2",0.196407378036023,0.136350687667075,0.119860159473825,0.114126632297959,0.105120571250564,0.0911393589121702,0.0740152526105399,0.0563381319736784,0.0402645801406652,0.0270726954577198,0.0171575041914844,0.0102674458982026,0.00581107565193872,0.00311500190052448,0.00158346835266749,0.000764137487923799,0.00035037107738507,0.000152752132951391,6.33553735057934e-05,2.50084159747835e-05,9.39791021085073e-06,3.36406691599414e-06,1.14988050640233e-06,3.78669489267755e-07,1.41170101196996e-07
"3",0.153608612068825,0.112824835681976,0.107336282558731,0.109760601227792,0.107989946143752,0.0997747361163275,0.0862312608278941,0.0697664581248676,0.05293343828005,0.0377362867400636,0.0253262850780709,0.0160310906351134,0.00958671844745805,0.00542448960541414,0.00290818830941267,0.00147903335664782,0.000714276912291797,0.000327835006775858,0.000143099868772092,5.94362382812987e-05,2.35020497606078e-05,8.8547977024263e-06,3.18860688634828e-06,1.10763171178946e-06,4.35685421771472e-07
"4",0.107445159927392,0.0854953946811359,0.0900491611132309,0.100383382968515,0.106717064682496,0.106082306976288,0.098359381048046,0.0851621052806667,0.0689863943967829,0.0523921185511239,0.0373809884785464,0.0251061111353411,0.0159022740094655,0.00951550849385628,0.00538725873577069,0.00288975994288285,0.00147039033123562,0.000710433746453825,0.00032621589047518,0.000142458460573884,5.92083225597715e-05,2.34487277434065e-05,8.88200813988362e-06,3.24822387817671e-06,1.3438674022087e-06
"5",0.0689009802752906,0.0602258294428911,0.0706702265979813,0.0860539253696801,0.0990239823932813,0.106100596589092,0.105733873130439,0.0981452772200644,0.0850289089388095,0.0689046510058858,0.052343344520462,0.0373529576704529,0.0250906780062389,0.0158941570144844,0.00951143666866588,0.00538531241454401,0.00288887463918764,0.00147000967207777,0.000710286325155883,0.000326183425124595,0.000142502130069167,5.93222732022954e-05,2.36351790944533e-05,9.09654764824276e-06,3.9525501766503e-06
"6",0.0409020504206688,0.0395639895500454,0.0516605716054532,0.06861439098032,0.0854775011486249,0.098825169613653,0.106015027983885,0.105692511677112,0.0981245464019343,0.0850183722694681,0.0688992887606414,0.0523406484257247,0.0373516324310811,0.0250900454322176,0.0158938651039126,0.00951130741840708,0.00538526010608989,0.00288886401598617,0.00147003873315766,0.000710383245658628,0.000326403042144015,0.000142895484328422,5.99091414893303e-05,2.42662695242641e-05,1.10607384727989e-05
"7",0.022529157459963,0.0242034151265898,0.0350438288851055,0.0506857730334927,0.068379960769675,0.0854127123059149,0.0988031827058231,0.106006491535587,0.105689082469321,0.0981231480211024,0.0850177919288968,0.0688990456586882,0.0523405471760241,0.0373515911664186,0.0250900296930757,0.0158938619658123,0.00951131737694957,0.00538530127456569,0.00288898936158505,0.00147036074491694,0.000711075384291945,0.00032760639824472,0.000144622151297363,6.165874218072e-05,2.94486644792627e-05
"8",0.0115158510781281,0.0137603234693811,0.0220050199732772,0.0346153771274137,0.0505950626714527,0.0683590770404271,0.0854069396867492,0.0988013104686622,0.10600586886493,0.105688877676287,0.0981230799426431,0.0850177686898068,0.068899037681638,0.0523405450239537,0.0373515931151205,0.0250900408708279,0.0158939034866442,0.00951145352918986,0.00538569530168964,0.00288997214916929,0.00147242012364178,0.000714563374024414,0.000332422330882182,0.000149208129895191,7.45881941655068e-05
"9",0.00546129230170355,0.0072586130166711,0.0127723798268817,0.0218305498554987,0.0345823259360178,0.0505885514933789,0.0683575836327846,0.0854065214190903,0.0988011894756828,0.106005835582563,0.105688868855264,0.0981230776914534,0.0850177685882678,0.0688990399631259,0.0523405550823406,0.0373516313763542,0.025090174036748,0.015894323401992,0.00951262941212582,0.00538854564967546,0.00289578981712003,0.0014820104056476,0.000727297702511409,0.000343775429102176,0.000179670048000671
"10",0.00240249603663281,0.00354885341879046,0.00684797175985763,0.012706643391146,0.021819296364118,0.0345803915379917,0.0505881817688137,0.0683574930904789,0.0854064976090776,0.0988011836578143,0.10600583435585,0.105688868996301,0.0981230795802187,0.0850177769237014,0.0688990729958104,0.0523406757417992,0.0373520360320292,0.0250914053923672,0.0158976606291502,0.0095204854763159,0.00540414864450212,0.00292079998428961,0.00151392078094811,0.000753801929940609,0.000411423902055621
"11",0.000980348242550739,0.00160722368576723,0.00339088851554188,0.00682507675333802,0.0127030811245997,0.0218187530022368,0.034580305177339,0.0505881635023731,0.0683574886445317,0.085406496641172,0.0988011837249624,0.106005835694202,0.105688875282349,0.0981231059400975,0.0850178784108679,0.0688994322830645,0.0523418410017429,0.0373554643678904,0.0251004034680969,0.0159182252220383,0.009560200367841,0.00546599124319001,0.00299653585242401,0.00157214975853666,0.000895052093247543
"12",0.000371097802597452,0.000674097447679002,0.00155095509311624,0.00338352146016353,0.00682403241542138,0.0127029374650345,0.0218187339782424,0.0345803018070016,0.0505881627686758,0.0683574886373311,0.0854064974654732,0.0988011879409437,0.106005854661142,0.105688953152059,0.0981233986815176,0.0850188867484942,0.0689026052619564,0.0523508873558941,0.0373784830935634,0.0251514840349627,0.0160141023937124,0.0097051146933177,0.00563611272743987,0.00311659872160936,0.00184850419265237
"13",0.00013033627251727,0.000261844721107063,0.000655526953674586,0.00154876532485941,0.00338323881003071,0.00682399682793323,0.0127029334913371,0.0218187334202525,0.0345803017688994,0.0505881632063225,0.0683574911059275,0.0854065094965777,0.0988012411991852,0.106006069537874,0.105689744553475,0.0981260601585481,0.0850270387727899,0.068925184127596,0.0524066703505062,0.0374987396941704,0.0253708241000633,0.0163356658374433,0.0100664441830461,0.00586762408238814,0.00362085200347617
"14",4.24822625259936e-05,9.42165694912327e-05,0.000256163056987192,0.000654925608128717,0.00154869488911587,0.00338323059664951,0.00682399604098894,0.0127029334355807,0.0218187336180656,0.0345803030150006,0.0505881698268407,0.0683575229539905,0.0854066486798146,0.0988017944602261,0.106008071623018,0.105696338880738,0.0981457808020762,0.0850802379512004,0.0690530236805939,0.0526746382106803,0.0379737361826377,0.0260458967131681,0.0170605393345888,0.0104819196010191,0.00672000200687478
"15",1.28531685115083e-05,3.14120808040636e-05,9.26042641809539e-05,0.000256010423725898,0.000654909481201327,0.0015486931349612,0.00338323045847425,0.00682399611231814,0.0127029339734485,0.0218187367467473,0.0345803194514388,0.0505882481226545,0.0683578613931524,0.0854079769224389,0.0988065284958509,0.1060233845336,0.105741174131577,0.0982638773284639,0.0853567961159199,0.0696173169540874,0.0536471071992697,0.0393130515670464,0.0274177246543713,0.0177498669537191,0.0118033863320371
"16",3.61034324665067e-06,9.7069642541538e-06,3.09875313043664e-05,9.25684365891748e-05,0.000256007036780602,0.000654909139345845,0.001548693136379,0.0033832306557327,0.0068239973768508,0.0127029412478486,0.0218187746501446,0.0345804984385714,0.0505890143134857,0.0683608347393794,0.0854184338885255,0.0988398183560376,0.106119038644066,0.105987743012885,0.0988276373395446,0.0864779482495388,0.0714968611557325,0.0561550473423016,0.0417588546817701,0.028464647050459,0.0195981962692278
"17",9.41593575563493e-07,2.78101726744633e-06,9.60319785362607e-06,3.09797493028614e-05,9.25677855396382e-05,0.000256006982689673,0.000654909197885094,0.00154869357503906,0.00338323342007922,0.00682401314403405,0.0127030227195439,0.0218191560625795,0.0345821159724047,0.0505952258317906,0.0683824149379352,0.0854861506680721,0.0990311096552503,0.106602500752257,0.107068839529461,0.100925812141584,0.0899021219038237,0.0759232955204827,0.0602569616879165,0.0431911948740544,0.0307263480795788
"18",2.28007172776689e-07,7.38822678455935e-07,2.7574719694667e-06,9.6016330399029e-06,3.09796364595477e-05,9.25677928263825e-05,0.00025600711489154,0.000654910110699978,0.00154869925740899,0.00338326548652618,0.00682417718189249,0.0127037831729519,0.0218223489260801,0.0345942462586632,0.0506368688208519,0.0685113087769548,0.0858445133863951,0.0999203359026703,0.108549918003802,0.110761547132979,0.106796766968664,0.0972551331367333,0.0823846822973063,0.0619704790451845,0.0454441356551984
"19",5.12552007154382e-08,1.82023492079558e-07,7.33862917741436e-07,2.75718094403242e-06,9.60161893650014e-06,3.09796712004195e-05,9.25680616158379e-05,0.000256008926355079,0.000654921199686423,0.0015487609185783,0.00338357675710677,0.0068256024977369,0.0127096967800814,0.0218445480298131,0.0346694980175412,0.0508665862443177,0.0691401343647695,0.0873775839872155,0.103211590123693,0.114653068706552,0.120220991353935,0.118276530380437,0.106800181440765,0.0840577158737157,0.0633661307233927
"20",1.06929432787733e-08,4.15852425929588e-08,1.81053894374975e-07,7.33813693908285e-07,2.75718750993052e-06,9.60169209361913e-06,3.09801989415413e-05,9.25715250465731e-05,0.000256029649157815,0.000655034146339241,0.00154932104833052,0.00338610078714901,0.00683591991973207,0.0127478776547763,0.0219721399710589,0.03505324828268,0.0519004133087434,0.0716167474623805,0.0925919528647047,0.112673186317299,0.128957428174849,0.137044397858888,0.131482343175758,0.107838118136151,0.0833028634926368
"21",2.06925661590091e-09,8.80804027040096e-09,4.14096040467462e-08,1.810481468012e-07,7.33832335459354e-07,2.75733187348021e-06,9.60269587069632e-06,3.09865858930098e-05,9.26086961875101e-05,0.000256227294849885,0.00065599286846258,0.00155355587456305,0.00340309830854009,0.00689775596560747,0.0129511448267434,0.0225735349453214,0.0366462020376099,0.055648543083364,0.0793564522558908,0.106339088744129,0.132955544191173,0.152080769868846,0.154142966442473,0.131045546694047,0.103356654121171
"22",3.71189173276611e-10,1.72894335596488e-09,8.77899258456685e-09,4.14130608102035e-08,1.81085293981705e-07,7.34104959916358e-07,2.75916370908578e-06,9.61398293987224e-06,3.10503386103306e-05,9.29384668314171e-05,0.00025778707153802,0.000662725541215033,0.00158001224991635,0.00349746607666321,0.00720221920150401,0.0138357424731533,0.0248745377970738,0.0419605316323356,0.0664097144055751,0.0980711429126734,0.133299035534515,0.162764867193535,0.172808599767269,0.151296905139284,0.121341383569219
"23",6.16753325900317e-11,3.1441011137133e-10,1.72536545169258e-09,8.78758754551018e-09,4.14810864158646e-08,1.81568903349599e-07,7.37256432381605e-07,2.77800694332013e-06,9.71737005819937e-06,3.15705418856029e-05,9.5335711467228e-05,0.000267885543496313,0.000701515639172874,0.00171545718461615,0.00392574497000223,0.00842272186214513,0.0169509141753996,0.0319339275132976,0.0559794104058133,0.0902930139920657,0.131695186625407,0.169395770776892,0.186356367273633,0.166788857416373,0.135432853795871
"24",9.49835300709366e-12,5.30798595562073e-11,3.1554615967672e-10,1.74030706799374e-09,8.90101064834282e-09,4.226736379293e-08,1.86563278696203e-07,7.66360329321612e-07,2.93366903585564e-06,1.0481291450196e-05,3.50069751221991e-05,0.00010948120206093,0.000321039904722697,0.000883285186445779,0.00227891540632565,0.0055011790923263,0.0123700500614353,0.0257339062081367,0.0490566316356618,0.0845968840418649,0.129741034619722,0.172913838191679,0.194781770163216,0.176872206509989,0.144790349630392
"25",1.38781318294600e-12,8.59839271614241e-12,5.61088120537153e-11,3.40453231929376e-10,1.92243596122927e-09,1.01218915023616e-08,4.97814446830918e-08,2.29061906505959e-07,9.8731146002488e-07,3.98923952884501e-06,1.51104932112362e-05,5.36112927552702e-05,0.00017783515943438,0.000549905521099673,0.00157880820370697,0.00418754535450175,0.0101988419499709,0.0226442676297693,0.0454280077389819,0.0814139887263594,0.12838817656834,0.17444430238191,0.199025428825577,0.182136975143602,0.149751927165565
