"","X0","X1","X2","X3","X4","X5","X6","X7","X8","X9","X10","X11","X12","X13","X14","X15","X16","X17","X18","X19","X20","X21","X22","X23","X24"
"1",0.463706606055202,0.134037145027495,0.097659248549881,0.0799619006567447,0.0648686046591352,0.0506292482674063,0.0376696258199547,0.0266435174890882,0.017908217281247,0.0114440927384515,0.00695820638061903,0.00402852533076448,0.0022226404409291,0.00116946909552184,0.000587217451892521,0.0002815534935564,0.000128973331322255,5.64682448057003e-05,2.36391673577043e-05,9.46548600654223e-06,3.62549104594869e-06,1.33089897485471e-06,4.67054885807616e-07,1.58272912003861e-07,5.3314801481393e-08
"2",0.436279130442824,0.129813751037787,0.0980021829916721,0.0827729885830354,0.0690799660348242,0.0554149401099827,0.0423738168212083,0.0308111500071827,0.0212983865958079,0.0140029127915836,0.00876251814835476,0.00522291866284854,0.00296760871101767,0.00160853409759137,0.000832305182995308,0.00041137085803359,0.000194321767826924,8.77711861009301e-05,3.79232963717359e-05,1.5681102408997e-05,6.20597873940703e-06,2.35601459639101e-06,8.55415141609313e-07,3.00000369002928e-07,1.04161697145073e-07
"3",0.379617092157199,0.120362664592224,0.0976257394061119,0.0875242594852089,0.0770244716898154,0.064977266474108,0.0521968332362627,0.0398558934453288,0.0289237589942202,0.0199583874990065,0.0131035228077079,0.00819142507715602,0.00487939088326098,0.00277157958058479,0.00150227932328265,0.000777534754808432,0.000384497373860475,0.00018176174678224,8.21790867535492e-05,3.55557972433349e-05,1.47235565684501e-05,5.85086830339378e-06,2.22285641314979e-06,8.15217174200633e-07,2.94090616412382e-07
"4",0.311274419373767,0.107412419752372,0.0948227547703945,0.0908905249074911,0.0848095214319937,0.0756030033409665,0.0640801802110771,0.0515804588679967,0.0394304073797798,0.0286387823346907,0.0197754560428825,0.0129914430229469,0.00812596967686588,0.0048429645616377,0.00275226124433164,0.00149251487000836,0.000772835073862371,0.00038234908411962,0.000180840437495492,8.1826230862178e-05,3.54266966119433e-05,1.47217191005968e-05,5.84479608535246e-06,2.2374830007204e-06,8.36689661486499e-07
"5",0.24398318596338,0.0924988496031526,0.0887202919692558,0.090672121097097,0.0895607831415278,0.0843028980869864,0.0753718588120758,0.0639555348032603,0.0515075150371498,0.0393869960119708,0.0286133154368025,0.0197609302418064,0.0129834426399999,0.00812173388224469,0.0048408202778632,0.00275123410197749,0.00149206951606659,0.000772684161350442,0.000382354982702449,0.000180943851979419,8.19066610751514e-05,3.55916450459482e-05,1.47619874178834e-05,5.89440032796554e-06,2.28168748455439e-06
"6",0.183666991860675,0.0767720130096097,0.079504019230835,0.0862624986221717,0.0899953858448793,0.0893546030494575,0.0842338912855517,0.0753446793801682,0.0639432472882766,0.0515015443977463,0.0393840249318587,0.0286118422073777,0.0197602190493104,0.0129831242090845,0.00812162735992124,0.0048408375927133,0.00275135218126225,0.00149226996062532,0.000772977778583285,0.000382762006446142,0.000181221551545527,8.23719814199443e-05,3.56911653592539e-05,1.48573432767753e-05,5.94671184534592e-06
"7",0.132921438321422,0.0612974157960368,0.0680724668255739,0.0781177948221888,0.0859218308989724,0.0899054193943483,0.0893304189560397,0.0842266702725376,0.0753422081649981,0.0639423144154452,0.051501181659529,0.0393838982708584,0.028611832106391,0.019760290981215,0.0129832869137864,0.00812189724449034,0.00484127666573492,0.00275197026553694,0.00149311613579575,0.000774101224461682,0.000383532933860049,0.000182429849799373,8.25805204959487e-05,3.58196402251521e-05,1.4807720258401e-05
"8",0.0925095560299017,0.0470176369814634,0.0556481297766108,0.0673319551850855,0.0779531919819546,0.0858826039627233,0.0898963547349794,0.0893282224364628,0.0842260839033681,0.0753420481539769,0.0639422972772428,0.0515012442835979,0.0393840489147012,0.0286121147393548,0.0197607864720911,0.0129840660102568,0.00812312677971665,0.00484298238631107,0.00275425747415719,0.0014960646049295,0.000776132299870763,0.000386513432365051,0.000182794922168044,8.25715356203145e-05,3.52157210913126e-05
"9",0.061936961909357,0.0346196046564748,0.0434406068593812,0.0552743467173262,0.0672565885066048,0.077936684518068,0.0858792044106975,0.0898956595603028,0.089328089585503,0.0842260999755826,0.0753421537067039,0.0639425263062718,0.0515016841702524,0.0393848390665559,0.0286134726593045,0.019762902569736,0.012987344379869,0.00812761895734083,0.00484888710249236,0.0027616507084123,0.00150115504433425,0.000783110850270501,0.000386943608408971,0.000181915038546475,7.99491322042435e-05
"10",0.039909526639444,0.0244619589973342,0.0324039116781518,0.0432624368049791,0.055241815222655,0.0672499866682117,0.0779354578138493,0.0858790084413409,0.0898956861862741,0.0893282331343707,0.0842264153459602,0.0753427811115712,0.0639437061903853,0.0515037777846176,0.0393883881109992,0.028618956807013,0.0197712504816337,0.0129986393346962,0.00814217363128128,0.00486658797317135,0.00277377844204085,0.00151663669036007,0.00078291328719827,0.000382810360115036,0.000173162862347134
"11",0.0247620918462802,0.0165872879560749,0.02311855322065,0.0323236940102574,0.0432492277349701,0.0552393307448976,0.0672495896232694,0.0779354688463089,0.0858791828204105,0.0898960867732924,0.0893290614129223,0.0842280367465509,0.0753457949042805,0.0639489963731806,0.0515126289392252,0.0394019444014729,0.0286392433084586,0.0197983456918298,0.0130328685254554,0.00818260428585673,0.00489402773442771,0.00280624530210023,0.00151323578182,0.000768902167668342,0.000357550848340631
"12",0.0148014474227776,0.0107962812967233,0.0157918925119282,0.0230844224178662,0.0323186594708152,0.0432483730507672,0.0552392765198994,0.0672497778861851,0.077935938166101,0.0858801939217426,0.0898981465908894,0.0893330496472682,0.0842353702204812,0.075358531816932,0.0639700386156678,0.0515445607600088,0.039448947927817,0.0287012003139583,0.0198750793151844,0.0131208823676772,0.00824149647479372,0.00495820142523031,0.00279211204789762,0.00147290844327911,0.000703211368110109
"13",0.00852755814357941,0.00674749565603773,0.0103385814604123,0.0157781662616593,0.0230826416198554,0.0323184483134357,0.0432485453503203,0.055239780808171,0.0672509162881419,0.0779383526387675,0.0858850612576417,0.0899074752413592,0.08935002533161,0.0842645501344174,0.0754061538691164,0.0640416259644902,0.0516482736655116,0.0395838434513257,0.0288649939065228,0.0200574770470386,0.0132406213508377,0.00836060082220738,0.00491434818868544,0.00268841703120089,0.00131604619765588
"14",0.00473696624804799,0.00405101873800862,0.00649303778352865,0.0103333769519873,0.0157776313533596,0.0230827525989258,0.0323189404680309,0.0432497216855573,0.0552423841634899,0.0672563817356993,0.0779492649941362,0.0859057743285897,0.0899447937075159,0.0894135328127449,0.084366989073992,0.0755586837824414,0.0642592491135311,0.0519275576451251,0.0399163362553865,0.0292243788604895,0.0202877618763203,0.0134471587123151,0.00824434136186962,0.00467084581673932,0.00234111993216924
"15",0.002537574515292,0.00233738910540846,0.00391516866858444,0.00649121460459545,0.0103333579997537,0.0157780593753888,0.023083861581085,0.032321509583056,0.0432553487427467,0.0552540912646122,0.0672795472761831,0.0779928367706016,0.0859835375623059,0.0900758615962523,0.0896226041306924,0.0846753560020959,0.0759922480881862,0.0648082684578186,0.052568506904557,0.0405886345508538,0.0296426260934504,0.0206201400133652,0.0131718057376326,0.00771635933738376,0.0039540920380993
"16",0.00131096376365526,0.00129665705884531,0.00226812566173451,0.00391466115862815,0.00649152907754104,0.010334305097541,0.0157803674811428,0.0230891474326763,0.0323329876754466,0.0432790311693548,0.0553005630205993,0.0673662108575063,0.078146132056761,0.0862395555623217,0.0904799554657399,0.090213086606402,0.085494057123393,0.0770153365027295,0.0659797795069159,0.0537607680356424,0.0413047168314037,0.0301341684401405,0.0200259431830899,0.0121084902306341,0.00633346100015644
"17",0.000653041319312246,0.000691835447782659,0.0012631145655448,0.00226819250554789,0.00391538573906569,0.00649340721106575,0.0103388132774165,0.0157906050307049,0.0231112044697411,0.0323781483690564,0.0433669628221194,0.0554632361229256,0.0676515497262409,0.078618550684048,0.0869778146264037,0.0915489731339604,0.0916757321818436,0.0872982254673395,0.079042264786511,0.0679810465828177,0.0549142831181647,0.0419623595929111,0.0289542111108182,0.0180306332863344,0.00961040882232515
"18",0.000313553222483531,0.000355130919321182,0.000676533178323958,0.00126356888588376,0.00226956993127812,0.00391886222108846,0.00650167941703664,0.0103574567078192,0.0158304808954339,0.02319226319691,0.0325348303297077,0.0436546495243347,0.0559638747904016,0.068473614960454,0.0798911713881195,0.0888044008685562,0.0940168676206984,0.0946813563629181,0.0906124448538062,0.0822167752579362,0.069725805244093,0.0556878984434156,0.0397944486948435,0.025459738320645,0.0138030247644926
"19",0.000145044454227395,0.000175434481531159,0.000348709595582542,0.000677429089672901,0.00126598592620554,0.00227560707316523,0.00393311859298319,0.00653357966263209,0.0104252154034785,0.0159672798429791,0.0234548607641438,0.0330135473825019,0.0444814622639187,0.0573108656660152,0.0705403145470185,0.0828321539749251,0.0927307223908093,0.0987395860475305,0.0997945950977773,0.095364024195219,0.0846895963294599,0.0704758557173289,0.0519913664880648,0.0340779178795797,0.0187557271332508
"20",6.46275676131528e-05,8.34692115206419e-05,0.000173200377029718,0.000350219837503421,0.000681403216414634,0.00127583166551931,0.00229868528893495,0.00398439560882673,0.00664175906691872,0.010642167213502,0.0163809397202987,0.0242037431437746,0.034297577287239,0.046557443501712,0.0604689350693751,0.0749968745984605,0.0887143873096073,0.0997205992254194,0.10617334919092,0.106497222646997,0.098641306695812,0.0851685679198828,0.0646151435995198,0.0432523886273341,0.0241157624098656
"21",2.77734670797961e-05,3.83633855977905e-05,8.32445424463773e-05,0.000175559647937698,0.000356358841821388,0.000696490480609855,0.0013109305800444,0.00237611807630562,0.00414664817850954,0.00696499567123393,0.0112543741170937,0.0174817006125699,0.0260776650354599,0.0373048163869963,0.0510945677195124,0.0668192310998509,0.0832877699824855,0.0984502060110101,0.109895747637762,0.115077195945701,0.110552458941109,0.0985086651959321,0.0765171696504387,0.0521253519246687,0.0293765968678244
"22",1.15957790614712e-05,1.72162060340566e-05,3.92331801442216e-05,8.67035497710974e-05,0.000184476355823741,0.000378091161190791,0.000746658275199507,0.00142080656852402,0.00260476822547313,0.00459911357623688,0.00781623949065987,0.0127745274653034,0.0200513999077819,0.0301714603673135,0.0434320572496269,0.0596017300213913,0.0778109869410359,0.0960469990043037,0.111561995678553,0.121036735893331,0.119760119643041,0.109435922062029,0.0866021403041652,0.0598144429961057,0.0339945800979006
"23",4.83485497519421e-06,7.80524907266903e-06,1.88411200239892e-05,4.39993275824548e-05,9.88768059503837e-05,0.000213895257086763,0.000445472226789432,0.000893159040191468,0.00172356981960828,0.00319989316074424,0.00571133358532454,0.00978914701235149,0.0160866666557173,0.0252906985855662,0.0379533393662676,0.0541529303738143,0.0733183556158463,0.093558567408786,0.111972352367848,0.124716204014379,0.126095321190933,0.11735885159548,0.0941318338935792,0.0656663504645676,0.037547701007516
"24",2.18404448982836e-06,3.8968751447281e-06,1.00584528614036e-05,2.49973477641297e-05,5.95845032409742e-05,0.000136236091003643,0.000298823583979758,0.000628841823099561,0.00126963061366066,0.00245889247405681,0.00456552702188947,0.00811852070716644,0.013804466502684,0.0223966737365025,0.0345973047597981,0.0506832737137534,0.0702963127917499,0.091666523391472,0.11184639174853,0.126691773078512,0.129869943747361,0.122296647899064,0.0989394229926606,0.0694615479807124,0.039872524118843
"25",1.24719052984114e-06,2.44731571804137e-06,6.70201931157294e-06,1.75404702694777e-05,4.37782839218206e-05,0.00010425601656673,0.000237068044527297,0.000515106623225532,0.00107015892210237,0.00212652743784868,0.00404111401021156,0.00733843742619468,0.0127170587035097,0.0209885444146521,0.0329269239206723,0.048910058573277,0.0686956439836622,0.0905910589358604,0.111644660423509,0.127572409787501,0.131711972194897,0.124792645987911,0.1014145317162,0.0714385100363327,0.0410915975615885
