"","X0","X1","X2","X3","X4","X5","X6","X7","X8","X9","X10","X11","X12","X13","X14","X15","X16","X17","X18","X19","X20","X21","X22","X23","X24"
"1",0.118656206820224,0.111379785630085,0.124005317103816,0.131234284894849,0.126194702161995,0.111406138803049,0.0906161972049634,0.0681048628472647,0.0474813659629347,0.0308173813278721,0.0186800903384322,0.0106039719689057,0.0056503417209573,0.00283160654009112,0.00133664801205176,0.000595047307899533,0.000250046691530363,9.92383400163674e-05,3.72095989362447e-05,1.31811952395996e-05,4.41028959104269e-06,1.39304564414992e-06,4.15151249552748e-07,1.18547144235265e-07,3.84952567299158e-08
"2",0.102315145225702,0.098822909180277,0.114036349118655,0.125265867616252,0.125307285845138,0.115142986171679,0.0974799766617079,0.0762480775851961,0.0553136213776117,0.0373483503660398,0.0235473762172275,0.0139017345271936,0.00770373467202871,0.00401536311749703,0.00197183398031703,0.000913533679140977,0.000399704652034333,0.000165287047846266,6.46289438866628e-05,2.38996340351514e-05,8.35806302697056e-06,2.76337106363962e-06,8.63570549566608e-07,2.59775239333863e-07,8.96006546493694e-08
"3",0.0723050516986476,0.074684115427442,0.093324868335726,0.110969699904751,0.1203093135871,0.119597313934669,0.109253494209513,0.0919806346200982,0.0716408919937336,0.0518115784599122,0.0349113749073341,0.0219836331206739,0.012971195016136,0.00718793886227577,0.003748137259845,0.00184209128311963,0.000854382046897228,0.000374342810657344,0.000155049817566516,6.0736193450551e-05,2.25048093042929e-05,7.88736738777757e-06,2.61522121206629e-06,8.38501163503669e-07,3.10611384436037e-07
"4",0.043153591091607,0.0492542437250818,0.0686180023439049,0.0903745709489813,0.108183832372842,0.118099717573741,0.117843794110999,0.10785696358204,0.0909281282858324,0.0708977054764813,0.0513217464034083,0.0346099470751745,0.0218101568218729,0.0128776441940948,0.00714058575092498,0.0037256072141557,0.00183200383470173,0.000850128264578179,0.000372652412972661,0.000154416650144934,6.05128513092941e-05,2.24317573927881e-05,7.87140022554415e-06,2.68294381896268e-06,1.06291371468029e-06
"5",0.0224451547344445,0.028953171912604,0.0455763691805653,0.0670679596556243,0.0891919085542259,0.107471100020132,0.117675235035923,0.117571065811308,0.107682808846647,0.0908195706446357,0.0708326985908127,0.0512846567077116,0.0345898551651588,0.0217998392849245,0.0128726267142787,0.00713827675943319,0.00372460231646174,0.00183159045376184,0.000849967654618587,0.000372593738012964,0.000154397540484732,6.05124375068437e-05,2.24605396116063e-05,8.13618753489697e-06,3.44151357757054e-06
"6",0.0103239865799904,0.0152557606772962,0.0272550203087442,0.0449613515824463,0.0666462291507267,0.0889839540796497,0.107377080463984,0.11762758136314,0.117546548114239,0.10767004427652,0.0908129973316831,0.0708294042390296,0.0512830611366007,0.0345891102846724,0.0217995047972424,0.0128724826001696,0.00713821735760432,0.0037245789958845,0.00183158198052176,0.000849965939525162,0.000372598780995457,0.000154423979179735,6.06330056313641e-05,2.3350585116974e-05,1.05323894067167e-05
"7",0.00421921432090322,0.00719431569709678,0.0145971966672692,0.0270495440480536,0.0448271845511461,0.066588989117906,0.0889637597884479,0.107368916208545,0.117624272686392,0.117545149913993,0.107669441919559,0.0908127415135867,0.0708292990094394,0.0512830193223314,0.0345890941926783,0.0217994987838877,0.012872480437848,0.00713821678161877,0.00372457995855687,0.00183158807163267,0.000849991964132513,0.000372705355630443,0.000154865475688816,6.34498386944125e-05,3.04843749616914e-05
"8",0.00153367930691493,0.00302759701990075,0.00697245813323547,0.0145371736574079,0.027010725034457,0.0448121953131628,0.0665847098529574,0.0889623405910382,0.107368471851345,0.117624125143029,0.117545096952413,0.10766942245542,0.0908127345648086,0.0708292966492094,0.0512830185644603,0.0345890939738749,0.0217994988316084,0.0128724812768842,0.00713822195605853,0.00372460528150214,0.0018316910983573,0.000850387194461193,0.000374217380478371,0.000163281509716573,8.34764072984202e-05
"9",0.000495813216103987,0.00113417048635007,0.0029618797000203,0.00695696885038453,0.0145269834271508,0.0270070419148817,0.0448113077051066,0.0665844557006041,0.0889622789999922,0.107368456873636,0.117624120961965,0.117545095630427,0.107669422029273,0.0908127344330598,0.0708292966157347,0.0512830186081875,0.0345890944487398,0.0217995022749667,0.0128725014612196,0.00713831788940394,0.00372498271387096,0.00183305773016903,0.000855238853335101,0.000397963162886271,0.000216296312532042
"10",0.00014248967496546,0.000377529563462244,0.00111697061428651,0.00295834310135653,0.00695456223347116,0.0145261521809934,0.0270068671825814,0.0448112618609103,0.066584446578677,0.0889622774108253,0.107368456573931,0.11762412088911,0.117545095610101,0.107669422025223,0.0908127344528009,0.0708292968321452,0.0512830204424491,0.0345891072382371,0.0217995750765034,0.0128728381348479,0.00713960144448359,0.00372939359461423,0.00184765376283781,0.000918511695108951,0.000530271826077427
"11",3.63801035897053e-05,0.000111526115987915,0.000373544802162364,0.00111625670717103,0.00295783555472329,0.00695439288729754,0.0145261206838617,0.0270068592969875,0.0448112604758501,0.0665844463902611,0.0889622773880588,0.107368456570506,0.117624120888884,0.117545095616928,0.107669422106674,0.0908127352492351,0.0708293033339669,0.051283064379312,0.0345893505399133,0.0218006713664283,0.0128768963577641,0.00715289988210536,0.00377058445883174,0.00200684624177917,0.00122965260172087
"12",8.24568352506009e-06,2.92114900680351e-05,0.00011070874124628,0.000373417553052097,0.0011161616090576,0.00295780473510227,0.00695438781782413,0.0145261194497556,0.027006859097724,0.0448112604525272,0.0665844463882183,0.0889622773879944,0.107368456572338,0.117624120913952,0.11754509589993,0.107669424787017,0.0908127564825171,0.0708294429170002,0.0512838181250088,0.0345926657815981,0.021812612437464,0.0129143668348522,0.00726196631741578,0.00414862031332584,0.00269575221148588
"13",1.6574384650658e-06,6.7782677040392e-06,2.90631443213572e-05,0.000110688739899682,0.000373401778185874,0.00111615662663548,0.00295780401673502,0.00695438764660732,0.0145261194240032,0.0270068590950091,0.0448112604523472,0.0665844463885799,0.0889622773940725,0.107368456653125,0.117624121806417,0.117545104153712,0.107669488609446,0.0908131663487701,0.0708316076040469,0.0512931327298334,0.0346253834086682,0.0219113033026096,0.0131853228920701,0.0081087902152644,0.0055832218634711
"14",2.95063787289804e-07,1.39206544041914e-06,6.75448097778697e-06,2.90603759464075e-05,0.000110686430131964,0.000373401065209607,0.00111615653772028,0.00295780399594726,0.0069543876436922,0.0145261194237248,0.0270068590950454,0.0448112604534575,0.0665844464065171,0.088962277629592,0.107368459215372,0.117624145085904,0.11754528077013,0.107670601131925,0.090818930515526,0.0708559297530014,0.0513766319419979,0.0348683490600921,0.0225427115876645,0.0149733093701329,0.0109147509010642
"15",4.64397366791211e-08,2.52722979850033e-07,1.38870295565377e-06,6.75414419917297e-06,2.90600783633316e-05,0.000110686340110558,0.000373401055651602,0.00111615653552885,0.002957803995662,0.00695438764367284,0.0145261194238732,0.0270068590980672,0.0448112605016962,0.0665844470330212,0.0889622843623633,0.107368519539414,0.117624595811683,0.117548074660837,0.107684839284985,0.0908779704920833,0.0710544432332947,0.0519355843275447,0.0362477937365579,0.0260976289752523,0.0201196418604665
"16",6.44686061299418e-09,4.04913149925228e-08,2.52305170107358e-07,1.38866703784432e-06,6.75411059195125e-06,2.90600683717944e-05,0.000110686339223136,0.000373401055452376,0.00111615653550539,0.00295780399567611,0.00695438764407021,0.0145261194316066,0.0270068592188018,0.0448112620445972,0.0665844633840788,0.0889624288838164,0.107369584398343,0.117631101895843,0.117580739272617,0.1078181441422,0.0913176646969837,0.0722555664114803,0.0547589217286138,0.0428958944331369,0.0349313123986071
"17",7.87034562608601e-10,5.71300303922733e-09,4.04458538504249e-08,2.52301823652913e-07,1.38866372673596e-06,6.75410962173079e-06,2.90600683010752e-05,0.000110686339207681,0.000373401055452416,0.00111615653555317,0.0029578039967437,0.00695438766346431,0.0145261197212701,0.0270068628107551,0.044811299274081,0.0665847865372881,0.0889647719079987,0.107383683927939,0.117700840113939,0.117860956540136,0.10872560594656,0.0937273163847855,0.0776640905813725,0.0664380883813158,0.0570556401927735
"18",8.41754423310186e-11,7.07811785319974e-10,5.70869219177609e-09,4.04455827890043e-08,2.52301540754617e-07,1.38866364481224e-06,6.75410961693644e-06,2.90600683002778e-05,0.000110686339214075,0.000373401055605213,0.00111615653855081,0.00295780404614972,0.0069543883508765,0.0145261278216526,0.0270069437028665,0.0448119819363998,0.0665896263047913,0.0889933475718581,0.107522626690674,0.11824994293908,0.119606504792123,0.113236065662209,0.103414032796872,0.0969113582735589,0.0875815030881543
"19",7.84999304181301e-12,7.67256395496802e-11,7.07457668426289e-10,5.7086732278282e-09,4.0445561985405e-08,2.52301534786477e-07,1.38866364456427e-06,6.75410961777944e-06,2.90600683236681e-05,0.000110686339707186,0.000373401064260789,0.00111615666735186,0.00295780568877932,0.00695440639334006,0.0145262983832338,0.0270083236743256,0.0448214510520111,0.0666441011714401,0.0892525475688536,0.108527314489865,0.12138054190373,0.127479382946514,0.129437177828152,0.133127700999801,0.126245201739246
"20",6.34580745397889e-13,7.24325287223686e-12,7.67006268984777e-11,7.07456532346086e-10,5.7086719235201e-09,4.0445561616203e-08,2.52301534874623e-07,1.3886636477531e-06,6.75410969557095e-06,2.90600698459008e-05,0.000110686364305424,0.000373401399825134,0.00111616059625122,0.00295784557933189,0.00695475868987699,0.0145289935611173,0.0270260104383468,0.0449196765548893,0.0670984295192703,0.0909720000402749,0.113764733017602,0.134187972874754,0.152754252721988,0.172353554806197,0.170844021744977
"21",4.41416614210528e-14,5.92090819261068e-13,7.2417477847364e-12,7.67005692834368e-11,7.0745646358739e-10,5.70867191207597e-09,4.04455619447565e-08,2.52301544769042e-07,1.38866387775312e-06,6.75411396962212e-06,2.90601350178979e-05,0.000110687197498096,0.000373410492477234,0.00111624646772466,0.00295855280035098,0.00695983878325839,0.014560589717279,0.0271939416516916,0.0456693500117965,0.069853893771035,0.0991472931935123,0.133173488185225,0.170934781407144,0.210701424332834,0.217208999827495
"22",2.6179022911331e-15,4.16063355961915e-14,5.9201456884891e-13,7.24174535283624e-12,7.67005666868654e-11,7.07456486485217e-10,5.70867283834393e-09,4.04455887260365e-08,2.52302144226211e-07,1.38867459124307e-06,6.75427053211508e-06,2.90620430304448e-05,0.000110706921210035,0.000373585926918487,0.00111760293694881,0.00296770862507942,0.00701361373390201,0.0148325377598228,0.0283586109213429,0.0498054022711284,0.0817618886714265,0.12654198027881,0.182949808705507,0.244098367858692,0.260030681152617
"23",1.30834128441055e-16,2.49049393912753e-15,4.16031322726441e-14,5.92014497848366e-13,7.2417463766301e-12,7.67006272947795e-11,7.07458758489501e-10,5.70873624636674e-09,4.04469620069395e-08,2.52325902871e-07,1.38901023241982e-06,6.75821222986078e-06,2.9101119735984e-05,0.000111038348326808,0.000376016822354483,0.00113312245814045,0.00305398109785388,0.00742827583636462,0.0165311142221398,0.0341668404520326,0.0659867632819271,0.11778716889781,0.189420579921522,0.269520688992615,0.294446862053077
"24",5.42725183006345e-18,1.25522456109671e-16,2.49038530867411e-15,4.16031848355553e-14,5.92017796372857e-13,7.24189627893674e-12,7.67057486485864e-11,7.07593353005826e-10,5.71152430638891e-09,4.04934564143669e-08,2.52961221403842e-07,1.39623073106955e-06,6.8273644216649e-06,2.96657481140338e-05,0.000115007984823313,0.000400218215179921,0.00126137609497833,0.00364234420199482,0.00973742053158969,0.0241356267910402,0.054663421234604,0.110177814841131,0.192084298223843,0.285955602370774,0.317788680208394
"25",1.83151883398814e-19,5.24771601954331e-18,1.25549045863968e-16,2.49158600796486e-15,4.1641501202152e-14,5.93028739543158e-13,7.26460438996633e-12,7.71447779838907e-11,7.14898083570949e-10,5.81573455627617e-09,4.17648093375694e-08,2.66224778271676e-07,1.51485594506297e-06,7.74083929133622e-06,3.57533975109496e-05,0.000150275631557421,0.000578147825055509,0.00204058868183102,0.00657408619562712,0.0190416696454807,0.0484204945262992,0.105473311684412,0.192833562261511,0.294476329189196,0.330366210661016
