"","X0","X1","X2","X3","X4","X5","X6","X7","X8","X9","X10","X11","X12","X13","X14","X15","X16","X17","X18","X19","X20","X21","X22","X23","X24"
"1",0.00871887514602753,0.00720632873593036,0.0099261844949862,0.0136111245674435,0.0178572573124293,0.0228329732494113,0.0283214670347848,0.0341304928827754,0.0400040478360735,0.0456494051094098,0.0507595015515724,0.055042663829273,0.0582509126115822,0.0602043675508172,0.0608094976904533,0.0600722021062267,0.0581094380857134,0.0551347991053531,0.0515954894228018,0.0477895044937013,0.0441647247733533,0.0410979174678789,0.0419101322624774,0.0393813952033178,0.0474192974761986
"2",0.00757877820545692,0.00630539521879757,0.00874278150763377,0.0120726224452406,0.0159633659016323,0.0205781870007733,0.0257431498789126,0.0312992079603124,0.037023354100309,0.0426501991307639,0.0478907381091233,0.0524588706943372,0.0560982270613449,0.0586070753956164,0.0598592498785155,0.059822219344254,0.0585760748190017,0.0563038337829094,0.0534589457980134,0.050324773770418,0.047366929250846,0.0449729602959971,0.0469458881967179,0.0448281828076394,0.0545289894454248
"3",0.00615040329430042,0.00516929149160705,0.00724033313275356,0.0101049011840872,0.0135203445307745,0.0176428237022406,0.0223527078489506,0.0275347107325903,0.033010855492499,0.038555028464771,0.0439067453620462,0.0487929952088012,0.0529524498577055,0.0561602885511797,0.058252004609083,0.0591477069641334,0.0588809511413123,0.0575953044401158,0.0557561380958937,0.0536255657406144,0.0516924159690624,0.0503538320355755,0.0541047174766677,0.0526671729055292,0.0648303117676968
"4",0.00466483243584782,0.00397676279460021,0.00564817965967795,0.00799811412871021,0.0108734802676131,0.0144220202196451,0.0185810395729635,0.0232836215411664,0.0284039102910067,0.0337641675566836,0.0391427182550336,0.0442899741902751,0.0489487550892177,0.0528778843736349,0.0558781727843819,0.0578230956404609,0.058698787806857,0.0586075322509148,0.0580356861382086,0.0572196397857839,0.0566748518539851,0.0568016544807018,0.0629623652236046,0.0625248787322866,0.0778978749267302
"5",0.00333127403789164,0.00289236154261877,0.00418117938176836,0.00602931791185544,0.00835987357895604,0.011310918695978,0.0148707140912749,0.0190187475763466,0.0236822805577966,0.0287365912554818,0.034007031948427,0.0392786706594681,0.0443116087243511,0.0488619066690037,0.0527083221931416,0.0556884546606184,0.0577499527839283,0.058960568810307,0.0598412533520573,0.0606023432045014,0.0617884698235605,0.0637925924807531,0.0729741408933258,0.0738932222387637,0.0931282029278165
"6",0.00225661860667967,0.00200349323406683,0.00295794323459955,0.00435764080172991,0.00618171965571571,0.00855712696023462,0.011511850011595,0.0150649119914937,0.0191924722901367,0.0238227472310363,0.0288328228364284,0.0340520302126973,0.0392715984302883,0.0442616103116909,0.0487968504761103,0.0526969315777066,0.0558878722709702,0.0584175284463268,0.0608603824358272,0.0634059931029248,0.0666322928501318,0.0709129031679515,0.0836968550393343,0.086351448940653,0.110016355883662
"7",0.00145709902863398,0.00132800340711329,0.00200868366876749,0.0030317119460501,0.0044118265552442,0.00626316569674863,0.00864041469968527,0.0115924744850686,0.0151364538070111,0.0192491472789305,0.0238597993409446,0.0288479810838397,0.0340475613200293,0.0392589060997907,0.0442724650773357,0.0489113430133102,0.0531019876566006,0.0568932843528673,0.0609374534642953,0.0654149799178432,0.0709449020096202,0.0778709633118383,0.0947960041890565,0.0995685007458356,0.128154887843531
"8",0.000899243929906103,0.000844598766605269,0.00131257234486974,0.00203467109653343,0.00304414456515961,0.00444072319260236,0.00629333965653457,0.00867010979388952,0.0116188793050561,0.015157183226125,0.0192624987703918,0.0238659272144239,0.0288511550171961,0.0340618328001604,0.0393221429062291,0.0444806385220959,0.0494887617847287,0.0544216905417147,0.0600377706785637,0.0665265989436895,0.0745608509495349,0.0844474838602253,0.105981723371491,0.113233306065704,0.147142152696561
"9",0.000531559911222807,0.000516449690173635,0.000826763399476392,0.00131908411633235,0.00203272596349086,0.00305193570067461,0.00444945222214006,0.00630240119324748,0.00867836214837043,0.0116255072264891,0.0151619750793469,0.0192669926666845,0.0238760800341118,0.0288842883893311,0.0341637650550689,0.0396083077264397,0.0452187331249234,0.0511237090560231,0.0582182469189583,0.066724783275004,0.0773868381894719,0.0904727127799215,0.116983011208208,0.127028205209206,0.166548109715674
"10",0.000301478766506263,0.000304090057465085,0.000502584531691394,0.00082678405238602,0.00131422800512986,0.00203345373167546,0.00305330680197749,0.00445129220144933,0.00630430214706693,0.00868021175511709,0.0116278549620003,0.0151672996923928,0.0192829163170101,0.0239237670477349,0.0290189447822875,0.0345230285973606,0.0405078447355609,0.0471819783700744,0.0556071219993826,0.0660659523604182,0.0793936993996298,0.0958237604375265,0.127549619690724,0.140633274001193,0.185921205556232
"11",0.000164305893042491,0.000172628236095273,0.000295105599258836,0.000501266010203457,0.000822835006145958,0.00131336974530614,0.00203300084230135,0.0030532267445905,0.00445148904961918,0.00630498380812053,0.00868237122354132,0.0116347473109045,0.0151882947915517,0.019343491322182,0.0240895996011095,0.0294519037254725,0.0355900144323401,0.0428154463137287,0.0523831400231807,0.0646645337810469,0.0806092777393773,0.100424968650926,0.137460880463704,0.153740075371877,0.204809044314367
"12",8.61548743759326e-05,9.45661858724109e-05,0.000167453965733924,0.00029401592906136,0.000498836139514534,0.000822049813889195,0.00131282089266201,0.00203269994161324,0.00305321605266696,0.00445214531823312,0.00630762267239824,0.00869098569825853,0.0116605640556566,0.0152614658772246,0.0195409405691336,0.0245987901311168,0.0306929272040973,0.0382551908426117,0.0487541729347337,0.0626768631944118,0.0811095644429575,0.104247479444597,0.146535982447373,0.16606871929732,0.222784772074479
"13",4.35019891924829e-05,5.00120966520655e-05,9.18362212289455e-05,0.000166817578194773,0.000292728500893547,0.000498387266658887,0.000821730840351968,0.00131266088779612,0.00203281246233037,0.00305409337290502,0.00445538776245925,0.00631796878402936,0.00872161395083081,0.0117465490414823,0.0154914533619891,0.0201286886250598,0.0260182007750236,0.03372248129429,0.0449359248012969,0.0602834089820737,0.0810071731140713,0.107306089514296,0.154642432512981,0.17738428778246,0.239473758481446
"14",2.11613871783127e-05,2.55369887320489e-05,4.86694595139039e-05,9.15230179519242e-05,0.000166200621304349,0.00029252093452751,0.000498250339683461,0.000821705146867647,0.00131290564059142,0.00203391803782378,0.00305793536170811,0.00446746449926142,0.00635346903321227,0.00882065812442442,0.0120096747645814,0.0161587380057757,0.0217271122413846,0.029410671213232,0.0411323598944727,0.0576706400100201,0.0804377925184473,0.109653102721962,0.161701065975692,0.18751012918827,0.254576794873375
"15",9.91817415124286e-06,1.25871760129685e-05,2.49145279878083e-05,4.8531644410352e-05,9.12485096606841e-05,0.000166118133150249,0.000292480006611583,0.000498301535957843,0.000822042769804599,0.00131421210694876,0.00203834107743299,0.00307173742382578,0.0045078558396849,0.00646560809984378,0.00911683351932609,0.0127556347046696,0.0179325005146792,0.0254722110564739,0.0375195299779285,0.0550142117724002,0.0795458640106653,0.11136961605273,0.167686737239055,0.196336197299392,0.267886766827191
"16",4.47813944615096e-06,5.98641299427774e-06,1.23132585259325e-05,2.48588478037568e-05,4.84167038212314e-05,9.12211093307547e-05,0.00016612007503071,0.000292570790986867,0.000498705516160976,0.0008235309673645,0.00131919927396353,0.00205384194573105,0.00311694409049874,0.00463282619367974,0.00679393971371645,0.00993866418237951,0.0146967946174199,0.0220115085541528,0.0342341386631482,0.0524650992222152,0.0784709777001678,0.11255516582276,0.17262454252221,0.203821394259884,0.279296761416601
"17",1.94704859283328e-06,2.74559660496001e-06,5.87153003825613e-06,1.22923591738033e-05,2.48134529927861e-05,4.84112759821786e-05,9.12411678607522e-05,0.000166233158906548,0.000293028445201811,0.00050036383747912,0.000829062189173503,0.00133634152841756,0.00210368102615851,0.00325417811749637,0.00499164911682267,0.00768704809723069,0.0120354902974593,0.0190837120662663,0.0313676443775058,0.0501400057270376,0.0773364954997113,0.113317002409629,0.176582146411312,0.209989778790311,0.288798816472629
"18",8.14774610119524e-07,1.21351703726266e-06,2.69958486766728e-06,5.86426881600869e-06,1.22757641401734e-05,2.48164004684979e-05,4.84396191707154e-05,9.13698274211996e-05,0.000166738969071282,0.000294848388789037,0.000506413832855762,0.000847760252072367,0.00139053828743222,0.00225235584177761,0.00364119006481816,0.00594999643992963,0.00992483694948833,0.0166987710972544,0.0289659561409374,0.0481167567117019,0.0762415578836623,0.113760280725775,0.179659312996814,0.214921357049956,0.296473834611127
"19",3.27940847567278e-07,5.16497017877996e-07,1.19591954052826e-06,2.69735313062901e-06,5.85916035508286e-06,1.22820915697954e-05,2.48496819124722e-05,4.85818254854951e-05,9.19218082111167e-05,0.00016871419607097,0.000301390202274376,0.000526567133124497,0.000905983914757248,0.00154966514541766,0.00266483095422741,0.00465778412035356,0.00831215100320055,0.0148295457884886,0.0270340584022552,0.0464346762221937,0.075257091817623,0.113980230175234,0.181976012435978,0.218738805590466,0.302474260620258
"20",1.26860243541674e-07,2.1152122572064e-07,5.10097477786423e-07,1.19547944057213e-06,2.69679194561448e-06,5.86733901549656e-06,1.23197087424429e-05,2.50058825050809e-05,4.9181043859655e-05,9.40505513758787e-05,0.000175727524073417,0.000322904791724583,0.000588482874108649,0.00107452883799183,0.00198472559072905,0.00373231726337843,0.00712704102191235,0.0134223154943366,0.0255442425090942,0.0450991683752143,0.0744257232046705,0.114056920567999,0.183660557962676,0.221592010578094,0.30700216812816
"21",4.71303447536805e-08,8.32893105783234e-08,2.0936669125696e-07,5.10366108167993e-07,1.19697011894131e-06,2.70686636497564e-06,5.91049033814582e-06,1.249327424539e-05,2.56592804422628e-05,5.14737210187637e-05,0.000101539400770317,0.000198554894518408,0.000388256705189074,0.000765540393078646,0.00152950095525002,0.00309609822674677,0.00629211064384585,0.0124081055894504,0.024446472366187,0.0440893943962875,0.0737650628329072,0.114052804339466,0.184838885850034,0.223642105018683,0.310285277632597
"22",1.68200071164262e-08,3.15523363072021e-08,8.27811383708848e-08,2.10231728254465e-07,5.136597126499e-07,1.21076849627508e-06,2.76043108345573e-06,6.11301049845433e-06,1.32260302804594e-05,2.81652923633249e-05,5.95217582699106e-05,0.000125786341247334,0.000267376317911845,0.000573439068881838,0.00123865116598264,0.00267930556518597,0.00573255292029536,0.0117140671906364,0.0236801092938919,0.0433684208612654,0.0732739922352867,0.114012924204528,0.185625088897353,0.225045216081995,0.312551217519619
"23",5.83738629089725e-09,1.16614079152234e-08,3.2026246491835e-08,8.50380357151139e-08,2.17425568542605e-07,5.3741521444591e-07,1.29003059469908e-06,3.0273639132031e-06,7.00288598269913e-06,1.61056453226526e-05,3.70796926015929e-05,8.57257376878418e-05,0.000198904007614855,0.000461695049667371,0.00106528483547911,0.00242530589061778,0.00538468870556828,0.0112747300401967,0.0231866625476032,0.0428954432369135,0.0729415488890243,0.113967380696734,0.186112686421903,0.225935333348445,0.313999215570268
"24",2.19119957416503e-09,4.68486187524088e-09,1.35243953815784e-08,3.77242989376277e-08,1.01506081001485e-07,2.64965141572614e-07,6.75631570842996e-07,1.69760251045794e-06,4.24058319048959e-06,1.05998806618127e-05,2.65573771255487e-05,6.6467158865227e-05,0.000165212635862887,0.000405524097886643,0.00097642948074017,0.00229283623213173,0.00520042909626713,0.0110387517851106,0.022918164508408,0.0426344708101208,0.0727539630075848,0.11393449938583,0.186370695505591,0.226414792887637,0.314783567736923
"25",1.31344930964874e-09,2.93387907769364e-09,8.74440612917193e-09,2.51686064880353e-08,6.99486924673634e-08,1.88974979754576e-07,5.00275907573874e-07,1.30970098228167e-06,3.41800957877956e-06,8.92823621593422e-06,2.33041706181429e-05,6.04119227771727e-05,0.000154454297984288,0.000387333202989802,0.000947286807627415,0.00224889623738587,0.00513869784749731,0.0109589865859764,0.0228266593212307,0.0425447524845573,0.0726885923787117,0.113921562183274,0.186457108191794,0.226577236460192,0.315050264600684
