"","X0","X1","X2","X3","X4","X5","X6","X7","X8","X9","X10","X11","X12","X13","X14","X15","X16","X17","X18","X19","X20","X21","X22","X23","X24"
"1",0.0273717764815192,0.031589969196327,0.034262986085597,0.0357104053496534,0.0368206141113895,0.0379439733509017,0.03914238549042,0.0404306269459786,0.0417678894451917,0.0430751515411823,0.0442511158786181,0.0451904480666479,0.0458004826633598,0.0460114935331559,0.045779629684153,0.0450858816250322,0.0439366321350384,0.0423638792567462,0.0404337507510759,0.038285406760579,0.0360898062541373,0.0341026466874759,0.0335607970119825,0.0372214622986769,0.0537707893951443
"2",0.0254363178188309,0.0293999771171466,0.0319747130800096,0.0334592074748324,0.0346764555285346,0.0359474849562668,0.0373252308501066,0.0388187461478706,0.0403849866962914,0.0419445846645906,0.0433963936727615,0.044634218373903,0.0455622391487294,0.0461046565545517,0.0462086818801639,0.0458441551702477,0.0450053773638969,0.0437127465099044,0.0420233743389338,0.0400745933425,0.038040202904692,0.0361880771622585,0.0358507472428349,0.0400014383243894,0.0579853936757358
"3",0.0228645274782482,0.0264864702953819,0.0289235614008854,0.0304470007851656,0.0317937253410941,0.0332469215064464,0.0348488113848144,0.0366020396579956,0.038461734600211,0.0403491098586973,0.0421641018627181,0.0438000334849715,0.0451572746405625,0.0461519965341898,0.0467191886859964,0.0468131304157836,0.0464109771364252,0.0455163697990381,0.0441730293945777,0.0425147845244696,0.0407183776144188,0.0390676761929546,0.0390280452867583,0.0438735814832726,0.0638675306349065
"4",0.0199567873786982,0.0231868547745579,0.0254571823215758,0.0270083270179194,0.028481212357453,0.0301180058516465,0.031950696098488,0.0339765673498654,0.0361505009545988,0.0383960470443559,0.0406158117001652,0.0427036844763387,0.0445563997401636,0.0460811827005207,0.0471987132189736,0.0478445334373949,0.047974693054128,0.0475717384142005,0.0466619703899515,0.0453734974579411,0.0438850077450751,0.0424981006021316,0.0428375543094873,0.0485400050681109,0.0709749265362417
"5",0.0170251010345656,0.0198525672989045,0.021939611805853,0.0234964436179783,0.0250688834905301,0.0268600944606566,0.0288942674438519,0.0311658350689871,0.0336319252442542,0.0362207824553573,0.0388397563331501,0.0413849285117873,0.0437504026084311,0.0458346790004017,0.0475434348505516,0.0487918208608308,0.0495122755502631,0.0496631120045174,0.0492498800506866,0.0483924291966759,0.0472694140698631,0.0461997396831392,0.0469817815539093,0.0536489956980244,0.0787818381068131
"6",0.0142759763479089,0.0167171264195338,0.0186145273238088,0.0201505185001136,0.0217836634594866,0.0236832359972786,0.0258690185707747,0.0283357490727946,0.0310456219851944,0.0339341113575468,0.0369155537478693,0.0398901550198811,0.0427509500848114,0.0453887812936729,0.0476947271613284,0.0495631444653549,0.0509016100368379,0.0516421699172107,0.0517670434145423,0.0513852581460046,0.0506729170913961,0.0499643339880397,0.0512362724211145,0.0589323767033714,0.0868851574741075
"7",0.0118111441568934,0.0138967328120474,0.0156054642239927,0.0170952377262857,0.01874830483457,0.0207062751806863,0.0229879526896474,0.025591449753617,0.0284866457972197,0.0316185675741563,0.0349106467028741,0.0382691725107475,0.0415879286775146,0.0447516747184208,0.047638037586094,0.0501210970923347,0.052083311985541,0.0534293843652007,0.0541163874428724,0.0542402202013144,0.053971819945816,0.0536582599187372,0.0554532551432745,0.064209930471778,0.0950110984883479
"8",0.00966842529547114,0.0114360433776078,0.0129627313117931,0.0143855922709377,0.0160222888452913,0.0179929025039027,0.0203181810325174,0.0230021410144691,0.0260244238887965,0.0293414503830099,0.0328874891838569,0.0365766754266918,0.0403053748428224,0.0439540917537589,0.0473886385790403,0.0504640344753414,0.0530382046691685,0.0549883268074561,0.0562453325051127,0.0568901641055466,0.0570862093338085,0.0571903791761668,0.0595274318467192,0.0693488930376963,0.102954574333001
"9",0.00785033241774873,0.00934005669845012,0.0106957915985228,0.0120373248738816,0.0136290044834774,0.0155748356635428,0.0178996844582987,0.020615261076972,0.0237123470960192,0.0271599757351955,0.0309044869845437,0.0348692693176862,0.0389549374037793,0.043039619810726,0.0469792402516383,0.0506114956371726,0.0537710755383929,0.0563082904584434,0.0581277812904237,0.0592943218122256,0.0599618076630194,0.0604941014324244,0.0633776326321113,0.0742429624495143,0.110548363215774
"10",0.00633880865586791,0.00759044645249655,0.00878965348225325,0.0100420325184857,0.0115688002979486,0.0134623987413861,0.0157531887657004,0.0184615861117937,0.0215901626552234,0.0251211195481818,0.0290135299979036,0.0332009901175314,0.0375897284154396,0.0420572627011288,0.0464516609385753,0.0505953818284399,0.0543017421663608,0.0573955797561866,0.0597559066598257,0.0614307893386164,0.0625632537182763,0.0635214750606023,0.0669415175533664,0.0788070083882818,0.117655976130112
"11",0.00510492133666586,0.00615629683832089,0.00721562673951477,0.00837704209707182,0.00982745760553284,0.0116512897353692,0.0138850466124877,0.0165581562054307,0.0196849656542713,0.023260774457039,0.0272574812004757,0.0316193503059469,0.0362592011390752,0.041055464243074,0.045850334506206,0.0504532903269875,0.0546585377490064,0.0582674330177197,0.0611347382740241,0.0632919329580537,0.0648704071854028,0.0662403918818406,0.0701736080162749,0.082975753556569,0.124170498357624
"12",0.0041149239565171,0.00500083797000073,0.00593811187738839,0.00701170151564843,0.00838165467480766,0.01012701097561,0.0122904914909776,0.0149102703193197,0.0180119073118065,0.0216031968108416,0.025668440002454,0.0301625478315676,0.035005483261492,0.0400777881452776,0.0452175916312314,0.0502236675397847,0.0548736019579725,0.0589476913775536,0.0622784057771922,0.0648813468613185,0.0668760980393464,0.0686331428764098,0.0730446379361087,0.0867039136493796,0.130015536209979
"13",0.00333405082810529,0.00408569938226476,0.00491895989791014,0.0059115269514657,0.00720270679493334,0.00886806451733869,0.0109561733536161,0.0135132706089522,0.0165751620722825,0.0201611213134081,0.0242670058397018,0.0288579222224681,0.0338611146686041,0.0391600714308776,0.0445904013827868,0.0499423377392662,0.0549794059224535,0.0594635206014035,0.0632072317053841,0.0662114520189832,0.0685843172729877,0.0706952344338832,0.0755410041497872,0.0899662869420313,0.13514595794909
"14",0.00272876556132458,0.0033734736026245,0.00412018382360424,0.00504090770865199,0.00625916767449251,0.00784836763747957,0.00986230004220542,0.012354319327119,0.0153692527239801,0.0189365586135092,0.023062493444309,0.0277215628745834,0.0328480615420793,0.0383288982933543,0.0439983987029692,0.0496402113125473,0.0550062902939657,0.0598429352731852,0.0639453896263038,0.0673014135046405,0.0700084846807842,0.0724340561944385,0.0776638409628393,0.0927571857362102,0.139547480842785
"15",0.00226802938804035,0.00282920783061994,0.0035056244977334,0.0043648977522918,0.00551871665721708,0.00703919532410134,0.00898457279745719,0.0114142467826644,0.0143807179173214,0.0179221858341096,0.022053956329115,0.0267588924162457,0.0319778129895979,0.0376011968477469,0.0434630048834939,0.0493419881048679,0.0549808403117791,0.0601129544328591,0.0645189566998342,0.0681751994657979,0.0711696047852284,0.0738671937025583,0.0794274797771896,0.0950889021853408,0.143234622286775
"16",0.00192398673404538,0.00242125547898097,0.00304198696075783,0.00385045162587282,0.00494960666258544,0.00641083083339001,0.00829600112041703,0.010669465664104,0.0135900392814672,0.0171031851087973,0.0212318296118016,0.0259660109206548,0.0312523380490174,0.0369847436485857,0.0429974444693498,0.0490656853568987,0.054924956795891,0.0602982765709657,0.064954274036704,0.0688597149753581,0.072094257417035,0.0750203391147873,0.0808572462841109,0.0969891498785151,0.146246923399893
"17",0.00167228615401956,0.00212172132245652,0.00269946600724963,0.00346728106278777,0.00452179051293267,0.0059339749349458,0.00776857813920086,0.0100938665302039,0.0129736845005812,0.0164593398671507,0.0205799699652423,0.0253315631109271,0.0306656662628702,0.0364793560015783,0.0426074690666143,0.0488228415630258,0.0548555217131117,0.0604204222274141,0.0652766110992312,0.0693830505027253,0.0728124998641836,0.0759249074381663,0.0819867330948727,0.0984976646322121,0.148643734426283
"18",0.00149215511301485,0.00190662510208928,0.0024520730236546,0.00318841422505628,0.00420776578922311,0.00558090505449388,0.00737475527342869,0.00966058114085794,0.0125061049648793,0.015967187114969,0.0200778615296267,0.0248388815960326,0.0302058444494297,0.0360785403054657,0.0422925872417877,0.0486192396922749,0.0547845561061117,0.0604973024013944,0.0655091545761893,0.0697729259706506,0.0733558176848431,0.076615546058866,0.0828547912971883,0.0996622948625355,0.150498089425924
"19",0.00136629856081701,0.00175585662565746,0.00227772804380743,0.00299050079299997,0.00398315208491037,0.00532636245033954,0.00708865420292039,0.00934350950060918,0.0121615425298862,0.0156020428497982,0.0197027747867797,0.0244681734293005,0.0298570303847811,0.035771365537356,0.0420475936446951,0.0484559817653658,0.0547197538948051,0.0605431570639598,0.0656723319958298,0.0700554081433222,0.0737552676297685,0.0771277431017133,0.0835025165612731,0.100534964834608,0.151890289584683
"20",0.00128067034206089,0.00165297406141548,0.00215816312854075,0.00285389519170134,0.00382701237345031,0.00514815274462601,0.00688697007722595,0.00911852953134758,0.0119155276137961,0.0153397470884986,0.0194316931551417,0.0241985404154692,0.0296015001190186,0.0355443382390853,0.0418641884111452,0.0483307359925005,0.0546652572457753,0.0605687857556042,0.065783456547735,0.0702539569165874,0.0740399383401508,0.0774957288884552,0.0839705024231616,0.101167901147113,0.152901834250381
"21",0.00122416433120028,0.00158489732014445,0.00207868861803579,0.00276256365843185,0.00372195371711854,0.00502748002083306,0.00674956652680564,0.00896436599667092,0.0117460179554855,0.0151580487559649,0.0192428989189378,0.0240096992636186,0.029421415515119,0.035383114829397,0.0417325228302042,0.0482390047817028,0.0546225463714822,0.0605819787074566,0.0658566458795505,0.0703888037199757,0.0742357855936102,0.0777507814569407,0.0842965334811752,0.101610383964534,0.153610137785592
"22",0.00118829308946526,0.0015415760491109,0.00202791069003413,0.00270390979775721,0.00365410658820983,0.00494911638225995,0.00665986394709127,0.0088632157796396,0.0116342661895907,0.0150377048488409,0.0191172746354179,0.0238834357194102,0.0293003616540287,0.0352740355327014,0.0416426311403948,0.0481753517224796,0.0545913642355075,0.0605880564628556,0.0659029158690844,0.0704765612540454,0.0743647438445983,0.0779198432185245,0.084513629750841,0.101905929464826,0.154083902133272
"23",0.00116692547585785,0.00151571790573918,0.00199749921987783,0.00266863030311129,0.00361310761631588,0.00490154469859982,0.00660516997536984,0.00880128635472969,0.0115655762229122,0.0149634509251575,0.0190394671190423,0.0238049223564537,0.029224759045468,0.0352055535836938,0.0415857856841431,0.0481345850873968,0.0545706329564973,0.0605904352307475,0.0659303302113626,0.0705299132938175,0.0744439354082482,0.078024246690056,0.0846482107632784,0.102089614027219,0.154378699844894
"24",0.00115594672803669,0.0015024114033514,0.00198180975147274,0.00265037073627083,0.00359181415260614,0.00487675309119989,0.00657657387304561,0.00876880786094017,0.0115294470567785,0.0149242848481124,0.0189983110427146,0.0237632715847094,0.0291845237445244,0.0351689680605386,0.0415552573769232,0.0481124933280818,0.0545591087367379,0.0605911480769183,0.065944342272763,0.0705577417702141,0.0744855603748944,0.0780793572577073,0.0847194556320846,0.102187041097262,0.154535200142101
"25",0.00115233524072051,0.00149802995591305,0.00197663542922167,0.00264433669502977,0.00358476232980093,0.00486852534221018,0.00656706435081066,0.00875798671944467,0.011517387831636,0.0149111890842244,0.0189845259143951,0.0237492955822413,0.0291709960187432,0.0351566384916806,0.0415449362129915,0.0481049836776042,0.0545551323573413,0.060591273230721,0.0659489339058292,0.070566981561593,0.0744994484250795,0.0780977939231051,0.0847433328655898,0.102219732479688,0.154587742374375
