"","X0","X1","X2","X3","X4","X5","X6","X7","X8","X9","X10","X11","X12","X13","X14","X15","X16","X17","X18","X19","X20","X21","X22","X23","X24"
"1",0.0320312863745444,0.0318625614108719,0.0342275541545063,0.035787782489519,0.0369664928296121,0.0381132506088644,0.039325170418602,0.0406111954022495,0.0419287418722772,0.0431991383467425,0.0443241111506248,0.04520311048416,0.0457483308425107,0.0458939306900714,0.045599138420521,0.044848306492281,0.0436513857364483,0.0420471743137811,0.0401165456896819,0.037997811136068,0.0359043915184197,0.03437862777569,0.0350641676300015,0.040498391919471,0.0446714022924642
"2",0.0297814567420588,0.0296743059625797,0.0319693209382788,0.0335640781196635,0.0348494630602412,0.0361460973673108,0.0375396267953681,0.0390335586632077,0.0405830238542756,0.0421087884609864,0.0435123078374295,0.0446916369176959,0.0455553271772572,0.0460311141452425,0.0460691426130413,0.0456427452706201,0.0447501493783407,0.0434193607734691,0.0417238659849096,0.0398005064026588,0.0378694111367623,0.0365089097800149,0.0374889176272441,0.0435383155961087,0.0481485693952177
"3",0.0267907350837303,0.0267615023320741,0.0289561267276559,0.0305862986586899,0.0320007313816186,0.0334826886953155,0.0351037635238449,0.0368614205390197,0.0387088743297117,0.0405671533905435,0.0423381948810812,0.0439188135739507,0.045213045766679,0.0461400748413614,0.0466375774120667,0.0466634650325203,0.0461992837705068,0.0452573882519206,0.04390014686686,0.0422614034234774,0.0405696537689247,0.0394525391429843,0.0408554568527375,0.0477735238189498,0.0530001379337589
"4",0.0234074408336436,0.0234601460950355,0.0255295603393506,0.0271832015035076,0.0287233821285371,0.0303928426700927,0.0322491444871312,0.0342847821628486,0.0364525897039485,0.0386755227248958,0.0408574455402361,0.0428948049615463,0.0446871155768801,0.0461439280232253,0.0471882429934377,0.0477593341548712,0.047818144168162,0.0473572329262036,0.046424290526101,0.0451480613266917,0.0437655793011757,0.042962610198146,0.0448953903651143,0.0528790689225615,0.0588601383666397
"5",0.019993705185208,0.0201206528451319,0.0220478952293756,0.0237025984200688,0.0253419875221512,0.0271702332014283,0.0292332452498147,0.0315210342648529,0.0339885054434068,0.0365628332583683,0.0391517926318318,0.0416529740157245,0.0439622424985371,0.0459795952288676,0.0476125339164801,0.0487799533384574,0.0494196534727917,0.0495013352401497,0.0490549395961411,0.048201642147892,0.0471857349434138,0.0467548388523785,0.0492951297135829,0.0584709910956843,0.0652939526882442
"6",0.0167895270781015,0.0169762771037756,0.0187514868351189,0.0203805642514452,0.0220803745228162,0.0240215370910374,0.0262419185808486,0.0287321573974693,0.0314520204837032,0.0343353975671047,0.0372961726503227,0.0402349512251674,0.0430454218006888,0.0456189772203803,0.0478478942043968,0.0496301703355284,0.0508791276353646,0.0515395576565946,0.0516211691035398,0.0512350365294489,0.0506305237219011,0.0506171120246426,0.0538176755527608,0.0642563441814226,0.0719686052464037
"7",0.0139135355400934,0.0141436174949164,0.015762868079705,0.0173409256385862,0.0190603917747835,0.0210644603487723,0.0233867490741115,0.0260215474326575,0.0289360908954002,0.0320732960418127,0.0353552565439385,0.038687533038981,0.0419634025831725,0.0450671373046836,0.0478768164523848,0.0502699312172386,0.0521349565317403,0.053390621649195,0.054024569797899,0.0541354673303268,0.0539752095570966,0.0544128380579148,0.0583064696608805,0.0700380268599476,0.0786582810937453
"8",0.0114103341885185,0.0116681428998707,0.0131327784188444,0.0146392053984336,0.0163419957142809,0.0183629696707711,0.0207348463817599,0.0234580600271688,0.0265093994389338,0.029842663816692,0.0333899231434341,0.0370634720416578,0.0407579919006415,0.0443524004501184,0.0477121176351149,0.0506952231690972,0.0531658058202043,0.0550162370643141,0.056210995618554,0.0568344851073396,0.0571386208776241,0.0580482434705313,0.062649315681193,0.075670552473559,0.0851942195913271
"9",0.00928358465124774,0.00955583532139068,0.010871839909261,0.0122923894673989,0.0139497718806645,0.0159498237573759,0.0183269830376828,0.0210895943222776,0.0242254025068992,0.0277003448744067,0.0314577537750712,0.0354181130407989,0.0394791915922707,0.0435164046915532,0.0473843685288133,0.0509233844219496,0.0539743310341923,0.0564037398474566,0.0581526042797554,0.0592898050192962,0.060065037534432,0.0614542254122324,0.066759135641805,0.0810371750398194,0.0914391604119332
"10",0.00751302112224913,0.00778935317916103,0.00896652931490877,0.0102936174958582,0.0118855860198813,0.0138367603528866,0.0161851005422606,0.0189478602229321,0.0221244269017879,0.0256934851210372,0.0296103643785561,0.0338047656549674,0.0381789578929815,0.0426066262683692,0.0469335792381462,0.0509843425682613,0.0545783376921812,0.0575574986517663,0.0598397714875466,0.0614779103109957,0.062717573485907,0.0645804733850444,0.0705685249601634,0.0860441774597678,0.0972813562923674
"11",0.00606563840817452,0.00633865046789432,0.00738965111922151,0.0086217764688011,0.0101367784141431,0.0120209865936696,0.0143169263547526,0.0170510601674149,0.0202344452983667,0.0238585078266194,0.0278907535440899,0.0322706545940348,0.0369060314758898,0.0416704033469577,0.0464027513878224,0.0509140313637301,0.055004378489387,0.0584929667077919,0.0612758127485466,0.0633895887119828,0.0650745966103517,0.067392764134042,0.0740278256008447,0.0906195002798361,0.10263351988562
"12",0.00490269585904481,0.00516764834575241,0.00610695859562767,0.0072476212046338,0.00868145430898875,0.0104894303798524,0.0127190499546333,0.0154057134599601,0.0185716276600829,0.0222204240952313,0.0263314561601166,0.0308540515954814,0.0357022307681031,0.0407506149401228,0.0458331960648906,0.0507496135566385,0.0552831395431271,0.0592324625997897,0.0624733453551108,0.0650270064891649,0.067127584945711,0.0698716181952489,0.0771045783040481,0.0947129577757738,0.10743351984285
"13",0.00398411441371633,0.00423846480925295,0.00508142603938366,0.00613783090737716,0.00749212656563944,0.00922182828513199,0.0113793438720964,0.014008322667346,0.0171411920402708,0.0207928387246033,0.0249537122187065,0.0295826572108325,0.0346001413971687,0.0398828156250289,0.0452612872950561,0.0505260501635293,0.0554460298252578,0.0598019736377206,0.0634514723369369,0.0664013997637893,0.0688794046234194,0.0720111998214212,0.0797830566830991,0.098296388949738,0.111644922123463
"14",0.00327109682388938,0.00351398319135799,0.00427593024917913,0.0052576813686657,0.00653827648899393,0.00819308825254333,0.0102790403017402,0.0128470752448224,0.0159386470941123,0.0195786624129663,0.0237675995819511,0.0284731356729869,0.0336220718988131,0.0390936708524036,0.0447164737279463,0.050273816211036,0.055522748051275,0.0602287260476135,0.0642334981316711,0.0675310543355088,0.0703426383513292,0.0738180375494687,0.0820633745635637,0.101363076161962,0.115256597434186
"15",0.00272762132184772,0.00295936706760947,0.00365492345349472,0.00457284246509507,0.00578823971504678,0.0073752186031436,0.00939463923659246,0.0119036498671301,0.0149514049709059,0.0185714375036464,0.022772986758392,0.027531626863067,0.0327800838903833,0.0384004974901421,0.0442203574231869,0.0500175795303889,0.0555396509612499,0.060539350064042,0.0648450031909595,0.0684393944422688,0.0715377718600827,0.0753093511328521,0.0839599099159904,0.103926093376109,0.118280998896359
"16",0.00232126453866946,0.00254294492682667,0.003185498322877,0.00405064335274476,0.00521067788875407,0.00673899179941017,0.00869972302400084,0.011155115089292,0.0141606769462942,0.0177571302511632,0.0219611171847246,0.0267550235166935,0.0320768783494961,0.0378116990743836,0.0437866479461982,0.0497756765051436,0.0555187855261384,0.060758530397545,0.065312192345715,0.0691531141115679,0.0724911843731073,0.0765109364368403,0.0854989941149508,0.106015519307288,0.120751034670161
"17",0.0020236027309774,0.00223669220505234,0.00283805309386288,0.00366097097434868,0.00477574356501236,0.00625538422919438,0.00816665062425975,0.0105758292193763,0.0135435045149028,0.017116198142943,0.0213166040008611,0.0261327792232213,0.0315073064380519,0.0373278823533337,0.0434218095058738,0.0495602434116955,0.0554774905147893,0.0609080961612824,0.0656605178766938,0.0697003943990431,0.0732330228215378,0.0774547200013973,0.0867160143094114,0.107674716751178,0.122715772931686
"18",0.00181032587088761,0.0020164311294757,0.00258666170324859,0.00337687618405126,0.00445597080209749,0.00589677583122833,0.00776806376065464,0.010139222737523,0.013074760920864,0.0166257289327822,0.0208196048282354,0.0256490032448605,0.0310602626561417,0.0369434303403319,0.0431262085975385,0.0493778557279273,0.055428474133977,0.0610065167992125,0.0659136051610905,0.0701092938498501,0.0737951026398873,0.0781761798033996,0.0876521915759069,0.108956041468315,0.1242354113005
"19",0.00166114379888723,0.00186181842190243,0.00240920797334983,0.00317492524844037,0.00422689947548831,0.00563788169488174,0.00747813718494362,0.00981935401250299,0.0127289736714254,0.0162614661231621,0.0204479631115605,0.0252846112176237,0.0307207250844187,0.0366483071506343,0.0428955631825255,0.0492305164849613,0.0553802608514311,0.0610687577885003,0.0660925001136908,0.0704063980369478,0.0742089862062512,0.0787118490426782,0.0883513338876514,0.1099164029804,0.125376017255728
"20",0.00155954013234247,0.0017561706160494,0.00228732658255539,0.00303532503117756,0.00406744048341832,0.00545639594646519,0.00727352179588303,0.00959215221828062,0.0124818458911199,0.0159995641363434,0.0201791291560818,0.0250193225336158,0.0304717220473784,0.0364298758482709,0.042722491372856,0.0491168233872175,0.0553378826228263,0.0611064279814006,0.0662152346607577,0.0706157929575508,0.074504373465647,0.0790971099249132,0.0888568616090646,0.11061310824867,0.126204561350101
"21",0.00149242802571983,0.00168617816674653,0.00220620055255987,0.00294186529208297,0.00396001423335788,0.00533336469158792,0.00713397725591554,0.00943631991850833,0.01231142177965,0.0158179898640558,0.0199917498481987,0.0248333692166412,0.0302960721572505,0.0362745673200639,0.0425979995913171,0.0490331685641331,0.0553036941068774,0.0611281344277462,0.0662966706774982,0.0707583729887257,0.0747078688295801,0.0793643983138517,0.0892092964452237,0.111100277884661,0.126784599848034
"22",0.00144978755281673,0.00164158902996145,0.00215430398179081,0.00288177300880099,0.00389056160011152,0.00525338923762546,0.0070427942253139,0.0093339903618984,0.0121989816172884,0.0156976417750403,0.019866979649178,0.0247089468046011,0.0301779039715198,0.0361693815274334,0.0425128678126303,0.048974907612667,0.0552782317469285,0.0611399528345257,0.0663485241679056,0.0708513837708964,0.0748420272518649,0.0795417264727474,0.0894441221849321,0.111425733702469,0.127172498099041
"23",0.00142436940860651,0.00161494951640389,0.00212319055599368,0.00284559215624521,0.00384855375899172,0.00520479840114485,0.006987155484231,0.00927129577063587,0.0121298247097827,0.0156233409567207,0.0197896562448945,0.024631532297671,0.0301040549032589,0.0361032891127007,0.0424589633896032,0.0489374900429582,0.0552610686724829,0.0611459268353069,0.0663794472314126,0.0709080461276142,0.0749244983428249,0.0796513163704042,0.0895897710727963,0.111628040591839,0.127413828045466
"24",0.00141130238016935,0.00160123135807341,0.00210712650202448,0.0028268520002999,0.00382672124711507,0.00517945978667099,0.00695804894217195,0.00923839907474351,0.0120934327216858,0.0155841326993973,0.0197487385676631,0.0245904463747495,0.0300647337560983,0.0360679587895341,0.0424299878913969,0.0489171734779715,0.0552514420333136,0.0611485572191579,0.0663953354424989,0.0709376483179518,0.074967881638278,0.0797091972294867,0.0896669058264263,0.111735358065277,0.127541928657834
"25",0.00140700247848497,0.00159671238635001,0.00210182607088373,0.00282065623388858,0.00381948778627933,0.00517104720784168,0.00694836625552502,0.00922743508121044,0.0120812821868436,0.0155710191979075,0.0197350296094054,0.0245766561446622,0.0300515094240038,0.036056047813324,0.0424201862371128,0.0489102592014103,0.0552481033838623,0.0611493279831063,0.066400559750476,0.0709474870102574,0.0749823636360308,0.0797285675242549,0.0896927634742628,0.111771370883067,0.12758493303954
