"","X0","X1","X2","X3","X4","X5","X6","X7","X8","X9","X10","X11","X12","X13","X14","X15","X16","X17","X18","X19","X20","X21","X22","X23","X24"
"1",0.00591411180140369,0.00877968624772067,0.013292418991738,0.0193193708682934,0.0266828409797576,0.0350713317852987,0.0439124652424764,0.0524943999440495,0.0601109392753878,0.0662119110831601,0.0704135184539823,0.0725141050982747,0.0723800048146,0.0700327289330053,0.0657207210080001,0.0598881535700671,0.0530441643661714,0.0456869857552299,0.038264424410631,0.0311629402161775,0.0246996743194731,0.01916735266537,0.0150372511404916,0.0133805576148373,0.0168179414143992
"2",0.00493148440645357,0.00741290616412994,0.0113934607679933,0.016798361146912,0.0235067530228066,0.0312872145186638,0.0396755131689684,0.0480650157178412,0.0558152038537727,0.0623809533176331,0.0673348383054404,0.0703983333960684,0.0713638313174493,0.0701724168657621,0.0669774112201193,0.0621232971258532,0.0560440224745573,0.0491988335207117,0.0420314180692791,0.0349502627392579,0.0283187276952769,0.0225169983238653,0.0182200857334913,0.0169442745044608,0.0221383826232284
"3",0.00375318784107169,0.00574800987334273,0.00903587993379316,0.0136139733958076,0.0194361447374445,0.0263700573901894,0.0340860159403174,0.0421139780580217,0.0499110435432792,0.0569595852578035,0.0627968456027612,0.067059723757468,0.0694490687614348,0.0698001606161911,0.0681396688002779,0.0646777323630545,0.0597398423517966,0.0537183904868719,0.0470340596363457,0.0401098680245063,0.033362538575265,0.0272945084308859,0.022896229949854,0.0223908046743671,0.0305026819978448
"4",0.0026003413342947,0.00408494066254614,0.00662032876026524,0.0102728351218834,0.0150755474814677,0.0209983983505075,0.0278520112448412,0.0353151204848779,0.0429661779081683,0.0503464311873661,0.0569874956690897,0.0624608371872439,0.0663792901722742,0.0684641501015654,0.0686001376475172,0.0668429022860626,0.0633834831691144,0.0585174485583802,0.0526132065718294,0.046085907221097,0.0393975901874074,0.0331981944331482,0.0289143331549171,0.0297746946845611,0.0422481964195698
"5",0.0016499936272641,0.0026757190128694,0.00450350662791557,0.00724961810781567,0.0110145009511802,0.015857693946614,0.0217176694108362,0.0284157903244908,0.0356621048429148,0.0430869079693373,0.0502584125191571,0.0567249222061326,0.0620385957977406,0.0658205885653649,0.0678184889680288,0.0679305305023472,0.0661985417709033,0.0627950478922776,0.0580025721637404,0.052194847162291,0.0458564898202012,0.0397990274789783,0.0360135893442826,0.0390682314947276,0.0576466094925843
"6",0.000965469633431424,0.00162541569892127,0.00285888095654261,0.00480431913441073,0.00760518838759985,0.0113870792854731,0.0161925584621809,0.0219680253847148,0.0285522900696816,0.0356843277754266,0.04300821991169,0.0500999890036847,0.0564956090861023,0.061750191007518,0.0654980591193738,0.0674929125798117,0.0676250531262375,0.0659263877905336,0.0625635820826,0.0578327374505171,0.0522103465347315,0.04667686696439,0.0439283930207293,0.0502471241827737,0.0770009733509195
"7",0.00052306243394003,0.000918747017985792,0.0016975082863982,0.0029937892274086,0.00496513035569344,0.00777376948300254,0.0115364428061663,0.0163004453623052,0.0220208674209706,0.0285512679954984,0.0356372266845019,0.0429263423150996,0.0499878702095913,0.0563586408837156,0.0615999538368457,0.0653488211148518,0.0673550415946527,0.0675041926268171,0.065826641352625,0.0625100974966125,0.0579928007085879,0.0534316744359172,0.0523849627249149,0.0632664097696112,0.100588293856282
"8",0.000262363131393358,0.00048323655268076,0.000942493245338945,0.00175280599095009,0.00306065660857679,0.00503560393265205,0.00783556578943966,0.0115797799136392,0.0163194609223243,0.0220165566833843,0.028527547866837,0.0355994942873958,0.042876678626951,0.0499284903219006,0.0562944330805649,0.0615369101897798,0.0652912311602726,0.0673052197966171,0.0674654945344274,0.0658312844356848,0.0627800722590077,0.0596598044592737,0.0610673905737294,0.0780012135316357,0.128546212105539
"9",0.000121680283904817,0.000236285287956128,0.000488811430192588,0.000962863377794648,0.00177800160758157,0.00308747754903611,0.00505890430979702,0.00785141103044538,0.0115858460429727,0.0163163225678564,0.0220059705809944,0.0285118425194881,0.0355795335951187,0.0428532801659294,0.0499035227575359,0.0562701789594978,0.0615149830061396,0.0652725616464129,0.0672934071904324,0.0675017470441393,0.0662037793170934,0.0649650928030591,0.0696174080697577,0.0942199179841553,0.160799170872704
"10",5.20242534284795e-05,0.00010718262209388,0.000236390591406108,0.000495351465042323,0.000971261538240493,0.0017870904700589,0.0030952873262121,0.00506400626334548,0.00785297654908007,0.0115841519840575,0.0163120770821558,0.0220000801255517,0.02850463032026,0.0355712655593033,0.0428445924974788,0.0498951893463753,0.0562627383682634,0.0615088450379823,0.0652719914381475,0.0673502539878969,0.0679822591975834,0.0689920028470135,0.077658314947341,0.111582818765604,0.197017217416073
"11",2.04307830184204e-05,4.49879989122782e-05,0.000106365230544015,0.000238158068036986,0.000497779157482051,0.000973964747951385,0.00178938200599444,0.00309670232189524,0.00506428157024835,0.00785222644313496,0.0115826312462283,0.0163101014946129,0.0219977578545931,0.0285020362157851,0.0355685901650983,0.0428420663791854,0.049892970235938,0.0562610767945942,0.0615128805772161,0.0653457630326921,0.0679499215222818,0.0714622103511336,0.0848286586201467,0.129657238123447,0.236601819059825
"12",7.33851300720143e-06,1.74176263473863e-05,4.44094816884508e-05,0.000106742031537993,0.000238752416437385,0.000498477206971485,0.000974548128065826,0.00178971576782871,0.0030967122468257,0.00506400757856579,0.00785174895152301,0.0115820472346478,0.0163094429523222,0.0219970425882879,0.0285013137930293,0.0355679203490736,0.0428414903046222,0.0498927132667951,0.0562672778995138,0.0616032115864033,0.0660774581135899,0.0722059759459097,0.0908177280076042,0.147945363180836,0.278701144828562
"13",2.39901970308095e-06,6.19618324993074e-06,1.71463101127773e-05,4.44606636218386e-05,0.000106859556246585,0.000238906142087699,0.000498604109614328,0.000974613519438131,0.00178970119672211,0.00309662942300324,0.00506387840441978,0.0078515992586293,0.0115818852566563,0.0163092721308309,0.0219968739363613,0.0285011607099818,0.0355677937919178,0.0428416348873059,0.0499003640194133,0.0563750287659738,0.0624791742621491,0.0711832869165955,0.0953968923343673,0.165920762023183,0.32225487717841
"14",7.09813239127092e-07,2.01596344368683e-06,6.09593212168707e-06,1.71446884987206e-05,4.4477700628706e-05,0.000106888086061883,0.00023892967691005,0.000498614800594672,0.000974607344743477,0.00178968096099093,0.00309660013545608,0.00506384588384936,0.00785156531094227,0.0115818504099863,0.0163092385192394,0.0219968446121036,0.0285011419045194,0.0355680682859222,0.0428506280118062,0.0500266750490951,0.0574054434028654,0.0684921349022062,0.0984430117855652,0.183069234523982,0.366064552295224
"15",1.88837479968599e-07,5.96495373309179e-07,1.98527796078654e-06,6.09225397040371e-06,1.71457590201432e-05,4.44819907007462e-05,0.000106891722166388,0.000238931120607332,0.000498613299251354,0.000974603432330052,0.0017896755694085,0.00309659433829423,0.00506384001306395,0.00785155946416991,0.0115818451889785,0.016309236068913,0.0219968559401038,0.0285015085771647,0.0355785166610914,0.0429966141719073,0.0512189409236925,0.0643623809036362,0.0999518490372035,0.198930009279992,0.408881043673516
"16",4.48336819702074e-08,1.59430512463733e-07,5.88607284507298e-07,1.98392143194532e-06,6.09196276651884e-06,1.71462398000058e-05,4.44824368559551e-05,0.000106891878097849,0.00023893086975017,0.000498612719302108,0.00097460265850918,0.00178967475938594,0.00309659356421495,0.0050638394526555,0.00785156016799999,0.0115818524966739,0.0163092766465536,0.0219973699270601,0.0285136804120995,0.0357453045386676,0.0443551995147597,0.0591338298758349,0.100039275974321,0.21313290207869,0.449500105033087
"17",9.41549301298195e-09,3.81855210496433e-08,1.57725342736259e-07,5.88277536843144e-07,1.98379661221255e-06,6.0919930948961e-06,1.71462788998617e-05,4.4482449649334e-05,0.000106891850354559,0.000238930809316351,0.000498612640938746,0.000974602589484963,0.00178967480168714,0.00309659434310918,0.00506384427936495,0.00785158429036799,0.0115819618671867,0.0163100920299488,0.0220117908408699,0.0287027040943644,0.0372722428153532,0.0532190949144475,0.0989283591428746,0.225426839244047,0.486855681324131
"18",1.73111484336047e-09,8.11882191879952e-09,3.78784670070599e-08,1.57666294548083e-07,5.88251131231343e-07,1.98379567424554e-06,6.09199494831294e-06,1.71462795853011e-05,4.44824478290976e-05,0.000106891846681737,0.0002389308080178,0.000498612682241704,0.000974602993552903,0.00178967753811505,0.00309660920736561,0.00506391251456769,0.00785186439068502,0.0115834205004113,0.0163277925498525,0.0222253800324951,0.0303988148404703,0.047055657509321,0.0969215172710437,0.235694637958565,0.520101179192743
"19",2.75171011342156e-10,1.51511776325725e-09,8.07321952617999e-09,3.78705340554115e-08,1.57662538892597e-07,5.88250713008791e-07,1.98379566367415e-06,6.09199498866178e-06,1.71462797153042e-05,4.44824493462107e-05,0.000106891863133131,0.00023893096839306,0.000498613946134164,0.000974610947030308,0.00178971852534536,0.0030967869696388,0.0050645910409723,0.00785467582252374,0.0116063798609139,0.0165701590531391,0.0240923604321635,0.0410566504899581,0.0943617645427771,0.243950940423613,0.548666426947253
"20",3.72037143610161e-11,2.44782057294197e-10,1.50957056862669e-09,8.07241122139489e-09,3.7870146927277e-08,1.57662502921594e-07,5.88250770279747e-07,1.9837961091598e-06,6.09199772901433e-06,1.71462958522234e-05,4.44825486870541e-05,0.000106892510652165,0.000238935024815706,0.000498636414957954,0.000974717783638447,0.00179015354372859,0.00309834334021521,0.00507014757282619,0.00788651526996833,0.0118849854014841,0.018613247174482,0.0355704261511523,0.0915903477200206,0.250323565354667,0.572282588451623
"21",4.18619309145909e-12,3.36566029352554e-11,2.44238448523316e-10,1.50950917989943e-09,8.07239244172182e-09,3.78702507763431e-08,1.57663330731269e-07,5.88256185755817e-07,1.98382678810607e-06,6.09215350252023e-06,1.71470367151865e-05,4.44860003026573e-05,0.000106908433086096,0.000239005608764823,0.000498925401420314,0.000975779446941829,0.0017936511541239,0.00310943176769374,0.00511748200390802,0.00821434562150618,0.0141166801815181,0.0308564071831721,0.0889112733468994,0.255022715275561,0.590966891904343
"22",3.8067054989116e-13,3.85228118137917e-12,3.36157648622486e-11,2.44243832278748e-10,1.50960995411149e-09,8.07332892029252e-09,3.78772670157451e-08,1.57707577948804e-07,5.88496381239448e-07,1.98497345116691e-06,6.09708095748598e-06,1.71665984609572e-05,4.45593757114207e-05,0.000107171011711259,0.000239897101499891,0.000501750505875472,0.000984055919355286,0.00181680985121359,0.00318607991414262,0.00551977777321721,0.0106642556590869,0.0270842117343582,0.0865730791726545,0.258301257838003,0.604951051544041
"23",2.689129385715e-14,3.56496454586062e-13,3.85371763022636e-12,3.3669801878925e-11,2.4484418590616e-10,1.51492258718518e-09,8.11203963912323e-09,3.81152454142424e-08,1.5896594863857e-07,5.94318182205732e-07,2.00892663681682e-06,6.18617243563507e-06,1.74709266406974e-05,4.55262399923464e-05,0.000110048174990245,0.000247914667413009,0.000522630191611508,0.00103574084955463,0.00195453715105573,0.0037171789902548,0.00825819167283434,0.0243599417516099,0.0847733172348593,0.26040701974606,0.61454148599496
"24",1.42408924445655e-15,2.63528636127894e-14,3.711115223973e-13,4.0605044692646e-12,3.59105236922987e-11,2.64286892112361e-10,1.65417943661735e-09,8.95463630757269e-09,4.25008142157671e-08,1.78905986186474e-07,6.74616801273316e-07,2.29900556766194e-06,7.13755670706433e-06,2.033357557753e-05,5.34921761677821e-05,0.000130641277260978,0.000297499047045655,0.000635073780981934,0.00129353557369051,0.00271064051790622,0.00686977131114738,0.0227442156221897,0.0836583603755756,0.261548622143048,0.620027471100058
"25",1.25198569117086e-16,3.42915712547954e-15,6.50076478985259e-14,9.03879182138453e-13,9.72528215425751e-12,8.42464010040177e-11,6.0535523232779e-10,3.68977649413202e-09,1.94118973532334e-08,8.94221121812794e-08,3.651428599058e-07,1.33594541096736e-06,4.4217766040787e-06,1.33528723364814e-05,3.70576636085733e-05,9.50703276121779e-05,0.000226517484170543,0.000504262997198575,0.00107094535900447,0.0023625320823958,0.00637902132331649,0.022162916574468,0.0832466633674467,0.261936309570277,0.621959114289204
