"","X0","X1","X2","X3","X4","X5","X6","X7","X8","X9","X10","X11","X12","X13","X14","X15","X16","X17","X18","X19","X20","X21","X22","X23","X24"
"1",0.0102320775199773,0.00829151399006472,0.0108987557818978,0.0145156795178942,0.0186808150439778,0.023568128554532,0.0289234060974345,0.034540320145468,0.0401782270254504,0.0455592101464042,0.0503987782642404,0.0544290293331613,0.0574245884841828,0.0592253466463397,0.0597542255691172,0.0590335346575419,0.0571920838707055,0.0544623965958933,0.0511798343462432,0.0477941374214154,0.0447335096448847,0.0426568430105124,0.0407798164401907,0.0366101251800316,0.0489376167124304
"2",0.00893002648980011,0.00728307529488609,0.00963894597394896,0.0129282462362183,0.0167672536557028,0.0213221400990939,0.0263839285159245,0.0317790514452797,0.0372958794687249,0.0426807531538598,0.0476642241613118,0.0519820796058728,0.0554001950195055,0.0577380960882619,0.0588894887109145,0.058843916300499,0.0576998839647776,0.0556677763943911,0.0530750681266747,0.0503839047421839,0.0480347460704958,0.0467314341756303,0.0455097779868005,0.041422590625399,0.0559475176938331
"3",0.00729251680986391,0.00600680530789176,0.00803334895259267,0.0108900982394646,0.0142894605072199,0.0183876555450463,0.0230332543865902,0.0280959913397224,0.0334041990899754,0.0387393390807343,0.0438562305234797,0.0485008031131867,0.0524329464784708,0.0554505482976854,0.0574131639093271,0.0582704934338154,0.0580834761264156,0.0570349264655768,0.0554432118524073,0.0537882544155499,0.0525249769113975,0.0524150930697643,0.0522220636241442,0.048323107431379,0.0660680350882895
"4",0.00558015400974439,0.00466022737942261,0.00632256591452187,0.00869589636661987,0.0115904010217904,0.0151513078874453,0.0192879773720668,0.0239182548164453,0.0289172866580686,0.0341102174926382,0.0392855826227943,0.0442087936018861,0.0486419171133687,0.0523673200351303,0.055214043017334,0.0570936038051743,0.0580300048120434,0.0581792053534842,0.057852843457275,0.0575541963340956,0.0577521569928118,0.0592706655828169,0.0605087274269396,0.0569592950485431,0.07884735587753
"5",0.00403115095802363,0.00342680278528734,0.00473410699408693,0.0066296000002887,0.00900791976615484,0.0120029964150141,0.0155793246686415,0.0197013372740765,0.0242926294538002,0.0292268000016079,0.0343340644001554,0.0394098515231999,0.0442305433888846,0.0485755534053595,0.0522553015988933,0.0551538544398444,0.057267684791892,0.0587340255964851,0.0598651249836595,0.0611944989112209,0.0632029023363682,0.0667722768863071,0.0698505958281316,0.0668614962766801,0.0936595573159274
"6",0.00276999856218545,0.0024059332876575,0.00339605310228116,0.00485730654612137,0.00674803497322323,0.00919056047191474,0.0121934089698103,0.0157613521230335,0.0198634499523299,0.0244223903417674,0.0293151226088343,0.0343764689779374,0.0394102225877328,0.0442085666917611,0.0485803170768457,0.0523993323304335,0.055651086421618,0.0584690598511979,0.0611789734310783,0.0643544020212149,0.0684864902968863,0.074505574087081,0.0798280006315423,0.0776437016778015,0.109984192977701
"7",0.00181944062329679,0.0016205709504246,0.00234436579238514,0.00343376201062784,0.00488936367253211,0.006821207119795,0.00926879649172996,0.0122682678705638,0.0158276951764813,0.0199156178863313,0.0244570107879653,0.0293323828617258,0.0343841788112345,0.0394328648318333,0.0443043040855871,0.0488827584711564,0.0531639610529504,0.0572980984460286,0.0616425811246134,0.0668248820111134,0.073347715744774,0.0821782193650044,0.090127686518787,0.0890069093477048,0.127407358945345
"8",0.00114562305161288,0.00105013679686059,0.00156123006661814,0.00234710662309792,0.00343232170117961,0.00491370022148563,0.00684909210211329,0.00929594421597901,0.0122926172842591,0.0158469988087409,0.0199294133594757,0.0244681914955687,0.029351924783921,0.0344421552158946,0.0395992501920324,0.0447390565591007,0.0498911337223099,0.0552465660971404,0.0612171349630829,0.0685021688681674,0.0776209811708686,0.089566396506725,0.10048194125632,0.100677378963443,0.145531535973994
"9",0.000693062989125033,0.000656042401895701,0.0010047611950434,0.00155340852224276,0.00233676015524923,0.00343763854458499,0.00492143799174605,0.00685712240857054,0.0093035985273724,0.0122993362169991,0.0158538823965438,0.0199412338550122,0.0244990228071698,0.0294383918685166,0.0346683812426178,0.0401557649257107,0.0459873626040388,0.0524209018534838,0.0599480296238156,0.0693611358301797,0.0812053056880963,0.0964900705986257,0.110643368749492,0.112382498445261,0.163941480558599
"10",0.000403566310223879,0.000395743246485641,0.000625656590950997,0.000996310023483873,0.00154363337077925,0.00233616080679445,0.00343859727359491,0.00492292857443518,0.00685908327155566,0.0093063287198346,0.0123048948620455,0.0158686192117925,0.0199824897054267,0.0246108308400978,0.029720863101974,0.0353458254128227,0.0416507468903941,0.0489848419131757,0.0579456975832401,0.0694415825547775,0.0840561620975944,0.102809841744273,0.120385632604818,0.123853724508733,0.182210238780687
"11",0.000226538723068592,0.000230794865280889,0.000377261910281529,0.00061953252252655,0.000989577526223115,0.00154207286894884,0.00233554761375708,0.0034384695945571,0.00492349562332689,0.00686112769006957,0.00931262651410683,0.0123233062598364,0.0159199805832627,0.0201189307637503,0.0249498190969031,0.0305227511389242,0.0370974489612347,0.04513614737524,0.0553665256550332,0.0688350195298125,0.0861791222770142,0.108427808098222,0.129510679093683,0.134837408650715,0.199918007064214
"12",0.000122738738290054,0.000130236490252474,0.000220380911599818,0.000373554495505723,0.000615582737703782,0.000988430376164287,0.00154147841707365,0.00233534243115236,0.00343900675824994,0.0049258876805003,0.0068687918793184,0.00933496108507652,0.0123848542136234,0.0160814680626387,0.0205160938433589,0.0258803848221116,0.0325394110098594,0.0410846311548995,0.0523936521532815,0.0676705326538572,0.0876226139516472,0.113288447224747,0.137857396455605,0.145108183291326,0.21667593916215
"13",6.42363610279301e-05,7.11405050913297e-05,0.000124728691985576,0.000218374777222499,0.000371468033155048,0.000614957088732804,0.000988124656478439,0.00154149552854945,0.00233613729454649,0.003441964346531,0.00493505492895319,0.00689515275427965,0.00940691587006098,0.0125720188501751,0.0165382950531669,0.0215780731948631,0.0281660021925099,0.0370322825697356,0.0492180367195278,0.0660994632160182,0.0884686769214632,0.117377421694456,0.145308725309382,0.15448154682254,0.23214970661954
"14",3.2487782620997e-05,3.76193103257421e-05,6.83819073247698e-05,0.000123727264781968,0.000217354943361505,0.000371183663124809,0.000614868380152617,0.000988333213212899,0.00154254512882341,0.00233966405264832,0.0034526484262942,0.00496549649079848,0.00697767468391684,0.00962009519028379,0.013088996272879,0.0177317657071398,0.0241306299857318,0.0331568306676957,0.0460211493173881,0.0642799168841028,0.0888220866042187,0.120717780838099,0.151795767510862,0.16282363591342,0.246079359860785
"15",1.58793983167295e-05,1.92543796090861e-05,3.63028151234971e-05,6.79124158404738e-05,0.000123259308679774,0.000217248835158814,0.000371214424970381,0.000615200556910698,0.000989594641857837,0.00154661288891936,0.0023518500905906,0.00348716630294117,0.00505856041105479,0.00721666625503108,0.0101963426052484,0.0144109308337674,0.0205428760512159,0.0295998489641891,0.0429606690492625,0.062362432684685,0.0887987424228273,0.123363687496102,0.157298127976022,0.170056789938913,0.258292829252756
"16",7.49984127953501e-06,9.5347932579463e-06,1.8653489251166e-05,3.60942037479272e-05,6.77104559608704e-05,0.000123236220268894,0.000217339744308642,0.000371627552823622,0.000616644444227539,0.000994178449477979,0.00156026674369743,0.002390359654232,0.00359050808907322,0.00532254475740103,0.00784986585013206,0.0116406334509302,0.0174661546019679,0.0264600401864042,0.0401603117082732,0.0604781206633127,0.0885144558186719,0.125392270726168,0.161840361601121,0.176160189164425,0.26871139778958
"17",3.42159723931484e-06,4.5661019858146e-06,9.27199442831797e-06,1.85655305123205e-05,3.60138247103097e-05,6.77241034585384e-05,0.000123359001996946,0.00021781307392974,0.000373236936399273,0.00062172009526085,0.00100924160357239,0.00160259668459595,0.00250347657590034,0.00387808058396785,0.00600906558805203,0.00940768488677147,0.0149203503148771,0.0237917938979707,0.0377044695771227,0.0587303540663852,0.0880753294729696,0.126894570614736,0.165485028718701,0.181165600745366,0.277346664409083
"18",1.50718774457851e-06,2.11344941619588e-06,4.45596695615782e-06,9.23722416451619e-06,1.85385340998407e-05,3.60440541716733e-05,6.7866899693097e-05,0.000123883129767949,0.000219576590824722,0.000378777283699779,0.000638110848679858,0.00105514609946441,0.00172478705487649,0.00281275486519714,0.00461324236260379,0.00766947221834459,0.0128883874104159,0.0216084846023565,0.0356377182342146,0.057190603193747,0.0875706741499463,0.127966644171532,0.16832332125576,0.185148944825236,0.28428970838708
"19",6.40667745742003e-07,9.44914396454162e-07,2.06934160346966e-06,4.44372930472246e-06,9.23309031565763e-06,1.85772923520085e-05,3.62024187040814e-05,6.84376445338526e-05,0.000125792162039179,0.000225552937508993,0.000396400410776208,0.000687297641629585,0.00118557974941921,0.00205357738037756,0.00359120002600276,0.00636397777942335,0.0113253538701384,0.0198894621152818,0.0339686330530972,0.0558984181137887,0.0870690014737884,0.128701789543959,0.170464451791747,0.188218866373907,0.289694096478154
"20",2.62645386027131e-07,4.07846171095069e-07,9.28213195826356e-07,2.06641026810279e-06,4.44952061282222e-06,9.27763935639133e-06,1.87502767844975e-05,3.68188952855232e-05,7.0487266130543e-05,0.000132180217649806,0.000244316379936321,0.000448571423906559,0.000825109545248082,0.00153158473433866,0.00286971267087051,0.00541958504447051,0.0101686504751995,0.0185892927601896,0.0326767839617951,0.0548649292407231,0.0866170870030313,0.129184564933614,0.172025077470894,0.190503872510413,0.293755232914524
"21",1.03793340760001e-07,1.6988781891771e-07,4.02140974802205e-07,9.2926492123189e-07,2.07721949093797e-06,4.49988261962116e-06,9.46718052940471e-06,1.94164252355688e-05,3.9013363895571e-05,7.72804892604473e-05,0.000152024736975568,0.000299231104094935,0.000592993735577659,0.0011861962965636,0.00238010803251088,0.00476364435294905,0.0093478678845729,0.0176478615665843,0.0317216445374612,0.054078953698103,0.0862417341709683,0.129486909613505,0.173119723848684,0.192139384278446,0.296688362494911
"22",3.95780581087549e-08,6.84061227749544e-08,1.68692441815427e-07,4.05615712812583e-07,9.44559234220856e-07,2.136841067827e-06,4.71447681703557e-06,1.0200894394517e-05,2.17892073308529e-05,4.62642591418171e-05,9.82614191799879e-05,0.000209656436764316,0.000449881811217877,0.000967709606018283,0.00206298537821909,0.00432953085875406,0.00879388263620213,0.0170006869899418,0.0310527597469121,0.0535151680104116,0.0859538950248604,0.129666238517168,0.173852256979938,0.193254847488068,0.298705506566018
"23",1.47799870720783e-08,2.70857537860329e-08,6.98670423335342e-08,1.75761411578908e-07,4.29580513602471e-07,1.02518708364618e-06,2.40333014018817e-06,5.57337906418746e-06,1.28682251323867e-05,2.97157804670022e-05,6.87543489571813e-05,0.000159167587569743,0.000367187040099694,0.00083853584516036,0.00187154043797676,0.00406247286157551,0.00844723147264693,0.0165893110715442,0.0306208935774019,0.0531439859600255,0.0857547412264429,0.129765056285916,0.174307893840634,0.193960378142479,0.29999054732497
"24",6.0282867692897e-09,1.17803512919909e-08,3.19552739735984e-08,8.46762053043676e-08,2.19046467442084e-07,5.56928107259952e-07,1.40146295021037e-06,3.51151529576208e-06,8.78798115627841e-06,2.19571380286551e-05,5.45945657108246e-05,0.000134408648491211,0.000325817370326807,0.000772728108444399,0.00177239507269339,0.00392212474009679,0.00826264595656036,0.0163676148526558,0.030385399758243,0.0529386626176443,0.0856407528217115,0.129812161168951,0.174549587088514,0.19433955018987,0.300684988527959
"25",3.81873892238489e-09,7.7744578547328e-09,2.17740562167871e-08,5.96310943141378e-08,1.59845071722689e-07,4.22427145226844e-07,1.10782895505805e-06,2.89557750398138e-06,7.54702256648883e-06,1.95574729019577e-05,5.01462199502859e-05,0.000126517896243488,0.000312458566713988,0.000751224504689524,0.00173965222519345,0.00387533556653233,0.00820059059279468,0.0162925132631892,0.030305031533218,0.0528679679282389,0.0856007052521141,0.129826809286901,0.174630671651818,0.194467831968465,0.300920760371443
