"","X0","X1","X2","X3","X4","X5","X6","X7","X8","X9","X10","X11","X12","X13","X14","X15","X16","X17","X18","X19","X20","X21","X22","X23","X24"
"1",0.0174497886044269,0.0167506648915104,0.0171188522905764,0.0198007728365554,0.0231226854740355,0.0273560543086765,0.0319525254833831,0.0366630529291038,0.0412439066512117,0.04548145908827,0.049176105235711,0.0521549566739565,0.0542860192655421,0.0554895971302075,0.0557451940764444,0.0550991680101313,0.0536644273261529,0.0515965503970588,0.0490463760076536,0.0460806187762334,0.0426844823863781,0.0389311782849314,0.035688194318084,0.0340538786518474,0.0493634909019071
"2",0.0155549878332709,0.0149876147960954,0.0154224782192041,0.0179649372662124,0.0211347490521934,0.0251821958724485,0.0296253869803928,0.034244439041546,0.0388190283901824,0.0431498702631793,0.0470447379788327,0.0503307978831252,0.0528688739551758,0.0545655788758974,0.055381525495639,0.0553415942028818,0.0545369718096147,0.0531007490862481,0.0511570263107035,0.0487337886892936,0.0457692227726043,0.0423060596001777,0.0392940321773681,0.0379528769166372,0.055530476531064
"3",0.0131260308131596,0.0127196471150796,0.0132253300449667,0.0155692516454501,0.0185186582368467,0.0222969780652035,0.0265083311804331,0.0309719132671828,0.0354998904394874,0.0399145484527741,0.0440367711078531,0.0476976151439686,0.0507523403988109,0.0530931107500486,0.0546585437609111,0.0554471762436341,0.055522343076609,0.05498657392787,0.053925399300879,0.052309025023116,0.050004184468604,0.0470044717109818,0.0443715221267741,0.0434931308660068,0.0643472128333378
"4",0.0105156852114344,0.0102702237190168,0.01082952491573,0.012929568948937,0.0156025547417866,0.0190433151956024,0.0229494534153312,0.0271846067525238,0.0315995975909479,0.036044835247596,0.0403611201864052,0.0443899640747368,0.0479868346261041,0.051033879982233,0.0534503275257868,0.0552090785878272,0.0563442777764044,0.0569234156826125,0.0569839288394389,0.0564205951672117,0.0550045933504293,0.0526594531558385,0.0505771297475118,0.0503458924649568,0.0753401430935854
"5",0.00806151600018803,0.00795145104615739,0.00853146607121192,0.0103616293459524,0.0127216249625697,0.0157794223554484,0.0193215636221759,0.0232564161955813,0.0274759362593085,0.0318635621793414,0.0362868572190319,0.0406061171346816,0.04468617807309,0.0484083386112034,0.0516806747076593,0.0544570430563854,0.0567465060404245,0.0585816145529908,0.0599458124193824,0.0606439384054838,0.0603297869010257,0.0588350461598932,0.0574876454163318,0.0580917902838332,0.0878880629806367
"6",0.00595813017645672,0.00594620262821226,0.00651033801871392,0.00806276505018935,0.0100930386536679,0.0127456229328944,0.0158839444457202,0.0194575864610444,0.0233989143476569,0.0276271803813008,0.032042466914396,0.0365323083031926,0.0409815020014482,0.0452823531586393,0.0493437669864603,0.0531115184446771,0.0565781859913574,0.0597457160734356,0.0625414903952644,0.0646695641864994,0.065647537492383,0.0651938307403616,0.0647683185662206,0.0663931809696789,0.101484536680118
"7",0.00426666996028733,0.00431579431493776,0.00483336625678585,0.00611521418113694,0.00781688011270546,0.0100627753772798,0.0127780960763862,0.0159478119541464,0.0195415352206171,0.023514829637152,0.0278040973241537,0.0323312216925829,0.0370110684025649,0.041759340860274,0.0464993515553291,0.0511822563555217,0.0557958654960196,0.0603193445018131,0.0646256462314123,0.0683111910360819,0.0707422984287603,0.0715043858063582,0.0721789915367941,0.0749988731090411,0.115743094571848
"8",0.00296988729545625,0.00304955913359822,0.00350041027113762,0.00453079401199249,0.00592034175221031,0.00777624889182523,0.0100701412902906,0.0128153473366284,0.0160137925332103,0.0196556123157075,0.0237148979048094,0.0281526703335378,0.0329220835789104,0.0379734821887179,0.0432579800230241,0.0487464128823746,0.0544353247070804,0.0602915904052674,0.0661388628819955,0.0714634795991619,0.0754700885518328,0.077594579449399,0.0795259223110123,0.0836931057001436,0.130317384650666
"9",0.00201432227726509,0.00210265113204503,0.0024776329332692,0.00328415860747354,0.00438994037648873,0.00588707021665397,0.0077796315875697,0.0101019509117215,0.0128822316668943,0.0161415431719547,0.0198905883495862,0.0241315751207884,0.028861458446946,0.0340741513120995,0.0397603816063403,0.0459243346273014,0.0525852373311521,0.0597098254941053,0.0670805811930558,0.0740758441187144,0.0797336544561095,0.083328379402759,0.0866399113014381,0.0922739747076217,0.144868969650636
"10",0.00133371008266178,0.00141705257089932,0.00171623803074318,0.00233127450672486,0.00318926900291544,0.00436876371722966,0.00589454811545936,0.00781495515741277,0.0101780146926228,0.0130307565336091,0.0164173231329633,0.0203804664939957,0.0249634270981941,0.0302095957872225,0.0361585090395444,0.0428594800160314,0.0503674950458517,0.0586617901400715,0.067493985202456,0.0761407386681377,0.0834742984209481,0.0886009563280246,0.0933741766297932,0.100553486721262,0.159069688865215
"11",0.000863257057218635,0.000934602287389096,0.00116448607564009,0.00162170749939413,0.00227128480207889,0.0031794598877687,0.0043825123458975,0.00593667329565594,0.00790355684637083,0.0103505091105326,0.0133504386792161,0.0169837136762365,0.0213394331653262,0.0265131132186067,0.0325990524342174,0.0397006263206284,0.0479196200637809,0.0572596955383021,0.0674530558573285,0.077684520440194,0.0866668904818135,0.0933376748677981,0.0996069443158918,0.10836333483845,0.172613836894254
"12",0.00054673322863207,0.00060373295848014,0.000774392838755998,0.00110601671890195,0.00158632100700575,0.00227041195305984,0.00319933029422268,0.00443229066289519,0.00603895279684945,0.00810130648303993,0.010715542476806,0.0139950603120276,0.0180719269101419,0.0230933295065165,0.0292108440696447,0.036587433488065,0.0453798084674389,0.0556261977444753,0.067050857152384,0.078759134363675,0.0893155625203452,0.0974938775538012,0.105245164622103,0.115562300536115,0.185233471334607
"13",0.000339015707674301,0.000382175389227701,0.000504932235096805,0.000739843355581032,0.00108712651035422,0.00159196341672218,0.00229563505176789,0.0032567323554112,0.00454844452030128,0.00626222961645491,0.00851192853631637,0.0114384443735905,0.0152121121293573,0.0200287117429914,0.0260963677746176,0.0336395970067464,0.042874751672408,0.0538821790008524,0.0663886541271068,0.0794337948034629,0.091448811292154,0.101053777902482,0.110227285493629,0.122042806541358,0.196712679444326
"14",0.000205886977685584,0.000237160674511163,0.000322944711580485,0.000485687871232671,0.000731665296550409,0.00109743065068857,0.00162179345320769,0.00236036940254031,0.00338651968498967,0.0047968477053795,0.00671760687821761,0.00931141287981727,0.0127810940368712,0.017365998944476,0.0233273337806554,0.0309498159353845,0.0405106548715215,0.0521368261897347,0.0655662758017791,0.0797868601291764,0.0931138875050932,0.104027975527421,0.114524207441484,0.127735340155336,0.206898403494657
"15",0.000122499767393788,0.000144336450839678,0.0002027386803131,0.000313229427548379,0.000484344168889345,0.000745360580361895,0.00113127915334756,0.00169347455951726,0.00250325736748591,0.00365907776517359,0.00529512998312233,0.00759024782735177,0.0107736039978614,0.0151219049594208,0.0209439407918935,0.0285805045929226,0.0383676660357375,0.0504804232804283,0.0646742162272897,0.0798983255742413,0.0943706999488414,0.106449537678633,0.11813802076664,0.132609974834816,0.215706205579921
"16",7.14406069115595e-05,8.62198634448898e-05,0.000125088903668977,0.000198836646267285,0.000316223526781597,0.000500593676393726,0.000782761814943692,0.00120944571264783,0.00184867559360898,0.00279848317090888,0.00419748698560015,0.0062359321147479,0.00916339619276056,0.0132872749571266,0.0189572030546435,0.0265638998925315,0.0364976694732091,0.0489800833718341,0.0637878867890309,0.0798434157365053,0.0952856566288846,0.108368901653221,0.121098532362551,0.136674710810923,0.223120180460844
"17",4.08775898797153e-05,5.06330203691864e-05,7.60443017161934e-05,0.000124683604761839,0.000204601263033174,0.000334469466833138,0.000541145712574614,0.000866870892294803,0.00137594766559896,0.00216464445496999,0.00337347041714212,0.00520017425928483,0.00790942711513801,0.011832802361119,0.017353558017533,0.0249049894873355,0.0349251472029884,0.0476784228247425,0.0629642897468107,0.0796877358564374,0.0959259835767924,0.109848109077958,0.123457975194284,0.139970866528169,0.229187130362226
"18",2.29968889736686e-05,2.93266011820825e-05,4.5767072968692e-05,7.77273296628685e-05,0.000132248250587401,0.000224453325408016,0.000377796390131555,0.00063058221764581,0.00104348928725144,0.0017104133787177,0.00277211002719203,0.00443087475966666,0.00696202952007606,0.0107154209563882,0.0161008712261336,0.0235864867047502,0.0336505403394275,0.0465948837666453,0.0622411184805773,0.0794842629515473,0.0963550108397689,0.110954977856365,0.125284542789987,0.142566158897564,0.234005910141374
"19",1.27763665315084e-05,1.68597231902416e-05,2.75086701098098e-05,4.86995201887331e-05,8.64934586690085e-05,0.000153415505920167,0.000270192435461948,0.000471901465695204,0.000816034350963466,0.00139403025601333,0.00234597058222319,0.00387662226501384,0.00626846413858963,0.00988458948728648,0.0151549621312464,0.022574979512134,0.0326553486292858,0.0457291530964913,0.0616380147094006,0.0792722187212309,0.0966287594724572,0.111757777757087,0.126655487499712,0.144546350960243,0.237713389284847
"20",7.07245675711656e-06,9.73631878637783e-06,1.67632166869503e-05,3.11994345366384e-05,5.82968449044511e-05,0.000108748327416806,0.000201222364391836,0.000368304319933133,0.000664893032224851,0.00118021411658173,0.00205328560593349,0.00349000788721957,0.00577742724181204,0.00928783965353799,0.0144658532366822,0.0218273613972793,0.0319080831413775,0.0450659149153188,0.0611594497330941,0.0790776005240363,0.0967939480605327,0.112320855193696,0.127650529364036,0.14600649894866,0.240468894664557
"21",3.96855079327571e-06,5.76773894418936e-06,1.0602466126168e-05,2.09305807043593e-05,4.13998383777124e-05,8.14621444723371e-05,0.000158316002195213,0.000302728912943872,0.000567628534369956,0.00104043410544788,0.0018590590540232,0.00322976227635516,0.0054423482067852,0.00887522753995486,0.0139831942407401,0.0212968482174299,0.0313703034539121,0.0445801949581973,0.0607986238163564,0.0789149943861236,0.0968873324619869,0.112701427187059,0.128346101236544,0.147042624633658,0.242438719456493
"22",2.32791386011142e-06,3.62117859571973e-06,7.17778860215878e-06,1.50958825082447e-05,3.16078095086415e-05,6.53633330252069e-05,0.000132570412573442,0.000262747833402079,0.000507424009550458,0.000952667728920859,0.0017354446814043,0.00306199064619464,0.00522367629057669,0.00860277601856833,0.0136608158755364,0.0209384029050716,0.0310024517622981,0.0442429429385988,0.0605420165115832,0.0787903412306969,0.0969361264879838,0.112947386924946,0.128810367770725,0.147743834021232,0.24378082204403
"23",1.49917096328159e-06,2.51330308697819e-06,5.36577171000361e-06,1.19473266478658e-05,2.62299723805363e-05,5.63801168459426e-05,0.000117989456544683,0.000239787125708144,0.000472393825066043,0.000900968493729052,0.001661780748034,0.00296091348439412,0.00509055960132485,0.00843526641656198,0.013460688727888,0.0207137306654807,0.0307695182020615,0.0440267590214461,0.0603743806001897,0.0787043602259311,0.0969591480518485,0.113095733456796,0.129098610176612,0.148184446455295,0.244629029603448
"24",1.12612308222626e-06,2.0055836283326e-06,4.51839884150036e-06,1.04514348178662e-05,2.36388352749755e-05,5.19970308022015e-05,0.000110791722876639,0.000228329144489028,0.000454734944020873,0.000874658862352568,0.00162395959077169,0.00290858348791598,0.00502109731429067,0.00834719877601074,0.0133547049125481,0.0205938847431501,0.0306443170008922,0.0439095102752461,0.0602822156306065,0.0786553234043054,0.0969683790384874,0.113172544432385,0.129251330279156,0.148420071476388,0.245084627557654
"25",1.01361425749895e-06,1.85058977495462e-06,4.25622348464448e-06,9.98376340124425e-06,2.28212880942535e-05,5.06027400064938e-05,0.0001084847760393,0.000224631066984454,0.000448998527976499,0.000866060683198147,0.0016115297325714,0.00289129456065381,0.00499803402664162,0.00831781967529513,0.0133191874233672,0.0205535396650747,0.0306019689968584,0.0438696309174713,0.0602506071623789,0.0786381420574233,0.0969708400400956,0.113197913760829,0.129302533634279,0.148499539782461,0.245238715291377
