"","X0","X1","X2","X3","X4","X5","X6","X7","X8","X9","X10","X11","X12","X13","X14","X15","X16","X17","X18","X19","X20","X21","X22","X23","X24"
"1",0.00447328893730345,0.00702368512592835,0.0106686883893535,0.0151180830879211,0.0207448852948273,0.0273504412089345,0.034660874513932,0.0422618348673024,0.0496605366236433,0.0563459997447048,0.0618530816592138,0.0658105186595212,0.0679693472533929,0.068219040333785,0.0665951171180098,0.0632737955295771,0.0585484526334807,0.0527916188214778,0.0464144980139006,0.0398388791591034,0.0334926432015534,0.0278467717773492,0.0234290176082078,0.0212583645081006,0.0343505359294733
"2",0.00380156807509038,0.0060052820023495,0.00920282786386244,0.013180522307137,0.0182853659060019,0.024375941343778,0.0312387049030468,0.0385272029188674,0.0458091909986038,0.0526146090411807,0.0584909939265303,0.063049845976351,0.0659993872716998,0.0671676373042305,0.0665173223806396,0.0641482227890909,0.0602823835224738,0.055235221289631,0.0493832135792098,0.0431431195372549,0.0369754016299663,0.0314333645924459,0.02717238108037,0.0254679720080474,0.0424923177521373
"3",0.00297874979187625,0.00474946874481588,0.00737733579648186,0.0107382867150252,0.0151462118614133,0.0205306362715322,0.0267551543444384,0.033562425908795,0.0406033620185103,0.047469579579281,0.053736580132918,0.059005644599709,0.062939687951419,0.0652936143435056,0.0659380721553153,0.0648718676865596,0.0622188956500628,0.0582118196955632,0.0531719871734215,0.0475011391877805,0.0416994510391834,0.0364357047980987,0.0325500885175184,0.0316957113204786,0.0548185247162938
"4",0.00214984098035536,0.00347263815157003,0.00549579009345145,0.00817867931403364,0.0117987619669643,0.0163570785024842,0.0217988898268718,0.0279649599070401,0.0346031245994354,0.0413845557069448,0.0479324756483115,0.0538561304493359,0.0587862197379535,0.0624101534386793,0.064503908413685,0.0649551216957653,0.0637732380899103,0.0610881041489114,0.0571458277275558,0.0523190301705708,0.0471482270928594,0.0424441905982852,0.0392823268391489,0.0398040575370062,0.0713466693628671
"5",0.00143845399667277,0.0023627855639994,0.00382938312676234,0.00585957138757186,0.0086937526053481,0.0123923741880052,0.0169741801178718,0.0223737186959973,0.0284383771884443,0.0349302149685146,0.0415399557254355,0.0479101277458447,0.0536654080361921,0.0584481698557068,0.0619551829289159,0.0639697063695494,0.0643844273430618,0.0632158627516014,0.0606191533067397,0.0569232103830592,0.0527055242771437,0.048939455960838,0.0469777143378881,0.0495436944245964,0.0919095947142365
"6",0.000898509614243233,0.00150633125934876,0.00251204563434907,0.00397231616693441,0.00609062342641158,0.00896730199148995,0.0126777127499999,0.0172359523201398,0.0225817580600621,0.0285710802375504,0.0349768632727103,0.0415000228815337,0.0477907047430861,0.0534788783380799,0.0582109331975297,0.0616869800146008,0.0636942100619457,0.0641365208562561,0.0630703319248744,0.0607707882626996,0.0578506719102738,0.0554660759708874,0.0552850806930728,0.0606922121367133,0.116376094275204
"7",0.000526158035135785,0.000903524864556593,0.00155725836147368,0.00255609696457493,0.00406686004748546,0.00620857196196449,0.00909237731026142,0.0127918554087568,0.0173244727811647,0.0226345937123166,0.0285837169261191,0.0349497871836865,0.0414372726723298,0.0476986258010146,0.0533655632065893,0.0580864441187783,0.0615659529239125,0.0636078169582059,0.0641726164626443,0.0634806226019049,0.0621854095487317,0.0616511315641374,0.0639000595042467,0.0730453648085802,0.144607846271425
"8",0.000289234295977973,0.00051063929004159,0.000913487901366409,0.00156266642828772,0.00258934443871676,0.00411268829193995,0.00625880642178612,0.00913833360841637,0.0128268245523368,0.0173440401029772,0.0226369429375773,0.0285692935600062,0.0349205736246249,0.0413962020872472,0.0476494579997164,0.0533137098296098,0.0580432270346095,0.0615653374402085,0.0637597826791882,0.0648027389666489,0.0654050464347554,0.0671731711212268,0.0725261140024239,0.0863616660071054,0.176330670943201
"9",0.000149347255527557,0.000272138372369675,0.000507390696453583,0.000907871116442546,0.00157168329510331,0.00260483337983155,0.00413074991045722,0.00627551107238695,0.00915082266151966,0.0128332941893935,0.0173438068598387,0.0226302637201519,0.0285570394938398,0.0349040010452889,0.0413770850877054,0.0476313802763539,0.0533079043501686,0.058090544591857,0.061805009088775,0.064607107569107,0.0672942054796844,0.0717599966480944,0.0808679260474116,0.100343998308849,0.211076089483385
"10",7.24374625702173e-05,0.000136797842645433,0.000266901619426915,0.000501150253824472,0.000908918671694512,0.00157588015108786,0.00261041259278172,0.00413604087684191,0.00627938423847207,0.00915259942657653,0.0128327394281867,0.0173410424465616,0.0226256390230412,0.028551080349697,0.0348977049301077,0.0413736438074476,0.0476436937881422,0.0533864499752771,0.0584098488057302,0.0628850918955923,0.0677379660078752,0.0752048039263188,0.0886464531072576,0.114647597272588,0.248175722100251
"11",3.30029223166225e-05,6.48744364897559e-05,0.000132965860232335,0.000262747309126904,0.000500426169429172,0.00090963793800513,0.00157727979837453,0.00261182249884936,0.00413704564080661,0.00627974813075553,0.00915224785122352,0.0128317218011991,0.0173394911064039,0.0226238039341199,0.0285497458214702,0.0349003576497115,0.0413958279607776,0.0477475082146734,0.0537869843869246,0.0597456141511375,0.0667299394658164,0.0773827493225922,0.0956191367866228,0.128899361181371,0.286785959661567
"12",1.41242582606253e-05,2.90282737579326e-05,6.27242993527763e-05,0.000130763716605754,0.000262067103846532,0.00050036700349152,0.000909885417455553,0.00157757896325544,0.00261202994766924,0.00413708479181324,0.00627959625957377,0.00915192244612442,0.0128312763897804,0.017339093857664,0.0226242630610406,0.0285551575117913,0.0349294865968461,0.0415239210207347,0.0482346998286751,0.0554021518743353,0.0643720844936793,0.0782620260111424,0.101599348425023,0.142723208569309,0.325936109878768
"13",5.67742268776464e-06,1.22537714386363e-05,2.80048437562825e-05,6.17237558538781e-05,0.000130397061398325,0.000261949702196774,0.000500375519945859,0.000909927667663228,0.00157760819282556,0.00261202267658788,0.00413703424509429,0.0062795088432292,0.00915182858488075,0.0128313365506081,0.0173402322991743,0.022631332831668,0.028590511281103,0.0350826806348872,0.0421036791418062,0.0501495023522968,0.0608638554465621,0.0779061081021401,0.106471234263275,0.155767495354012,0.364593719454904
"14",2.1427771399519e-06,4.87793963788349e-06,1.18244802109539e-05,2.76031107103225e-05,6.15688574568087e-05,0.000130334929797736,0.000261934521401479,0.000500375645066075,0.000909928632592809,0.00157760315475501,0.00261200975188952,0.00413701707203535,0.00627951423156122,0.00915203464428983,0.0128328184851456,0.0173486750058343,0.0226729155523302,0.0287699052039216,0.0357596105477525,0.0443321475754293,0.0564808481614772,0.0764659107149205,0.110197569962861,0.167731050817604,0.401739778224176
"15",7.58873642208041e-07,1.82964525754298e-06,4.71602699045973e-06,1.1679371314994e-05,2.75474952199271e-05,6.15450655887269e-05,0.00013032698021278,0.000261932164504542,0.000500374652434102,0.000909927138333434,0.00157760086036799,0.00261201016653325,0.00413704933088284,0.00627978219858199,0.00915377851099502,0.0128425944948323,0.017396623538019,0.0228792484096926,0.0295464604877571,0.0383080229137068,0.0515450753125305,0.0741622111956962,0.112819241648327,0.178384580071478,0.436445083447097
"16",2.51949032545374e-07,6.45872541668864e-07,1.77409999990881e-06,4.66836046424247e-06,1.16618261319154e-05,2.75399734000373e-05,6.15423758524703e-05,0.000130326013879847,0.000261931764939872,0.000500374372495105,0.000909927231739042,0.00157760537353057,0.00261205230096486,0.00413736173890866,0.00628177682730514,0.00916490059783826,0.0128969845009494,0.0176300651084189,0.0237554233777653,0.0324127156235415,0.0463907022208921,0.0712602217023517,0.114446003193202,0.187584630088561,0.46793891350529
"17",7.83133739742123e-08,2.14245982293226e-07,6.28408521742888e-07,1.75975023187246e-06,4.66340486358216e-06,1.16597651100481e-05,2.75392482598746e-05,6.15421110014389e-05,0.000130325920937911,0.000261931791283372,0.000500375035267604,0.0009099333860878,0.00157765525837861,0.00261240982482929,0.00413961587028561,0.00629426569073895,0.00922572000928505,0.0131571445215011,0.0186034718981942,0.0269292839195894,0.0413303205215671,0.0680399155433753,0.11523968551365,0.195278276255698,0.495661583791983
"18",2.2752427811943e-08,6.66619713763138e-08,2.09190067005761e-07,6.24429055741456e-07,1.75848223709297e-06,4.66290308939288e-06,1.16595998005206e-05,2.75391941725225e-05,6.15421168921826e-05,0.000130326077994402,0.000261932906641274,0.000500383241707632,0.000909993562517896,0.00157806697915033,0.00261494784222852,0.00415351230451606,0.00636146843697408,0.00951180387641847,0.014223425931157,0.0220676496695647,0.0366268036118198,0.0647667044025219,0.115392480654451,0.201498092546209,0.519294322626412
"19",6.16651665054433e-09,1.94156556907011e-08,6.53104808586642e-08,2.08169963736463e-07,6.24132570672563e-07,1.75837194843056e-06,4.66287183782844e-06,1.16596016694981e-05,2.75392606910675e-05,6.15424879268446e-05,0.0001303281226632,0.000261945097399769,0.00050046050862393,0.000910480507535989,0.00158094391541592,0.00263035747386557,0.00422713673227119,0.00667257783823335,0.0106653934996123,0.0179555070350135,0.0324746173341151,0.0616671841022101,0.115104121981696,0.206348604204383,0.538762255857697
"20",1.55561377908694e-09,5.28147980116699e-09,1.90818531488475e-08,6.50685004867377e-08,2.08106487063156e-07,6.24111519117383e-07,1.75837318852601e-06,4.66290864459106e-06,1.16597926094533e-05,2.75401659259761e-05,6.15467257155927e-05,0.000130348846967938,0.000262054458350493,0.000501067457014856,0.000913813690454741,0.00159811593525768,0.00271071356337454,0.00456270984384663,0.00790775259367115,0.0146403977608871,0.0289920782919667,0.058913011294746,0.114561510307174,0.209986853385188,0.55421148139956
"21",3.64365403180055e-10,1.33854899753026e-09,5.20544295269224e-09,1.90290635252858e-08,6.50574190608007e-08,2.08109508603586e-07,6.24143779020246e-07,1.75852078794277e-06,4.66353843550645e-06,1.16623717530865e-05,2.75504757195055e-05,6.15884094254821e-05,0.000130527563824603,0.000262884911119599,0.000505117740152098,0.000933318016417045,0.0016861533732013,0.00307127446686598,0.00587514178787566,0.0121014677947947,0.0262245759171678,0.0566146206062779,0.11392367616178,0.212600002238583,0.56596309285769
"22",7.90363463920842e-11,3.1531285768536e-10,1.32298922053087e-09,5.1967854005839e-09,1.90365695582185e-08,6.50996521760383e-08,2.08286879309853e-07,6.24838090945469e-07,1.76110248575425e-06,4.67271041460681e-06,1.16937921747053e-05,2.76563983149372e-05,6.19536247801731e-05,0.000131878569894348,0.000268351125739322,0.000528445942535437,0.00103177631753697,0.00207539455612123,0.00446165706657529,0.0102703269909799,0.0241596297039185,0.0548269133175073,0.113314550091877,0.214381151027657,0.57444126348617
"23",1.58993747795198e-11,6.92041135087404e-11,3.14378338045462e-10,1.33155503844599e-09,5.24453198801175e-09,1.92398961281594e-08,6.59013431893516e-08,2.11244373354245e-07,6.35093463592734e-07,1.79467694945714e-06,4.77710350863701e-06,1.20054443851995e-05,2.85700089454393e-05,6.46923397678099e-05,0.000140700146662595,0.0002995126990878,0.000644815268766074,0.00146167748209313,0.00355768622427466,0.00906039056393396,0.0227543093768784,0.0535682617656098,0.112824854692627,0.215503427525386,0.580071586226478
"24",3.2005737105865e-12,1.53520380685818e-11,7.61312026655163e-11,3.50394605107442e-10,1.49475077575447e-09,5.92300965891261e-09,2.18590184409841e-08,7.53229423095094e-08,2.42929247982199e-07,7.35041054152875e-07,2.09155886768048e-06,5.61254178816554e-06,1.42591301713497e-05,3.45395416086399e-05,8.0875340896829e-05,0.000187779675428131,0.000448744648420488,0.00113998294173731,0.00306945320524287,0.00838979006317829,0.0219574324418172,0.0528364619066552,0.112515342090337,0.216103441708256,0.583213110190492
"25",1.20486230284502e-12,6.24293247597876e-12,3.3115561859396e-11,1.62197134666404e-10,7.33414728355715e-10,3.07004321884921e-09,1.19325235740385e-08,4.31853343623526e-08,1.45920672123983e-07,4.61530881058342e-07,1.37008697442235e-06,3.8294011915735e-06,1.01247069428631e-05,2.55379525110225e-05,6.2463356325333e-05,0.00015241358712867,0.000385079890303677,0.00103312352134682,0.00290403018930166,0.00815870934107278,0.0216787802681564,0.0525765425730777,0.112400108746017,0.216305529423569,0.584301690380451
