"","X0","X1","X2","X3","X4","X5","X6","X7","X8","X9","X10","X11","X12","X13","X14","X15","X16","X17","X18","X19","X20","X21","X22","X23","X24","X25","X26","X27"
"1",0.0739917615863894,0.0555806789916567,0.0627036387098955,0.0696877380803669,0.0776910979874032,0.0833486771082161,0.085554963395558,0.083959487337831,0.0788744082212735,0.0710379770445197,0.0614281222069923,0.0510689683176122,0.0408696200215955,0.0315200878084897,0.0234508377006401,0.0168464444737569,0.0116946962419263,0.00785077099642132,0.00509980168240934,0.00320740850938161,0.00195405272235254,0.00115374568821669,0.000660651987066793,0.000367391655423944,0.00019890083775935,0.000105125277851669,5.58994081130613e-05,3.70460008804098e-05
"2",0.061540434413627,0.0473839334100665,0.0549326592328259,0.0627695060357295,0.071862653131809,0.0791576212025944,0.0834274427511802,0.0840687623489832,0.0810970166099855,0.0749961252858886,0.0665811821886551,0.0568228852419311,0.0466756673724397,0.0369439568556836,0.0282050235926078,0.0207893382226944,0.0148062766862862,0.0101967937140702,0.00679485746976163,0.0043838145628167,0.00273979834281709,0.00165964535244025,0.000975189039096895,0.000556726811754615,0.000309628208774495,0.000168244154924289,9.21219394631008e-05,6.26958210931479e-05
"3",0.044717487130889,0.0359791797589733,0.0436897822116062,0.0522561287060683,0.0624422688662551,0.071712742180422,0.0787479242046951,0.0826285095918657,0.0829402127761366,0.0797501311407543,0.0735573788835934,0.0651668895712963,0.0555235973281367,0.0455494112710862,0.0360168673081736,0.0274770057605173,0.020242111169831,0.0144115400536016,0.00992302462242168,0.00661209820278669,0.00426645460596567,0.0026674847677977,0.00161756263624128,0.000953185470320657,0.000547447340395049,0.00030735191115491,0.00017411424530591,0.000122108283708528
"4",0.0297696935998935,0.0253467644361586,0.0325585132792659,0.0410827878290887,0.0515735900217059,0.062116643981117,0.0714441611048534,0.0784299738965106,0.0822660019435363,0.0825555437199764,0.0793693408442382,0.0732030540033195,0.0648549339377948,0.055262395010401,0.045340591889445,0.03585697928485,0.0273594778367088,0.0201590501366143,0.0143550971357878,0.00988630558100934,0.00658970141675838,0.00425425822184912,0.00266324340257829,0.00162034370935815,0.000961233761915742,0.000557633332618187,0.000326757269381748,0.000235929413265242
"5",0.0185814282324515,0.0168722205424403,0.0230171350349437,0.0307126092600883,0.0405871463691614,0.0513667076806444,0.0619995106260424,0.0713393117493918,0.078330364335623,0.0821724438690399,0.0824707570568017,0.0792956573331172,0.0731416935647471,0.0648059254791324,0.0552248024080171,0.0453128662378015,0.0358373212375323,0.0273461528473199,0.0201506019293888,0.0143505532783567,0.00988545245460865,0.00659248417254937,0.0042621333200796,0.00267839745599242,0.00164182460964301,0.00098447531255285,0.00059672345358211,0.000443300148950655
"6",0.0109933297647286,0.0106904915674494,0.0154969327286664,0.0218635571543836,0.0304230610603377,0.0404835054770887,0.0513248876595787,0.0619693211566475,0.0713150551214057,0.0783102858484171,0.0821559752605679,0.0824575766093611,0.0792854312323455,0.0731340275091695,0.0648003885714237,0.05522097770805,0.0453104133564377,0.0358360697111588,0.027346174105458,0.0201524337562502,0.0143556813398396,0.00989520467243612,0.00661065591830648,0.00429348415910633,0.00272118499760092,0.00168736626744586,0.00105815076277028,0.000808376523568636
"7",0.0061960940525532,0.00646465837710628,0.00994599149504447,0.0148204569108742,0.0217063663495376,0.0303742499359003,0.0404701514000715,0.0513169522189786,0.0619638917225278,0.0713110890974193,0.0783073462403218,0.0821538150426408,0.0824560222933574,0.0792843501613783,0.0731333249350696,0.0648000252352402,0.055221017670222,0.0453111548046021,0.0358381665973643,0.0273510648370097,0.0201632497346628,0.014375223329505,0.00993074698270584,0.00667098213555528,0.0043747883139123,0.00280696240177869,0.00182154586524854,0.00143031185941207
"8",0.00333537202030794,0.00373452186109862,0.00608642317270433,0.00956593737912165,0.0147373970241376,0.0216832196622406,0.0303702207543548,0.0404681737134879,0.0513158076956792,0.0619631586076947,0.0713106009448463,0.0783070195336952,0.082153602808908,0.0824559041337989,0.0792843427852129,0.0731335203150337,0.0648006835617619,0.0552228152716302,0.0453154245774406,0.035847695702231,0.0273717347703092,0.0202004127216438,0.0144421787154165,0.0100430536814787,0.00682065746759648,0.00453127854106831,0.00304362464452202,0.00245521793257892
"9",0.00171746537045924,0.00206204955130162,0.00355240845936421,0.00588091035892867,0.00952283239266312,0.0147261962712757,0.0216820413026042,0.0303697409888723,0.0404679417680167,0.0513156794258684,0.0619630838533038,0.0713105593556472,0.0783070072390905,0.0821536387258243,0.0824560607954287,0.0792848239288927,0.0731348378386118,0.0648041127694782,0.055230849660312,0.0453332071809739,0.0358858787915077,0.0274401783104855,0.0203226479308279,0.0146448459092262,0.0103101842946417,0.00709726849288604,0.00493548594530973,0.00408806308819784
"10",0.0008469272815632,0.00108878842417918,0.00197855105476193,0.00344554964060635,0.00585902900870058,0.00951736436228234,0.0147258598450056,0.0216819264424676,0.0303696950894832,0.0404679205034431,0.0513156703686905,0.0619630862721855,0.0713105862853027,0.0783071058586879,0.0821539506277687,0.082456965704776,0.079287261392704,0.073141114853586,0.0648187331579261,0.0552630003765867,0.0454015845635979,0.036008056918526,0.0276564770919604,0.0206771560697399,0.0151069934275972,0.010783831100463,0.00776559743277057,0.00660121684463794
"11",0.000400317484160799,0.000550016795749269,0.00105223232164653,0.00192526631156706,0.0034347655576145,0.00585638361900324,0.00951727071672319,0.0147258326153543,0.0216819176549152,0.0303696924762076,0.0404679230096932,0.0513156853449931,0.0619631417228907,0.0713107700268349,0.0783076737350224,0.0821555815154115,0.082461326571913,0.0792983953620692,0.0731669030354045,0.064875077283232,0.0553817059936772,0.0456129612863341,0.036378995812008,0.0282574643645075,0.0214520385483093,0.0158925006210339,0.0118532281112198,0.0103349321025037
"12",0.0001814905443178,0.00026594865998858,0.000534707930738218,0.0010268249065679,0.00192014361776531,0.00343351727673328,0.00585635833830223,0.00951726439563521,0.0147258312990768,0.0216819189449133,0.0303696998402292,0.040467951446251,0.0513157853666988,0.0619634683229806,0.071311769579551,0.0783105216740102,0.0821631435675519,0.0824804707543221,0.0793424829894336,0.0732626018623671,0.0650748192916156,0.0557360661218012,0.0462293535966529,0.0373662070951184,0.0295163471702736,0.022713415992603,0.017547819122606,0.0156840702918949
"13",7.89566880128384e-05,0.000123136437854522,0.00025980925028372,0.000523152952183122,0.00102449317041948,0.00191957573077577,0.00343351072042068,0.00585635702495304,0.00951726485235874,0.0147258345934175,0.0216819324173304,0.0303697499493732,0.040468125318944,0.0513163475767752,0.0619651733879256,0.071316589491765,0.0783232296599499,0.082195045455971,0.0825535084423301,0.079499977327483,0.073588291418869,0.0656503331467937,0.0567283023224432,0.0478002697913912,0.0393473240106968,0.0314770579510917,0.0251910242048374,0.0230656267053499
"14",3.29689119068204e-05,5.46109581659154e-05,0.000120776973942673,0.000254807456750291,0.000522140292572331,0.00102424598988597,0.00191957414876812,0.00343351069403707,0.00585635836315476,0.0095172707432221,0.014725857829125,0.0216820176870553,0.0303700426550251,0.0404690629012067,0.0513191656073707,0.0619730766526014,0.0713372787751279,0.0783747352428032,0.0823122606737848,0.0828045815119799,0.0800144363781965,0.0744935445484352,0.0671972103152847,0.059149179047454,0.0508193919357582,0.0422966359446943,0.0350612969040993,0.0328639608575916
"15",1.32128924804124e-05,2.32040110169913e-05,5.37417334419587e-05,0.000118719514449043,0.000254389094968965,0.000522037855740911,0.00102424571100782,0.00191957461303975,0.00343351307796984,0.00585636831766557,0.00951730944814101,0.0147259982742215,0.0216824948197355,0.0303715568459649,0.0404735736419726,0.0513317163831294,0.0620056973373842,0.0714178170983694,0.0785569092718808,0.082699853223477,0.0835915813233052,0.081393093456813,0.0768283447323633,0.0708091507322553,0.0636033107963997,0.0551110912928981,0.0473059433561805,0.0453555511437273
"16",5.08127397523845e-06,9.44632996392468e-06,2.2897074100235e-05,5.29384772252366e-05,0.000118555434251772,0.000254348810650225,0.000522037958958274,0.00102424659587186,0.00191957856588285,0.00343352930900229,0.00585643067420708,0.00951753328036569,0.0147267510331425,0.0216848619106971,0.0303785465522811,0.0404928690386385,0.0513815074966799,0.0621276241519116,0.0716919115282139,0.0791361279897129,0.0838654021660626,0.0856238241818178,0.0848039415188992,0.0820442225616631,0.0771687032144871,0.0696429308988833,0.0618717698950704,0.0606223820773844
"17",1.8743426406052e-06,3.68421537792698e-06,9.34248640885442e-06,2.25997123478864e-05,5.28774758641881e-05,0.000118540457045295,0.0002543491052978,0.000522039409640099,0.00102425290157257,0.00191960413938941,0.00343362644406403,0.00585677570035717,0.00951868218782995,0.0147303313445519,0.0216953426886164,0.0304072529797752,0.0405664140783857,0.0515601485964734,0.0625267136866759,0.0725295440419779,0.0808067400318069,0.0867640302495638,0.0904451385661939,0.0920920337349285,0.0908294937353424,0.0853864500122233,0.0784510014292678,0.0784711162463813
"18",6.62789071081627e-07,1.37629864635566e-06,3.65057968103969e-06,9.23818453477963e-06,2.25782439797326e-05,5.28722653438123e-05,0.000118540947698428,0.00025435136981676,0.000522049118350429,0.00102429182667335,0.00191975037137356,0.0034341405831029,0.0058584712653313,0.0095239193191823,0.014745531756313,0.0217366532859067,0.0305123337568384,0.0408196254692031,0.052122285199583,0.0636985402203695,0.074846268793077,0.084806021796009,0.0933564716185338,0.100296645902589,0.10383187514295,0.101638596530837,0.0964617487133749,0.0983815086516294
"19",2.24512347400354e-07,4.92279324099893e-07,1.36587888995571e-06,3.61594081984171e-06,9.23105213147131e-06,2.25766246873814e-05,5.28730166188564e-05,0.000118544352713445,0.000254365798350964,0.000522106331225917,0.00102450448773083,0.00192049067486278,0.00343655908848224,0.00586587656792003,0.00954523321521109,0.0148030135801969,0.0218818321680346,0.0308594358645277,0.0415853633592626,0.0537077261826878,0.0668060909892012,0.0801826782575151,0.0935242300631268,0.106237150443664,0.115471051629561,0.117575966624762,0.115079219996015,0.11950818102013
"20",7.27919978952953e-08,1.68512727357328e-07,4.89196704267875e-07,1.35499767529409e-06,3.61372748414322e-06,9.23072177579649e-06,2.25777274003003e-05,5.28779542895517e-05,0.000118565043770995,0.000254446970770943,0.000522404956969385,0.00102553404970086,0.00192382340577292,0.00344667711418179,0.00589476037346852,0.00962254384656696,0.0149969065923365,0.0223418621270111,0.0318679561016547,0.0436594669599721,0.0577390008535946,0.0736917910579116,0.0913329948951547,0.109814680686718,0.125210565499609,0.132368715705096,0.133324281552462,0.140752636577223
"21",2.25686889563947e-08,5.517181617598e-08,1.67644075270251e-07,4.85971508274009e-07,1.35438948191283e-06,3.61388942693679e-06,9.23228165645686e-06,2.2584634056848e-05,5.29065828546888e-05,0.000118676190063495,0.000254851789695623,0.00052378756930031,0.00102996977780331,0.00193717856959434,0.00348449840008321,0.00599524678420746,0.00987282888858365,0.0155863216901793,0.0236260414642868,0.0344915414192181,0.0487172605316424,0.066331442229432,0.0874859736989042,0.111267170728363,0.132771984662353,0.145308832807262,0.150200302691223,0.16090566697424
"22",6.68464052858787e-09,1.72649112579508e-08,5.49405847441648e-08,1.66751408302064e-07,4.85872661491277e-07,1.35479717292453e-06,3.61601934627892e-06,9.24160650297153e-06,2.26228689248938e-05,5.30535009549111e-05,0.000119206056114091,0.000256644885269847,0.000529490206976397,0.00104700050422999,0.00198503500556989,0.00361073207702793,0.00630754871889466,0.0106030098127984,0.0171675346960911,0.0268356613238171,0.040630727482326,0.0590906097954715,0.0828456481376536,0.111101230675604,0.138167440331858,0.155921640524943,0.164852132306413,0.178838087151834
"23",1.88951799595159e-09,5.16003624636528e-09,1.72090919903054e-08,5.47223916253984e-08,1.66823916218179e-07,4.8646841459675e-07,1.35761007158311e-06,3.62818981942972e-06,9.29095651557844e-06,2.28105282892475e-05,5.37236750680951e-05,0.000121453315757955,0.000263730696296962,0.000550483679953731,0.00110554599762993,0.00213838004387589,0.00398762250551124,0.00718265061197259,0.0124868375866812,0.0209675963669388,0.034050157416048,0.0527562870049545,0.0782404711094478,0.10995849303263,0.141663717049924,0.164030119561622,0.176708465187964,0.193696445599659
"24",5.0923275480729e-10,1.47211431762129e-09,5.15103592648809e-09,1.71796753642462e-08,5.48716961947216e-08,1.67610334770416e-07,4.90069478217283e-07,1.37299475024652e-06,3.68984813154545e-06,9.52290910427371e-06,2.36306469319239e-05,5.64485870033229e-05,0.000129972070187767,0.000288771802554226,0.000619800371914955,0.0012858619083215,0.00257873996795946,0.00500333495928561,0.00935667205884208,0.0168461546198312,0.029186114816846,0.047792159090277,0.0742970183423832,0.108458335249414,0.143689545252111,0.169753891310777,0.185567960750442,0.205050265579364
"25",1.30834288936441e-10,4.01224970635133e-10,1.47616400227958e-09,5.1773232250986e-09,1.73844791136235e-08,5.58672124454722e-08,1.72086262852718e-07,5.089345056253e-07,1.44767804417632e-06,3.96768696062348e-06,1.04953181375358e-05,2.68318225690941e-05,6.63716016535953e-05,0.000158915924778108,0.000368314786228317,0.000825349608312504,0.00178477454201175,0.00372232001677715,0.00743773186038553,0.0142107752193902,0.0259388394334836,0.0443159057728652,0.0713469928804886,0.107067897257676,0.144717902015974,0.173445154692957,0.191603394141383,0.212945856281917
"26",3.22046612762741e-11,1.05357893445951e-10,4.10128390011021e-10,1.52463407500783e-09,5.43603084665845e-09,1.86060306172128e-08,6.12701464530781e-08,1.94540194649644e-07,5.96711320746348e-07,1.77055842126537e-06,5.08627761151014e-06,1.41441782130573e-05,3.80490289552976e-05,9.8846030272808e-05,0.000247547320695523,0.000595913569920242,0.00137460261849928,0.00303648911673405,0.00637349056482268,0.0126970973980574,0.0240064652631461,0.0421662640018201,0.0694292156709546,0.106038817686719,0.145162957266445,0.175583942228844,0.195281875821974,0.217846546761847
"27",7.86308408389237e-12,2.79660090264344e-11,1.17489852104233e-10,4.73727857425964e-10,1.84040488503862e-09,6.89615870228104e-09,2.49568282863592e-08,8.72786775066193e-08,2.94901689374458e-07,9.61676251712002e-07,3.02214283432507e-06,9.1323474298781e-06,2.64827556626784e-05,7.35147376096555e-05,0.000195014346454366,0.000493060386256603,0.00118526464095208,0.00271074859712061,0.00585369781700477,0.0119371405297304,0.0230091253123777,0.0410235032885651,0.068371296711048,0.105421751755995,0.145321350941569,0.176665420575292,0.197224730716409,0.220474364220632
"28",2.36475278709709e-12,9.51702028128403e-12,4.45956197641859e-11,2.00722554646451e-10,8.68618629745199e-10,3.6103180236561e-09,1.43985082602899e-08,5.50259355936572e-08,2.01223938750866e-07,7.02979332203052e-07,2.34307782621776e-06,7.43897075891151e-06,2.24749293023334e-05,6.45245211645906e-05,0.00017594017615115,0.000454892138088959,0.00111351384586619,0.00258478621136086,0.00564870402807287,0.0116315993956608,0.0226003715414292,0.0405455149111115,0.0679176657364256,0.105143218987705,0.145364860006122,0.177102285025394,0.198035619639713,0.221583268493996
