"","X0","X1","X2","X3","X4","X5","X6","X7","X8","X9","X10","X11","X12","X13","X14","X15","X16","X17","X18","X19","X20","X21","X22","X23","X24","X25","X26","X27"
"1",0.169245014258476,0.114890234369849,0.0844057599872862,0.071785893473267,0.0667015857139859,0.0635228179101221,0.0602121566135548,0.0562566810057927,0.0516382891883747,0.0465024145406996,0.0410549129209787,0.0355176686167571,0.0301017351982215,0.0249885640483383,0.0203177502153731,0.0161813830440729,0.0126245858447263,0.00965096949276471,0.0072312121795187,0.00531290434684545,0.00383013292055554,0.00271184940838484,0.00188819366505301,0.00129370675011055,0.000870914140416019,0.000579056788255864,0.000396741157792829,0.000286872200425316
"2",0.155748847530029,0.106581076755,0.0795038764398039,0.0688071028070166,0.0650132885466067,0.0629016885277053,0.0605433332043406,0.0574246072972481,0.0535018406753069,0.0488980710538923,0.0438084872951781,0.0384577820084636,0.0330720162246143,0.0278570157948013,0.022982545695732,0.0185729552425065,0.014704381182387,0.0114076087087436,0.0086750019928578,0.00646964893196176,0.00473506666590414,0.00340433423954769,0.00240747308229304,0.00167543717789331,0.00114526654026528,0.000772722572986433,0.000536725747058191,0.000391798059855402
"3",0.13548420361077,0.0939844122394229,0.0718960141475031,0.0639866916828247,0.0620588109035166,0.0615129639567579,0.0605879098110299,0.0587684240177933,0.055966984697067,0.0522637808271804,0.0478265523350236,0.0428723274303712,0.0376390036608302,0.032360725981889,0.0272473903442926,0.0224698545570956,0.0181517786474572,0.0143679059901682,0.0111476703959311,0.00848244071488369,0.00633468600666523,0.00464775579794996,0.00335454535085203,0.00238237940668822,0.00166080246439632,0.00114159983031423,0.000806626547309307,0.000595758644015259
"4",0.114035201730653,0.0804464517106434,0.0634197336955388,0.0582852497384062,0.0582016362581046,0.0592393913137312,0.0598246032761077,0.0594414228552065,0.0579487654950483,0.0553675625976771,0.051818103582302,0.0474892138071494,0.0426123231547302,0.0374359455339299,0.0322017344968576,0.0271245189488861,0.0223781826247568,0.0180881463742863,0.014330110688227,0.0111338193710148,0.00849030802923495,0.00636136286622637,0.00468885821620556,0.00339990008207115,0.00241786934062306,0.00169335975674849,0.00121699364578947,0.000909230809842894
"5",0.0937430935602591,0.0673881812444687,0.0548796177700704,0.0521468220586506,0.0536327842170017,0.0560577810151799,0.0580396808354668,0.0590670054570221,0.0589432438572947,0.0576197724832251,0.055151808350828,0.0516776104010766,0.0473982310484996,0.0425542212886583,0.037400775051006,0.0321842102635165,0.0271224656306602,0.0223913915242644,0.0181174893255049,0.0143766053378385,0.0111975582907573,0.00856980399115214,0.00645224785318219,0.00477735025637285,0.00346579163338491,0.00247261121142907,0.00180684762445618,0.00136499841877263
"6",0.0755004811646444,0.0553867750941203,0.0466524779121431,0.0458326204381005,0.0485248782779919,0.0520515318535195,0.0552213123235164,0.0575366657774077,0.0587517813061905,0.0587465140620135,0.0575002077181609,0.0550823166515665,0.0516404822556963,0.0473826630511127,0.0425545168048534,0.0374149162088916,0.0322127375215038,0.0271675704843143,0.0224560590138887,0.0182043296773767,0.0144863413859613,0.011328079183964,0.00871424433530699,0.00658938956912389,0.00487640531689267,0.00354328319489862,0.00263175615929428,0.0020096632575448
"7",0.0596278283823129,0.0446924902207247,0.0389602436947588,0.0395536249204798,0.0430733042267097,0.0473833556376284,0.0514795869253214,0.0548914285978977,0.0573370860655837,0.0586319375961249,0.0586778022080707,0.0574648419924035,0.0550694312883713,0.0516442872928789,0.0474012293416626,0.0425888554655003,0.0374682082859745,0.0322895733506463,0.0272730115579823,0.0225940642202078,0.018375576229568,0.0146868521355508,0.011546440399168,0.00891780448978951,0.00673174176813203,0.00498063512031545,0.00375865200001151,0.00290010658622348
"8",0.0461887911495905,0.035407455389773,0.0319537907129841,0.0334990797741397,0.0374895011893978,0.0422645849940814,0.0470005042795341,0.0512681533835602,0.0547682135401172,0.0572665888150613,0.058595415368285,0.0586645752117634,0.0574693461099769,0.0550899626866664,0.051682278882861,0.0474607200148534,0.0426759378271196,0.0375902634124337,0.0324540668084427,0.0274852482663099,0.0228540187433466,0.0186759055285275,0.0150089504051505,0.0118410327766716,0.00911640018720863,0.00686600300419656,0.00526225102182512,0.00410096051612118
"9",0.0350957593514694,0.0275402808993575,0.0257302851984008,0.027831155030841,0.0319812013995516,0.0369267568108015,0.0420141674495025,0.0468692431691136,0.0511958623663554,0.0547310029942833,0.0572531185317491,0.0586003908136754,0.0586866743484693,0.0575104787952207,0.0551549376332289,0.0517785412877585,0.0475978718378336,0.0428647858768906,0.0378411143516167,0.0327734706047466,0.0278714322466402,0.0232940683180505,0.0191403206437111,0.0154249902033905,0.0121098736890991,0.00928078965913712,0.00722041122132126,0.0056810152677827
"10",0.0261602260982141,0.0210299691058851,0.0203367416803645,0.0226751541411895,0.0267333647874314,0.0315965730583923,0.036767344077091,0.0419366316553666,0.0468314157941706,0.0511826662248296,0.0547367303508543,0.0572767946587079,0.0586444618905046,0.0587566984447746,0.0576150855953723,0.0553057126650379,0.0519894569440694,0.0478839291302004,0.0432395155200525,0.0383118896507057,0.0333350616300594,0.0285021258337567,0.023948388939084,0.0197132964765294,0.01577730581752,0.0122984437316866,0.00970735921320009,0.0077076568849486
"11",0.0191312330627896,0.0157652056720589,0.0157745036640888,0.0181136739511293,0.0218942133219353,0.02647552925143,0.0314989509707946,0.0367260843384487,0.0419234335078018,0.0468379711404584,0.0512078278396158,0.0547834094056003,0.0573512876005035,0.0587564891377164,0.0589195583062294,0.0578455507702854,0.0556231776211402,0.0524138994989573,0.0484322546459086,0.0439189388060887,0.0391110614355957,0.0342189187753665,0.029402489754495,0.0247172441069093,0.0201588563213781,0.0159744307066619,0.0127846541108076,0.0102391522758037
"12",0.0137282221114978,0.0116026979702839,0.0120066321084425,0.0141860175302678,0.0175675632262764,0.0217255783389289,0.0264200251429622,0.0314833762765958,0.0367327946038318,0.0419495814673976,0.0468865390027369,0.05128575213786,0.0549014292008853,0.0575242439520129,0.0590035608086591,0.0592640047333202,0.058313328633057,0.0562398776647021,0.0531994935654718,0.049391974978077,0.0450313972245642,0.0403216885188071,0.035428277612712,0.0304067384067084,0.0252586954042567,0.0203349484484322,0.0164904127568777,0.0133151481743738
"13",0.00966766552861024,0.00838379473757443,0.00896735482385779,0.0108922103290263,0.0138113337710591,0.0174615122692765,0.0216997806597302,0.0264247459563275,0.0315093385981355,0.0367819750802041,0.0420292318420677,0.0470082755584769,0.0514658139577441,0.0551611386789895,0.0578901805472506,0.0595069323442506,0.059938414224493,0.0591902597492216,0.0573413301237851,0.0545257442137253,0.0509061325448098,0.0466514218607274,0.0419064759816548,0.0367037650144842,0.0310351672303161,0.0253657452702666,0.0208279412771225,0.0169463178268115
"14",0.00668261893189676,0.00594828860916086,0.00657222115134066,0.00820026291965211,0.0106412231008115,0.0137497612959307,0.0174584313019858,0.0217233664219526,0.0264726446925655,0.0315883050598451,0.0369041717063334,0.0422120660318866,0.0472749569210633,0.0518458497605133,0.0556902523710482,0.0586090222660404,0.0604575920370561,0.0611579457895888,0.0607006336147337,0.0591334631156017,0.0565400302336224,0.0530232420738935,0.0486765290107,0.0434799897825786,0.0373940080939003,0.0310029214271583,0.0257555255737048,0.021104676705434
"15",0.00453523260093235,0.00414477152337844,0.00472771287004319,0.00605510705672334,0.00803799742333624,0.010612464499607,0.0137664079569588,0.0175024944379744,0.0217987032779636,0.026591244339262,0.0317683079749369,0.0371702759585401,0.0425962621416532,0.0478168920507532,0.0525922333415463,0.0566925339079013,0.0599181590958186,0.0621150317812694,0.0631823026641778,0.0630674416013635,0.0617514094180174,0.0592410167363978,0.0555455337044353,0.0505598449003698,0.0441865767079857,0.0371279016937164,0.0311795811130117,0.0257165592219255
"16",0.00302306373695959,0.00283745652116967,0.00333939581697345,0.00438774399448287,0.00595666739532959,0.00803515560388983,0.0106487633054085,0.0138348927667145,0.017613120183662,0.0219695505235388,0.0268478335602156,0.032144420303327,0.0377087231606413,0.0433489034426373,0.0488431979402577,0.0539554761149873,0.0584522435044653,0.0621179435734574,0.0647654127920352,0.0662357908442797,0.0663904757170714,0.0651144986719941,0.0623020470970485,0.0577298833409551,0.0512147466244451,0.0435686990527523,0.036953467844069,0.0306604265672313
"17",0.00198050424124861,0.00190980586444587,0.00231810136277279,0.00312347019542529,0.00433597434564036,0.00597627618790109,0.00809307877029545,0.0107473068609306,0.0139904461002834,0.0178509925959555,0.0223242576388035,0.0273641890320074,0.0328781701039508,0.0387259472546687,0.0447233433026302,0.0506504393704154,0.0562624835100405,0.0613014069084427,0.0655056014168515,0.0686120701252249,0.0703541138265897,0.0704766836992389,0.0687335120852659,0.0647542993750595,0.0582433338691403,0.0501089885011154,0.0428838407235654,0.0357713627320894
"18",0.00127678222966236,0.00126556694871373,0.00158400667136313,0.00218846835476495,0.00310697230910034,0.0043769132251678,0.00605908667635874,0.00822832587334943,0.0109584370395523,0.0143112669496228,0.0183266834015818,0.0230125886840583,0.0283358209722061,0.0342151308751073,0.0405172851522384,0.0470567519308347,0.05359826906701,0.0598614762434534,0.0655265947027113,0.0702357712899548,0.0735945398602511,0.075198844213426,0.0746453019598931,0.0713954366589911,0.0650197344164404,0.0565053564262205,0.0487453621010204,0.0408532257669449
"19",0.000811896017343779,0.000827923007894895,0.00106878003366211,0.00151447075572691,0.00219995088669952,0.00316955265154774,0.00448843424789259,0.00623788728460831,0.00850564021349339,0.0113777981680508,0.0149300436824151,0.0192172796742878,0.024262189600694,0.030043616754434,0.0364858525422143,0.0434497464469797,0.050725812349072,0.0580298614804728,0.065001788752269,0.0712031975917028,0.0761202455591107,0.079200959863042,0.0798788720628024,0.0774369619354008,0.0712989177133797,0.0625114304638136,0.0543029534694816,0.045697936791507
"20",0.000511596599194452,0.000537448181082296,0.000716146511519925,0.00104154510333544,0.0015493908891681,0.00228511932977588,0.00331342777331322,0.00471691739560263,0.00659065510575817,0.00903694506745663,0.0121583658559372,0.0160481041576355,0.0207775411378251,0.0263814982892624,0.0328419801561425,0.0400714654515724,0.0478965295705573,0.0560435467722725,0.0641288169301595,0.0716502198105548,0.0779891415709799,0.0824560155546631,0.0843264008473028,0.0827064734456064,0.076870430213195,0.0679057997816637,0.0593388619877309,0.0501096165107316
"21",0.000322237540033452,0.000349459838347257,0.000481313414446509,0.000719287474333608,0.0010970104405579,0.0016580359604486,0.0024640890083305,0.00359603130172293,0.0051516800873257,0.00724312585160271,0.00999181201330328,0.0135201786329617,0.0179392835199959,0.0233322233398742,0.029733757113969,0.0371070650124614,0.0453187553759637,0.0541148433145455,0.0631016363301637,0.0717301596014874,0.0792953845322356,0.084987689626268,0.0879396023077678,0.0870938084646438,0.0815828958095792,0.072519053606708,0.0636800259280464,0.0539295545528757
"22",0.000206021967124653,0.000231224380582857,0.000329692747954974,0.000506825690285179,0.000793202905662834,0.00122939827040243,0.00187331182196009,0.00280269904631395,0.00411536971534733,0.00592861082163997,0.00837619296527741,0.0116015370427272,0.015745968015856,0.0209313081046825,0.0272367088615005,0.0346703774575154,0.0431374099188108,0.05240715129266,0.0620853463411989,0.0715911482982192,0.0801526465683271,0.0868621102544939,0.0907311648560936,0.0905615530213263,0.0853612069908562,0.0762545627343262,0.0672202575191443,0.0570569923897097
"23",0.000136932383894731,0.000159328371193245,0.000235296767393081,0.000372056799130711,0.000597286263705732,0.000948595987550582,0.0014802515075719,0.002266709174423,0.00340446338687263,0.00501307456916343,0.00723378413830252,0.0102241116581313,0.0141469729959594,0.0191530852172806,0.0253560813932208,0.0328006557014401,0.0414249011685188,0.0510207029802516,0.0611984593193593,0.0713573970324471,0.0806771999927936,0.0881753379349633,0.0927683983778492,0.093145317027144,0.0882124423536311,0.0790981947464843,0.0699320870528268,0.0594608756984967
"24",9.74438445297324e-05,0.000117394466475992,0.000179088324324306,0.0002904883536232,0.00047698873959102,0.000773796713875105,0.00123226332656293,0.0019240332711808,0.00294396443847855,0.00441228203052352,0.00647439958456085,0.00929667452496759,0.0130563583448242,0.01792413712952,0.0240382959105594,0.0314705146753729,0.0401843393972772,0.0499904391294769,0.0605056182021413,0.0711177525813647,0.0809739620053046,0.0890388713731127,0.0941600716367411,0.0949432714828844,0.090218711762137,0.0811142855529357,0.0718650961073537,0.0611794570903
"25",7.59956605364932e-05,9.42140247014944e-05,0.000147464837981514,0.000243958031612039,0.00040752323011471,0.000671682398959001,0.00108574431819565,0.00171930434553067,0.00266581152996348,0.00404544457046129,0.00600574544330171,0.00871819880979524,0.0123688367287954,0.0171410128594496,0.0231890998959798,0.0306028740398798,0.0393635045422406,0.0492953795378895,0.0600211741811705,0.070922938516043,0.081127625707763,0.0895656348041111,0.095038799569245,0.0960968561325528,0.0915181976152196,0.0824284943444079,0.0731308658036155,0.0623076185204836
"26",6.51257247153584e-05,8.22932114832014e-05,0.000130965930356727,0.000219406421475575,0.000370503443827932,0.000616747326994952,0.00100619277929375,0.00160714213369219,0.00251206920904235,0.00384091182880608,0.00574219233915912,0.00839011025419102,0.0119755820409379,0.0166892207305182,0.0226948335032337,0.0300930388488283,0.0388758241875962,0.0488763240058726,0.0597214701379979,0.0707906560627291,0.081199519572318,0.089858484509733,0.095542144068141,0.0967665201639163,0.0922784478913553,0.0832013759121543,0.0738780111887795,0.062974886572851
"27",6.01454417323023e-05,7.67686273530914e-05,0.000123234001852327,0.000207800231177643,0.00035286846803719,0.000590387262674562,0.000967750162272031,0.00155256487799837,0.00243675109528814,0.00374004329685246,0.00561136395799684,0.00822619001979714,0.0117778349547655,0.0164605602667529,0.0224430003602609,0.0298314118472052,0.0386235088437084,0.04865718018125,0.0595618609453162,0.0707158890787721,0.0812293145356512,0.0900023713980551,0.0957955367986918,0.0971072000585125,0.0926675576247478,0.0835985492399206,0.0742630544150823,0.0633193020082754
"28",5.82603672074622e-05,7.46608304799395e-05,0.000120261293205747,0.000203311192701015,0.000346011525818615,0.000580086456908419,0.000952654815498608,0.00153103219051686,0.00240689738341432,0.00369988019927809,0.00555903862255025,0.00816034003042409,0.0116980475230088,0.01636789272323,0.0223404793575015,0.0297243896333609,0.0385197279962622,0.0485664019845475,0.0594949603469074,0.0706833967516191,0.0812395384688499,0.0900594698865268,0.0958978557214935,0.097245777946323,0.0928264991555636,0.0837612365605581,0.0744210829231329,0.0634608081131116
