"","X0","X1","X2","X3","X4","X5","X6","X7","X8","X9","X10","X11","X12","X13","X14","X15","X16","X17","X18","X19","X20","X21","X22","X23","X24","X25","X26","X27"
"1",0.0689368272619856,0.0604172672443156,0.0648175649774729,0.0708143709474646,0.0725205851609503,0.0734967803618767,0.0733203862912315,0.0717495220979615,0.0686581153777229,0.0640778978354066,0.0582405626515839,0.0515173119249328,0.0443430465296953,0.0371458439024604,0.0302932564099927,0.0240606357997923,0.0186201532772933,0.0140464975083636,0.0103336427423152,0.00741699573400575,0.00519613224310325,0.00355480261570131,0.00237642634138391,0.00155534974202447,0.00100132581051054,0.00065285814368734,0.000440409149798068,0.000395431916967025
"2",0.0607652831542113,0.0537107783247092,0.0583974124731058,0.0647887213142291,0.0676310734309338,0.0699265226470847,0.0711761946874209,0.071044086350088,0.0693118889322776,0.065928641544151,0.0610564388378156,0.0550209549726791,0.0482419322496387,0.0411627052230529,0.0341910250646532,0.0276583920666271,0.0217991139193084,0.0167471732859067,0.0125466300096567,0.00917034016206197,0.00654197246245608,0.00455734529873816,0.0031024820449812,0.00206826951752986,0.00135704970661553,0.000903835628168244,0.000621719028869649,0.000572017663028907
"3",0.0490312837715963,0.0439873726699206,0.0489303665023158,0.0556998554427095,0.0599823202323382,0.0640190046003914,0.0672312686480478,0.0691654857995642,0.0694739989855954,0.0679760123461761,0.0647113799948876,0.0599115630021261,0.0539446213146179,0.0472498166266526,0.0402741546775075,0.0334204383906805,0.0270117313567438,0.0212737846606177,0.0163337409657115,0.0122312587271851,0.00893723360177344,0.0063755026978765,0.00444381975870108,0.00303357832746179,0.00203930673867956,0.00139546729743553,0.000983472643642033,0.000932160219043699
"4",0.0374856426388213,0.0342691250559678,0.0392108792104529,0.0460381839613886,0.051409015260173,0.0568821931245115,0.0618516611820277,0.0657822228167392,0.0682113583655953,0.0688196751875557,0.0674956333889752,0.0643329339070621,0.0595983001812907,0.0536798022028044,0.0470262517631247,0.0400883247797147,0.0332695574112274,0.0268926216326451,0.0211827160063802,0.0162667062179962,0.0121844035742179,0.00890744391718932,0.00636126252651635,0.00444977184673091,0.00306687453584076,0.00215773703190497,0.00155840947485633,0.00152129279828952
"5",0.0275634125200297,0.0257453766451639,0.0303926168771102,0.0368955296836723,0.0427945473937247,0.0491357583205464,0.0553517867681682,0.0608857445729626,0.0652034685201523,0.0678673665336748,0.068610623247997,0.0673619731704255,0.0642416979894459,0.0595322657753092,0.0536301689833436,0.046988488366309,0.0400599477244526,0.033249066583495,0.0268790541600037,0.021175514252887,0.0162657746883961,0.0121905347214493,0.00892334159013506,0.00639886553658549,0.00452372552816552,0.00327420481658701,0.0024235777492513,0.00243556728055641
"6",0.0196042066305439,0.0187437905102231,0.0228687774461831,0.0287339386428377,0.0346254170080128,0.0412450325826773,0.0481195537679571,0.0547319638300261,0.0605330508478922,0.0650097940236222,0.0677628805091071,0.0685540161491725,0.0673304647080982,0.0642234415442078,0.0595213364979848,0.0536237675614085,0.0469854514109248,0.0400600239338332,0.0332525988668881,0.0268868776463058,0.021189035264904,0.016287604282851,0.0122260482798393,0.0089924278043011,0.00652466933808317,0.0048613811649904,0.00368827848448686,0.00381417126263749
"7",0.0135121407650785,0.013243637244596,0.0167170631994535,0.0217480782113307,0.0272171315957815,0.0336147498296157,0.0405956781252629,0.0477325737515453,0.0545184275946115,0.0604206387563587,0.0649527705829158,0.0677347294996815,0.068540434970573,0.0673242553085601,0.0642212422267635,0.0595218645620631,0.0536269275481192,0.046991936967251,0.040071170082967,0.0332703654596069,0.0269140056609887,0.0212300135065345,0.0163510094420965,0.0123429386851472,0.00919749947488188,0.00705926056506656,0.00548994939190886,0.00583950699124002
"8",0.00903037021371537,0.00908425511754623,0.0118708972461703,0.0159906645507241,0.0207706066574564,0.0265805183495396,0.0332128894216439,0.0403605208914649,0.0476056134545874,0.0544533379597252,0.0603887699185343,0.064937897748521,0.0677283660257832,0.0685385601493985,0.0673253075732298,0.0642251145662859,0.0595294598651097,0.0536400180698172,0.0470131547327649,0.0401040482406546,0.0333195476324506,0.0269866319009415,0.0213391027250108,0.0165435306044384,0.0126691969348608,0.010023534367317,0.00799064382503103,0.00873744125727673
"9",0.00585317458921043,0.00604957843406,0.00818681856892729,0.0114168357418687,0.0153812534212894,0.0203823909478871,0.0263393941771616,0.0330740316748682,0.0402869157202181,0.0475686793185942,0.0544358013071995,0.0603811251139065,0.0649354270272887,0.0677291680734508,0.068542429753324,0.0673332739675792,0.0642393401812478,0.0595533108818402,0.0536781588916806,0.0470715931504501,0.040190327965518,0.0334446168758458,0.0271695521812491,0.0216488106007093,0.0170505649736984,0.0139147211893553,0.0113700123438239,0.0127726929277472
"10",0.00368002614830355,0.00391130555505829,0.00548241519243902,0.00791259203097417,0.0110488650127539,0.0151518951953197,0.0202421081082232,0.0262598168452781,0.0330325891511184,0.0402666022615472,0.0475594883955273,0.0544324772358353,0.0603813897913527,0.0649389132806557,0.0677369332840635,0.0685569169369327,0.0673585110387375,0.0642812075303995,0.0596197059453327,0.0537789519900262,0.0472186584762423,0.0403998971830657,0.0337435807333464,0.0276560149889878,0.0224181976413423,0.018882440726751,0.0158126195934154,0.01823587972697
"11",0.00224468753960807,0.00245526451347636,0.00356453557977381,0.00532227091986879,0.00769729755210649,0.0109175454434443,0.0150727670437544,0.0201978916465187,0.0262372440934822,0.0330219286893881,0.0402623586442861,0.0475590839253859,0.0544353198763232,0.0603884536519795,0.0649527487642319,0.0677620149657823,0.0686001575991911,0.0674297381448086,0.0643933477107382,0.0597884864005498,0.0540224983282539,0.0475602103922416,0.0408758853593389,0.0344891859837572,0.0287953540114193,0.0250450175652594,0.0214888057758633,0.0254198998791678
"12",0.00132858132370366,0.00149654686611653,0.00225003673464036,0.00347406231782142,0.00520017153217431,0.00762442146602854,0.0108742840482059,0.0150489902391931,0.0201861037990828,0.0262321512339982,0.0330208085117736,0.0402644019609405,0.047565068055994,0.0544477005720583,0.0604118346882044,0.0649946559913777,0.0678337897631468,0.0687176687921184,0.0676134956968286,0.0646676675450629,0.0601801881702553,0.054563648052927,0.0482979803090688,0.041990328220648,0.0361347901778324,0.0324661070005515,0.0285296493678343,0.0345848675624121
"13",0.000763199154039255,0.000885825407828721,0.00137892640610125,0.0022005749764871,0.00340692562135288,0.00516097400167536,0.00760152055083292,0.0108619792343761,0.0150432589370556,0.0201843173841218,0.0262333442143775,0.0330255049783583,0.0402747716798384,0.0475854967830258,0.0544857687633768,0.0604796248338067,0.0651101334032669,0.0680217766070684,0.0690097247797988,0.0680460924293377,0.065279243748326,0.0610132684606123,0.0556762104245616,0.0499213746042215,0.0443073362650743,0.0411314181133767,0.0369982096410757,0.0459131985966252
"14",0.000425599101659499,0.000509252521506527,0.000820519864361354,0.00135275442604294,0.00216478068137095,0.00338650512833206,0.00514927977162906,0.00759550554255106,0.0108596733108394,0.0150436604117051,0.0201876954447721,0.0262414617412593,0.03304222777065,0.0403071696781566,0.0476454573555378,0.0545920054408197,0.0606596877838438,0.0654016537784901,0.068471844345695,0.0696713878813913,0.0689726700986634,0.0665247489714264,0.0626446162685874,0.0579794623011567,0.0530999565987171,0.0509297634108528,0.0468610364077616,0.0594596239622203
"15",0.000230448632605176,0.00028439014780075,0.000474114058291488,0.000807117184873575,0.00133425566883679,0.00215450281356529,0.00338081628795946,0.00514668738194746,0.00759526525267667,0.010861857369135,0.0150495835508219,0.0202005165864877,0.0262672916665494,0.0330918848841617,0.0403986190402274,0.0478067413684173,0.0548640480161203,0.0610977759725386,0.066073897825111,0.0694530340760688,0.0710330425089917,0.070780187247369,0.0688493131264587,0.065825568439853,0.0622259925769256,0.0616432116173096,0.0579655098034753,0.0751043268954211
"16",0.000121186664076059,0.000154300076144222,0.000266063515871216,0.000467476414478978,0.000797863951094237,0.00132930055059102,0.0021519793239934,0.00338014423305597,0.00514790508395025,0.00759927720164602,0.0108710584113303,0.0150688775005965,0.0202390260362347,0.0263409491560618,0.0332269421759209,0.0406357591328734,0.0482048435900183,0.0555018075457691,0.0620706558361001,0.0674840614451485,0.0713931663971505,0.0735781143833403,0.0739974271901641,0.0731233724786794,0.0713482506576491,0.0729506949436983,0.0700293675122829,0.0925201285920799
"17",6.19066723413032e-05,8.13516535967539e-05,0.000145035107648714,0.000262893174602757,0.000463019642710718,0.000795640648766778,0.00132845964071093,0.00215250341374414,0.00338264910839602,0.00515408007436456,0.00761278093086419,0.010899032657462,0.0151244050194475,0.0203447789472544,0.026534048308188,0.0335645275602937,0.0411998620895958,0.0491039552611482,0.0568655444753077,0.0640341870811414,0.0701633393615117,0.0748687223294384,0.0779010295279081,0.0795820757917312,0.0801128574098714,0.0844477601393188,0.0826481653365318,0.111165388636102
"18",3.07268405201e-05,4.16873021923515e-05,7.68146868209917e-05,0.000143587976076561,0.00026086081355939,0.000462189721849058,0.000795751250663746,0.00132988478532961,0.00215637242493381,0.00339150483884688,0.00517312188561146,0.00765197718814949,0.010976496596967,0.0152713418706959,0.0206119848731319,0.0269992046487652,0.0343382773717188,0.0424270344848267,0.0509549964800502,0.0595136312375994,0.0676192503589807,0.0747650104353841,0.0805059905808407,0.0849948153061807,0.0881890066775063,0.0956823586669616,0.0953240853317371,0.1303120353641
"19",1.48220454086511e-05,2.07681897316269e-05,3.95409658163981e-05,7.62024438831413e-05,0.000142760507499358,0.000260763226540487,0.000462921341933332,0.000798008776509434,0.00133532528403162,0.00216852227553038,0.00341742543050685,0.00522623290883518,0.00775652353302853,0.0111740282487356,0.0156291182042958,0.021232210969871,0.0280263334846964,0.0359594948856447,0.0448593976343189,0.054413344011202,0.0641607712914619,0.0735251746224748,0.0818979622208811,0.0892641911051181,0.0953076611056539,0.106202987605497,0.107515372421376,0.149112135259518
"20",6.95158989194833e-06,1.0063956976419e-05,1.9795513819419e-05,3.9328128851078e-05,7.59760986161735e-05,0.000143086252454962,0.000261988516500944,0.000466050954287413,0.000805277623869931,0.00135139233633646,0.00220262737169415,0.00348702675320233,0.00536271664793487,0.00801341132246592,0.0116374910046032,0.016429288887001,0.0225516386376718,0.0300992571383378,0.039053624096538,0.0492328654727161,0.0602487433071372,0.0715081395804636,0.0822825792970129,0.0924087249013648,0.101291751639902,0.115612051944218,0.118700592517418,0.166697558508713
"21",3.17269447435192e-06,4.74915581852619e-06,9.65289222363667e-06,1.97768466805278e-05,3.94156378313773e-05,7.65905899598473e-05,0.000144772002685922,0.000266066954016913,0.000475391143155293,0.000825803725791671,0.0013947836731652,0.00229084690137522,0.00365937904805609,0.00568590611462914,0.00859427185801256,0.012636395391534,0.0180695811858997,0.0251171988681167,0.033909994754689,0.0444101065340723,0.0563325633314599,0.069111085166444,0.0819434455777006,0.0945484822923312,0.10607178304584,0.123614844372223,0.128446868504914,0.1822970717369
"22",1.41233980749474e-06,2.18898690620447e-06,4.60217493645315e-06,9.73544484266114e-06,2.00468140116916e-05,4.02646076301834e-05,7.87378266401331e-05,0.000149867518660117,0.000277654904603864,0.000500747064977608,0.000879204596414439,0.00150296196385559,0.00250143471824267,0.00405284239101253,0.00639047201181025,0.00980132464871794,0.0146106287461178,0.0211444008216264,0.0296632876032012,0.0402668865917691,0.0527839973268059,0.0667028741468444,0.0811875465174706,0.0958734430317409,0.109683887124286,0.130054173217248,0.136468189204063,0.195347187655756
"23",6.17134572133891e-07,9.93385430344204e-07,2.16610943278338e-06,4.74520613937476e-06,1.01291936788711e-05,2.11078776827365e-05,4.28759712179748e-05,8.48811165369625e-05,0.000163772843422621,0.000307966921572904,0.000564359779789188,0.00100762301647704,0.00175208953690384,0.00296529721666892,0.00488056042863332,0.00780340968211476,0.0121036508942395,0.0181822281696366,0.0264022890515188,0.0369802152403022,0.0498512615858784,0.0645687120037999,0.0802913860472857,0.0966028028851924,0.112251426865606,0.134922834369291,0.14266014998368,0.205570447483296
"24",2.69331524389227e-07,4.53116081411602e-07,1.03061629919212e-06,2.35167409736035e-06,5.23531341996201e-06,1.13879081862644e-05,2.41709253992819e-05,5.00442207741463e-05,0.00010104384142735,0.000198882501242306,0.000381399479858426,0.000712111420936614,0.00129331706709636,0.00228229631730504,0.0039082795997676,0.00648484364132318,0.01040843736042,0.0161300622565297,0.0240863940289146,0.0345828949351482,0.047642026639585,0.0628782258420814,0.0794607841311234,0.0969455645397354,0.113955119109244,0.138350861464342,0.147102102383226,0.213000410334911
"25",1.2260127985665e-07,2.17926526471659e-07,5.21670647900899e-07,1.24977497354604e-06,2.92223051258558e-06,6.67435465466593e-06,1.48685130607487e-05,3.22837031843675e-05,6.82730173127945e-05,0.000140511389335529,0.000281166857339182,0.000546446189681079,0.00103026927869155,0.00188197678702698,0.00332605243926874,0.00567854093701355,0.00935031592005576,0.0148228482302523,0.0225805653805017,0.0329898389005143,0.0461361235705929,0.061682208019906,0.0788127402756535,0.0970716100368055,0.114999050065955,0.140570651413293,0.150025862354569,0.217946088161392
"26",6.34116960358507e-08,1.20252756139034e-07,3.0462792833436e-07,7.68404193819534e-07,1.88771724616686e-06,4.51779375597172e-06,1.05171770348709e-05,2.37946306744119e-05,5.22761189454285e-05,0.000111427411649787,0.000230218285826535,0.000460588867655069,0.000891351648535474,0.00166666855423972,0.00300731130294563,0.00522947251329834,0.00875103506625535,0.0140701794085587,0.0216990715684607,0.0320410006832449,0.0452212581901518,0.0609351917489731,0.0783808555311581,0.0970984299166466,0.115579987412963,0.141868267184541,0.151758700321404,0.220904734249262
"27",4.10478247672245e-08,8.23999859660813e-08,2.18587414482831e-07,5.73644707602172e-07,1.46082866882966e-06,3.61092414716495e-06,8.6536820202695e-06,2.00944152785364e-05,4.51834279799343e-05,9.83177948797623e-05,0.000206884470253945,0.000420657926470588,0.000825777280856181,0.0015635694094895,0.00285256009850386,0.00500851381591228,0.00845231618362687,0.0136902044616588,0.0212483816889778,0.0315494556649077,0.044740239002669,0.0605344561375054,0.0781388742708457,0.0970932313050544,0.115865077353139,0.142531736821824,0.152654445428642,0.222445381926757
"28",3.37116076499441e-08,6.97388795909378e-08,1.89313205643388e-07,5.06363537183726e-07,1.31119195447998e-06,3.28860567785237e-06,7.9825137255085e-06,1.87446445331878e-05,4.25643227842815e-05,9.34196763381471e-05,0.000198067500359243,0.000405405375242041,0.000800468001105323,0.00152337774264973,0.00279165075449353,0.00492073725659886,0.00833258178131691,0.0135365627926838,0.0210645554155323,0.03134715986897,0.0445402869882782,0.0603656529662291,0.0780341257311144,0.0970857045253647,0.11597798634868,0.142802502312281,0.153022828249873,0.223082236306984
