"","X0","X1","X2","X3","X4","X5","X6","X7","X8","X9","X10","X11","X12","X13","X14","X15","X16","X17","X18","X19","X20","X21","X22","X23","X24","X25","X26","X27"
"1",0.0449440974005262,0.0394937175654189,0.0517078146250528,0.0634262239503425,0.0750743579595286,0.0842442922573136,0.0895682242921311,0.0903960810573824,0.0868195633259149,0.0795433489632515,0.0696710292998423,0.0584521743252109,0.0470531688534468,0.0363971813620924,0.0270899899496787,0.0194228476824032,0.013428187600384,0.00895989330545424,0.00577428181336785,0.00359653425150186,0.00216620878709832,0.0012622688494699,0.0007119552517742,0.000388981059266056,0.000206576563600949,0.000106832366151547,5.49619274170765e-05,3.92053549774355e-05
"2",0.0361704601902674,0.0325681668614681,0.0438145757266239,0.0554049669467584,0.0675713782768564,0.0781279127036763,0.0855843143258741,0.0889815709266848,0.0880175729570405,0.0830275437915184,0.0748502522555393,0.0646134162648281,0.0535005992465444,0.0425563085295516,0.0325629685427137,0.0239968656618325,0.0170493923693098,0.0116891901108368,0.00773976086431905,0.00495265974525648,0.00306461981538763,0.0018347278355982,0.00106334631734827,0.000597144461361098,0.000326232587039739,0.000173731664336343,9.22297519966464e-05,6.80912694318449e-05
"3",0.0247039066230356,0.0232554641033628,0.0328121927370428,0.0436890788153984,0.05598720987691,0.0679493529374191,0.0780487532962089,0.0849864203463035,0.0879286034208342,0.0866382010721362,0.0814763324016346,0.0732762806330451,0.0631378554363924,0.0522052210662935,0.0414822554249249,0.0317169420862006,0.023361094585153,0.0165921537721434,0.011373722353598,0.00753057463736374,0.00481918687498324,0.00298268680265199,0.00178663387856389,0.00103691805560353,0.000585850249548855,0.000322907613115929,0.000177768254452252,0.00013643264567937
"4",0.0150849474937772,0.0150643864285843,0.0225678029771506,0.0319872478986855,0.0434741359520568,0.0558408810621783,0.0677476477807013,0.077758615462898,0.0846218975965713,0.0875199714588255,0.0862193589013087,0.0810775149945489,0.072919807671103,0.0628365850344842,0.0519631891677046,0.0412966769013546,0.0315807103535145,0.0232651145098811,0.0165271362580226,0.0113313355944044,0.00750403976683641,0.00480347206581769,0.00297463668215969,0.00178454918579389,0.00104290021958568,0.00059500802533878,0.000339666728868851,0.000270763827843458
"5",0.00844986670207945,0.00904410724787432,0.014480332044713,0.021952308353284,0.031769671758686,0.043346122636759,0.055735484726336,0.0676429685963407,0.0776532197200791,0.0845194798191088,0.0874250194364788,0.0861355383064543,0.0810069952391016,0.0728631552958031,0.0627930287500013,0.051931068203948,0.0412739089712304,0.0315651738958095,0.0232549075503978,0.016520729089374,0.0113276910175614,0.00750274052271414,0.00480522808901185,0.00298090852808319,0.00180270297580555,0.00106507273364114,0.000630651921940239,0.000521917867383557
"6",0.00439738020792312,0.00507843939638796,0.00871346253399699,0.0141487733497778,0.0218387695653319,0.0317109259720857,0.0433075328164131,0.0557044997485165,0.0676166448344823,0.0776308344247164,0.0845008205169344,0.0874099248166188,0.0861237492725656,0.0809981282408549,0.0728567372401173,0.0627885565687242,0.0519280665381346,0.0412719734610151,0.0315640068973179,0.0232543760664632,0.0165210413122791,0.0113297060215474,0.00750908132287113,0.00481964373748303,0.0030182256353358,0.00184789026629583,0.00113549284928147,0.000975316386528683
"7",0.00213900999713197,0.00267620443142913,0.0049229527240107,0.00856086014448345,0.0141014361055071,0.0218173562533674,0.0316992509164214,0.043299586927,0.0556986390875848,0.0676122286732155,0.0776275116149854,0.084498355631051,0.0874081382609146,0.0861224923295209,0.0809972736327666,0.0728561776939263,0.0627882076778615,0.0519278764735394,0.0412719593735604,0.0315643703181931,0.0232558739107042,0.0165256298972512,0.0113427127908267,0.00753798142156757,0.00489246307982126,0.00310658271288099,0.00198221069491763,0.00176665722555972
"8",0.000975367799687182,0.00132496222218782,0.00261136781352305,0.00485948772248096,0.00854335108210924,0.0140944949423772,0.0218142051003798,0.0316974094748949,0.0432983952025863,0.0556978405427092,0.0676116868661417,0.0776271434827817,0.0844981074887536,0.0874079739115746,0.0861223865293809,0.0809972093751691,0.0728561489521346,0.0627882381566368,0.051928095125367,0.0412728341604219,0.0315674336067508,0.0232649709246183,0.0165509726500586,0.0113985603246278,0.00767552291737146,0.00505964179731147,0.0033545995920933,0.00310159223587086
"9",0.000417582169624267,0.000616514850775955,0.00130038424418102,0.0025870092103749,0.00485353155189968,0.00854126301051904,0.014093709046334,0.0218138097603761,0.0316971839479389,0.0432982611464232,0.0556977594594966,0.0676116372515324,0.0776271128898844,0.0844980887117626,0.0874079631531311,0.0861223841750022,0.0809972288728165,0.0728562559988043,0.0627886989833684,0.0519298261789216,0.0412787647915178,0.031584837181579,0.0233127759064603,0.0166554810480724,0.0116502510122518,0.0079817256881353,0.00550298046811692,0.00527697929069939
"10",0.000168016420587617,0.000269665949941696,0.00060795032340779,0.00129168059153618,0.00258511998582951,0.0048529383878174,0.00854107924571509,0.0140936296472052,0.0218137695740367,0.0316971626797596,0.0432982497713477,0.0556977533436874,0.0676116339607507,0.0776271113333007,0.0844980894102716,0.0874079720604977,0.0861224313185177,0.0809974443716184,0.0728571497461671,0.0627919962337362,0.0519409442912698,0.041311022390148,0.0316722032016012,0.023502187639685,0.0171016819178337,0.0121931337123825,0.0087488172706067,0.00869916522074116
"11",6.35734149059693e-05,0.000110899147596525,0.000266906977189771,0.000605043912824748,0.00129111869114495,0.00258495956884984,0.00485289779764663,0.00854106430640918,0.0140936228916379,0.0218137663459054,0.0316971611377458,0.0432982490588949,0.0556977531045688,0.0676116344228169,0.0776271148286412,0.0844981083606319,0.0874080647377757,0.0861228436906678,0.0809991206217244,0.0728632355176144,0.0628121966625669,0.0519988752642781,0.0414657031980317,0.0320046604815087,0.0242684323443968,0.0180332599701797,0.0134776265561078,0.0138921069877375
"12",2.26307009969046e-05,4.28868196675364e-05,0.000110075018206464,0.000265998474157632,0.000604886904365508,0.00129107725106406,0.00258495105383105,0.00485289516938108,0.00854106324323213,0.0140936224259352,0.0218137661454898,0.0316971610827863,0.0432982492324761,0.0556977543525401,0.0676116414907738,0.0776271515331621,0.0844982835684249,0.0874088285134667,0.0861258898515121,0.0810100051470781,0.0728987994309349,0.0629129821289696,0.0522641429700806,0.0420307321050827,0.0332790376739265,0.0258153663712919,0.0201143138947695,0.0214858074463967
"13",7.58101171937903e-06,1.55981366644696e-05,4.26581808813016e-05,0.000109809045597021,0.000265957258475864,0.000604876678412693,0.00129107554729273,0.00258495062248241,0.00485289501500022,0.00854106318203917,0.0140936224097667,0.0218137662008465,0.031697161495274,0.0432982516919733,0.0556977678511968,0.0676117100301819,0.0776274718713076,0.0844996530341796,0.0874141901167489,0.0861447470992496,0.0810706576705777,0.0730686176261992,0.0633535254410425,0.0531937914782544,0.0440829397157566,0.0357642631626065,0.029076578215722,0.0321748202105508
"14",2.39000372606623e-06,5.33587255468186e-06,1.55391788071887e-05,4.25852583968062e-05,0.000109798891670508,0.0002659548532349,0.000604876352254252,0.00129107548122417,0.0025849506022605,0.00485289500998557,0.00854106319790903,0.0140936225356471,0.0218137669944702,0.0316971661075044,0.0432982765140506,0.0556978913947817,0.0676122761901321,0.0776298475768587,0.0845087886470394,0.0874458224749732,0.0862449125588978,0.0813476906537339,0.0737769312389194,0.0648338766919435,0.0563928329093045,0.0479447157480301,0.040706049506938,0.0466390675547517
"15",7.09046103284283e-07,1.71676190402417e-06,5.32173921649892e-06,1.5520462451872e-05,4.25829142639941e-05,0.000109798354283814,0.000265954793443207,0.000604876342822429,0.00129107547933018,0.00258495060625499,0.00485289504484845,0.00854106343315192,0.0140936239891923,0.0218137753089704,0.0316972100853456,0.0432984914165037,0.0556988582035389,0.0676162615587401,0.0776449090696336,0.0845601428989844,0.0876059422658223,0.086682320321568,0.0824498801590796,0.0760576859361391,0.0696596379079619,0.0621952837668163,0.0551833815311144,0.0654261306025149
"16",1.97897822662949e-07,5.19422790261778e-07,1.71361326214291e-06,5.31724530719014e-06,1.55199562420005e-05,4.25828006786781e-05,0.000109798343814946,0.000265954792278045,0.00060487634362863,0.00129107548794099,0.00258495066932924,0.00485289546370009,0.00854106599077438,0.014093638412544,0.02181385038771,0.0316975707409839,0.0433000859202444,0.0557053201354885,0.0676402756443787,0.0777255595891669,0.0848077951023162,0.088274101675137,0.0883416317602554,0.0858486299241323,0.0831001873608302,0.078087403920814,0.0724416194428086,0.0888058619556207
"17",5.19402981099647e-08,1.47744036206236e-07,5.18771392113479e-07,1.71260476484043e-06,5.31714325881681e-06,1.55199336270435e-05,4.25827989512088e-05,0.000109798343862097,0.000265954794141498,0.000604876358726535,0.00129107559692307,0.00258495138649424,0.00485289979409745,0.00854109008322385,0.0140937619411412,0.0218144342577355,0.0317001096643343,0.0433102083824202,0.055742330830293,0.0677627439074547,0.0780960025289211,0.0857948481905615,0.0906900394022283,0.0932388074991679,0.095788422236496,0.094929855782889,0.0920993642106677,0.116622573871893
"18",1.2811092172214e-08,3.94891714105539e-08,1.47619042080816e-07,5.18560106177883e-07,1.71258560319974e-06,5.31713903746112e-06,1.5519933386718e-05,4.25827992903746e-05,0.000109798347051643,0.000265954819470458,0.000604876540112396,0.00129107677940675,0.00258495844622786,0.00485293855583138,0.00854128595655815,0.0140946735333863,0.0218183357972809,0.0317154215937292,0.043365318426235,0.0559220575252162,0.0682983991311789,0.0795055884983695,0.0891956123420355,0.0975106703308497,0.106803464289878,0.111831873402139,0.113438443822588,0.148183400925725
"19",2.96699323734734e-09,9.91169734461763e-09,3.94669626270474e-08,1.47577775954223e-07,5.18556763579029e-07,1.71258487119336e-06,5.31713905550963e-06,1.55199339752314e-05,4.25828045025644e-05,0.000109798388078603,0.000265955110650876,0.000604878419009478,0.00129108786639876,0.00258501852391328,0.0048532378631249,0.00854265822809398,0.0141004574460797,0.0218406920817898,0.0317946665066287,0.0436201047501124,0.0566704898049695,0.0702436450683917,0.0841322607482838,0.0983757529126473,0.115406464792699,0.127823761634858,0.135446451213904,0.182226767697769
"20",6.44506201108286e-10,2.33429938228881e-09,9.90805145179214e-09,3.94594620792738e-08,1.47577236254244e-07,5.18556652281262e-07,1.71258496089473e-06,5.31713999989007e-06,1.5519942221454e-05,4.25828687435031e-05,0.000109798839210413,0.000265957988854095,0.000604895195406164,0.00129117757251959,0.00258545921016641,0.00485522903931971,0.00855092698355793,0.0141319499776846,0.0219506830352257,0.0321434325427663,0.0446302055339701,0.0592638352442872,0.076325956578008,0.0960710392191633,0.121199892614204,0.142014839722452,0.156931511277491,0.21700735840958
"21",1.31141536190972e-10,5.15281635935708e-10,2.33374790215674e-09,9.90678540701813e-09,3.94593824811192e-08,1.47577231856866e-07,5.18556803177112e-07,1.71258643564508e-06,5.3171526801998e-06,1.55200396751238e-05,4.25835443331936e-05,0.00010980309421042,0.000265982464438896,0.000605024284655195,0.00129180284344206,0.00258824395899537,0.00486662661436221,0.008593717125886,0.0142792714157922,0.0224115476118019,0.0334599580479906,0.0479697534602218,0.0669898515288334,0.0913289159407839,0.124217636549673,0.153751183480746,0.176696005340566,0.250508824434103
"22",2.49549542149159e-11,1.064748241111e-10,5.15205043524804e-10,2.33355004175764e-09,9.90677616415508e-09,3.94594024154504e-08,1.47577472126606e-07,5.18559073780877e-07,1.71260552038748e-06,5.31729661656433e-06,1.55210210398926e-05,4.25896302984418e-05,0.000109837583663146,0.00026616170735026,0.000605879889998008,0.00129555837912701,0.00260339509042261,0.00492271252533673,0.00878413686055944,0.0148671692193797,0.0240687218225528,0.0376143545813065,0.0574544933953614,0.0852139056998591,0.124908290589599,0.162727939049214,0.19373397858338,0.280757605986506
"23",4.4324047390242e-12,2.05625948355516e-11,1.06465114061794e-10,5.15176715503078e-10,2.33355203021644e-09,9.90681404815653e-09,3.94597883998271e-08,1.47580963836968e-07,5.18587464913815e-07,1.71281404713528e-06,5.31868716615261e-06,1.55294785973932e-05,4.2636720049887e-05,0.000110078289680841,0.000267292753980357,0.000610769756144731,0.00131499940821645,0.00267435601635126,0.0051603506614626,0.00950843285637501,0.0168826545006112,0.0290638210030313,0.0488745725356135,0.0788680200516468,0.124007283632487,0.169019383365451,0.207401776938877,0.30617029201499
"24",7.3314961457065e-13,3.70438122295231e-12,2.05615154465958e-11,1.06461873092319e-10,5.1518294173397e-10,2.33361834061249e-09,9.90744077002351e-09,3.94651646783677e-08,1.47622879305087e-07,5.18885070876389e-07,1.71474374881562e-06,5.33014663178542e-06,1.55919573186724e-05,4.29501045226937e-05,0.0001115255436586,0.000273449549671611,0.000634880124315522,0.00140175981708333,0.00296097565601259,0.00602297673804203,0.011879130169942,0.0226934923179252,0.0420062698013035,0.0732453836143502,0.122335201798289,0.17301508625249,0.217512359755652,0.325841203048225
"25",1.12625827618182e-13,6.21132561533631e-13,3.7043586123045e-12,2.05621594823472e-11,1.06473595309101e-10,5.15296685467659e-10,2.33462753949055e-09,9.9156436392477e-09,3.95262765884341e-08,1.48040564370107e-07,5.21507697969687e-07,1.72989582317401e-06,5.41080816677851e-06,1.59880881656072e-05,4.47452302237223e-05,0.000119032317851607,0.000302388540660293,0.00073752352218565,0.00173630303506961,0.00395549290198905,0.00872374594493826,0.0184296963401762,0.0371212886565592,0.0689244228795632,0.120590948858647,0.175284306241194,0.224324222907604,0.339682031859602
"26",1.60177624514789e-14,9.66878475503859e-14,6.21302256967309e-13,3.70632436802327e-12,2.05824876070051e-11,1.06660390177252e-10,5.16870136957422e-10,2.34681480779668e-09,1.00025936421389e-08,4.00983439715115e-08,1.51515079128772e-07,5.41007701430834e-07,1.83110075844082e-06,5.89682119620907e-06,1.81472297395038e-05,5.36153976977189e-05,0.00015268618314341,0.00042005017138573,0.00111600000284651,0.00284819575551354,0.00694147502689439,0.0158957205198173,0.0340678050796327,0.0660558818738957,0.119212990049292,0.176418495510162,0.228428928527362,0.348361535131577
"27",2.10322199848118e-15,1.39541094067257e-14,9.70424390357812e-14,6.24997387796674e-13,3.74133689177951e-12,2.08858649813908e-11,1.09080118299327e-10,5.34696191552509e-10,2.46836720091581e-09,1.07707439621228e-08,4.46010537853704e-08,1.76011246620861e-07,6.64728510035463e-07,2.4112483694453e-06,8.42093370581476e-06,2.83283966841931e-05,9.16248591048859e-05,0.000283698346893564,0.000836157356063937,0.00232489637660153,0.00606167845239862,0.014592427211031,0.032433247545548,0.064448591082414,0.118351837146414,0.176906843206616,0.230573847827057,0.353055090762035
"28",2.73016814992307e-16,2.02120026359717e-15,1.54580513995558e-14,1.09455744622794e-13,7.21292806211652e-13,4.44551883278998e-12,2.57490509807319e-11,1.40815918442774e-10,7.30280077572702e-10,3.60519326235577e-09,1.69920617717006e-08,7.65965201292181e-08,3.3035278267899e-07,1.36177894721424e-06,5.35214304483186e-06,1.99872871258755e-05,7.06192404225035e-05,0.000234904570133418,0.00073225990955236,0.00212386099750551,0.00571285826006863,0.0140603133883187,0.0317468216945836,0.0637521797579807,0.117953055869904,0.177076695791859,0.231461460206549,0.355047840655309
