"","X0","X1","X2","X3","X4","X5","X6","X7","X8","X9","X10","X11","X12","X13","X14","X15","X16","X17","X18","X19","X20","X21","X22","X23","X24","X25","X26","X27"
"1",0.1828923139445,0.106278824456354,0.0800106599996913,0.0701253912255793,0.0664494926986574,0.0637265943153442,0.060534319329283,0.0565938825491997,0.0519491346985221,0.0467655819550344,0.0412593405278092,0.0356596632837428,0.0301836767041174,0.0250175927581963,0.0203041142219808,0.0161366805224916,0.0125602118426387,0.00957696854312735,0.00715561931976337,0.00524153138007194,0.00376663991890675,0.00265799884228127,0.0018448948803754,0.0012612193857549,0.000845488122047505,0.000556436448574435,0.00036926579650952,0.000276462329444331
"2",0.168004028307269,0.0986306627940491,0.0754547495908591,0.0672520307405546,0.0647740298983023,0.0631013878464644,0.0608687734377177,0.0577777482737267,0.0538404453304981,0.0491977079890864,0.0440541953278743,0.0386419707461999,0.0331936657620308,0.0279206776682103,0.0229968466376799,0.0185488444814462,0.0146534519415459,0.0113407376058075,0.00860144657591972,0.00639660456996394,0.00466753108166798,0.00334520387433873,0.00235874726693772,0.00163830822014964,0.00111537668427114,0.000744868285744071,0.000501031806936851,0.000378927254746611
"3",0.145692750142122,0.0870267139984325,0.068360899847721,0.0625853436996376,0.0618302961914289,0.0616952716067536,0.0609058817304402,0.0591335122784307,0.0563370460811157,0.0526107128336633,0.0481300526107822,0.0431189688010622,0.0378222510800264,0.0324805388024568,0.0273091156743729,0.0224826291471205,0.0181267782553916,0.0143167359164206,0.0110811247467577,0.00840970404374607,0.0062628384966029,0.0045815670525991,0.00329796673258467,0.00233837107253267,0.00162384595239698,0.00110469061239262,0.000755697289891219,0.000578695303115649
"4",0.122151731647274,0.0745404810880248,0.0604203954047733,0.057040082955168,0.0579711520942747,0.0593849015266974,0.0601137744657203,0.0597982429866489,0.0583335424181446,0.0557501770582601,0.0521737335096239,0.0477985664097538,0.0428625821544737,0.0376211874859984,0.0323224748385797,0.0271865295078981,0.0223908829379708,0.0180628839472221,0.014278643675017,0.0110671538136853,0.00841775532420375,0.00628990433062858,0.00462506414540018,0.00334929095203716,0.00237311552041182,0.00164471056519263,0.00114411961281318,0.000886919624103188
"5",0.0999708707983813,0.0624795352891597,0.0523789459903929,0.0510438003903649,0.0533863921671879,0.0561476444279055,0.0582766594823404,0.0593897551735708,0.0593172824990076,0.0580156175471037,0.0555421871527702,0.0520385813220658,0.0477109827382533,0.0428063868481436,0.0375868361786774,0.0323050055214663,0.027184010194171,0.0224032923288256,0.0180913292522353,0.0143245092314022,0.0111307777534835,0.00849755326480026,0.00638426619582143,0.00472253605692529,0.00341402069898775,0.00241005975655022,0.00170426988050805,0.00133689185949711
"6",0.0801245204611336,0.0513786600895509,0.0445941139930831,0.044854804139585,0.0482527382085578,0.0520720864340573,0.0553864422998596,0.0578007637748848,0.0590880036591935,0.0591288768144054,0.0579016814573127,0.0554764142224378,0.0520036525263541,0.0476964147654818,0.0428067534595449,0.0376003384703577,0.0323323722171838,0.0272276152139008,0.022466432965407,0.0181771605447798,0.0144341275332593,0.0112619457453013,0.00864750077661457,0.00653512279053083,0.00482016633648912,0.00346522185688031,0.00249015190233669,0.00197591734151564
"7",0.0629467545358386,0.0414734231172476,0.0372839641339121,0.0386861580621944,0.0427717532201211,0.0473283931305036,0.0515601492874447,0.055077508787345,0.0576111084262098,0.0589739363126801,0.0590638219062348,0.0578685068603014,0.0554645410734198,0.0520074887144603,0.0477141814913224,0.0428395940043743,0.0376515883510867,0.0324068266925771,0.027330776471791,0.0226030693225323,0.0183485078754717,0.0146360455093594,0.011488968730375,0.00887167570830494,0.00667588920102991,0.00488635575324475,0.0035670239578417,0.00286198936277455
"8",0.0484848529222945,0.0328632645093397,0.0306016168757644,0.0327305015948359,0.0371611231170902,0.0421357999779052,0.046992063529054,0.0513643235811021,0.054961261177698,0.0575443346111995,0.0589394885335333,0.0590515153323783,0.0578729523831561,0.0554841202432245,0.0520436840246056,0.0477711037370157,0.0429234930947366,0.0377701212353447,0.0325681092959743,0.027541312562212,0.0228636583669593,0.0186516007782277,0.0149714868529803,0.0118139174640677,0.00906868264149433,0.0067561738769606,0.00500805547503256,0.00406138220581188
"9",0.0366195137204096,0.0255608484417261,0.0246492131819811,0.0271531905678558,0.0316336907911592,0.0367328700134681,0.0419205016368936,0.04687201723939,0.051296647652375,0.0549261635257446,0.0575316593669839,0.0589442699365822,0.0590724945842955,0.0579120244916798,0.0555460634954778,0.0521359866164185,0.0479035753403868,0.0431073529719012,0.0380166443099749,0.0328855948839247,0.0279291789156557,0.0233087288781825,0.0191361102246957,0.0154312809259383,0.0120814183332777,0.00915795956832817,0.0068898932930018,0.00564510709229053
"10",0.0271229824356085,0.019513567286329,0.01947991616375,0.0220818487395658,0.0263777340447841,0.0313515585967892,0.0365992643307142,0.0418506768190757,0.0468369457493557,0.051284254047517,0.0549315565866842,0.0575540315515817,0.058986023382796,0.0591390852225962,0.0580119941039024,0.0556910499569658,0.0523402824295285,0.0481828174040344,0.0434764970499128,0.0384855623414984,0.0334507285304265,0.0285684691642329,0.0239926192611554,0.019770785393724,0.0157828595721912,0.0121674811446334,0.0092861001215407,0.00768330856910526
"11",0.0197030155792178,0.0146211180767505,0.0151014600050952,0.0176003164942053,0.0215427900382201,0.026196373056931,0.0312723442095746,0.036562954266423,0.0418387160005136,0.0468431320768387,0.0513079386317255,0.0549756660314485,0.0576247175989927,0.0590928319605502,0.0592951974558544,0.0582342951168502,0.0559994493876053,0.0527557311295112,0.0487242751538783,0.0441546610527376,0.0392913570112718,0.0343486068312725,0.0295113369001063,0.0248465560436548,0.0202166514439972,0.0158427963970429,0.0122583227032413,0.0102373893464882
"12",0.014039757327085,0.0107524543447547,0.0114829721147655,0.0137481484099378,0.0172321452193428,0.0214299803240632,0.0261535078245021,0.0312595149968149,0.0365695603505908,0.0418633003245327,0.0468889039977497,0.0513817095128235,0.0550879387900363,0.0577901071769132,0.0593304105772999,0.0596284673628915,0.0586900332899492,0.0566047020058799,0.0535333597582577,0.0496842399612548,0.0452785636198677,0.0405239094412874,0.0356176232667109,0.0306302677636108,0.0253898315286703,0.0202126973164783,0.0158456834166067,0.0133502099773216
"13",0.0098149860961313,0.00776132538871028,0.00856413174464866,0.0105248981907227,0.0135017615200207,0.0171658785355894,0.0214123547670763,0.0261591304547472,0.0312840465854367,0.036615802222446,0.041938499573643,0.047004422693279,0.0515534736385787,0.0553370248864412,0.0581430575132024,0.0598189033336057,0.0602873740192162,0.0595529540832665,0.0576975953446486,0.0548627485737986,0.0512170245557046,0.0469315927635787,0.0421904326943379,0.0370441462207089,0.0312624564125501,0.0252651711538453,0.0200535058379151,0.0170353011961493
"14",0.00673300341807461,0.00549930492266314,0.00626523182662396,0.00789772626361345,0.0103645012852656,0.0134677208537755,0.0171674723138681,0.02143516871737,0.0262041330042171,0.0313583692248928,0.0367314016516078,0.0421124133558399,0.047259494149667,0.0519189934736867,0.0558488330596432,0.0588426319619546,0.0607502293781993,0.0614904929648683,0.061055113126854,0.059497734094966,0.0569058856811148,0.053382085689559,0.0490659752398468,0.0439582223194523,0.0377403136080147,0.030937802823541,0.0248430958283074,0.0212666497625122
"15",0.00453344651129524,0.00382565327680082,0.0044968180134776,0.00581066541451636,0.00779797499308889,0.010354014090618,0.01348620548543,0.0172090870923082,0.0215058652549223,0.0263159161252576,0.0315289963544451,0.0369851036104118,0.042480798647951,0.0477820941516823,0.0526429028518662,0.0568268519497683,0.0601284524234156,0.0623893894977923,0.0635084469693276,0.063437406862943,0.0621584615370351,0.0596742310254157,0.0560468928087428,0.0511932831114334,0.04467277996441,0.0371123744241629,0.0301247581729215,0.0259711293785597
"16",0.00299717494436558,0.00261387974993784,0.00316792436443552,0.00419402200803902,0.00575419155143848,0.00780641532947705,0.0103897075726685,0.013550416052039,0.0173129318779947,0.0216671411619557,0.0265596035190752,0.0318883380614713,0.037502568389008,0.0432083277969975,0.0487799592034884,0.0539764480043533,0.0585594189347642,0.0623090822960316,0.0650372228664798,0.0665881262032806,0.066821401268505,0.0656131446529514,0.0629165298701285,0.0585303672204365,0.051857580733198,0.0436158643725702,0.0357563514370825,0.031025860557826
"17",0.00194685001588678,0.0017552897786222,0.00219234978689929,0.00297275072524251,0.00416937952677075,0.00577974906178032,0.00786146872081702,0.0104818904990339,0.0136965663943972,0.0175378189173162,0.0220046040201527,0.0270538836449136,0.032594950854623,0.0384879957210739,0.0445477029703767,0.050551883341372,0.0562530215071835,0.0613900323968438,0.0657006294984789,0.0689244768987238,0.0707901283610323,0.0710282766617947,0.0694569761958721,0.0657267245769938,0.0590534012990506,0.0502294444573369,0.0415492698627024,0.0362624843047078
"18",0.00124391914203577,0.00116006486861598,0.00149282006610704,0.00207309307015937,0.00297275067679111,0.0042120930854079,0.00585744873471525,0.0079879417071313,0.0106804759014508,0.0140003071146538,0.01799110580328,0.0226646500734034,0.0279913214672336,0.0338926710179358,0.0402372209433227,0.0468403143441307,0.053466925013907,0.0598359879875882,0.0656285192829961,0.0704897079124537,0.0740177886448426,0.0757889779540337,0.0754687736264959,0.0725370268322651,0.066000054301666,0.0567058948216094,0.0472827185860752,0.0414794270196915
"19",0.000783546695917589,0.00075653612756814,0.00100319420127549,0.00142720843335668,0.00209346707505359,0.00303371521335041,0.00431619325618447,0.00602472137298135,0.00824907126767846,0.0110780327288882,0.0145907898486913,0.0188464347077014,0.0238722851729665,0.029651924319716,0.0361141201796836,0.0431239011196516,0.0504755287991312,0.0578872282595959,0.0650021060998801,0.0713860614858136,0.0765160437143486,0.0798151645765306,0.0807896486538764,0.0787374115247615,0.0724443050225069,0.0627941498180696,0.0527255177475255,0.0464616925772945
"20",0.00048871758801201,0.000489304335114714,0.000669072765983963,0.000975877916136959,0.00146553820900433,0.00217415101418428,0.00316776171530596,0.00453010006548868,0.00635725671002638,0.00875335313162906,0.0118238708402435,0.015666067813592,0.0203565389431316,0.0259362799677553,0.0323941035379895,0.0396497987602355,0.0475373156366191,0.05578897872004,0.0640273494073961,0.0717565636340017,0.0783476246751051,0.0830814872483323,0.0853095397084851,0.0841489883199631,0.0781678906609578,0.0682678340813268,0.0576627778028712,0.0510058567910672
"21",0.000304381940291826,0.000316772172625134,0.000447254195673459,0.000669594485282502,0.00103074554664991,0.00156719136193652,0.00234081728304947,0.00343255011983907,0.00494033404368683,0.00697720787444289,0.00966678680233887,0.0131351889032908,0.0174988592707177,0.0228480130761616,0.0292260515104941,0.0366061840693707,0.0448657839140101,0.0537603654717089,0.0629057910892514,0.0717617214123207,0.0796122520977768,0.0856145576984585,0.0889795310777519,0.0886569101227268,0.083013040004144,0.072953007754855,0.0619229950701939,0.0549461116309501
"22",0.000192176421847141,0.000208525816764416,0.000304482276254902,0.000468464933624429,0.000739931800432015,0.00115391780689047,0.00176770128671862,0.00265833478649263,0.00392302930005875,0.00567925015363539,0.00806221376584585,0.0112185049010936,0.0152947431883673,0.020420408468216,0.0266846226628241,0.0341077994013563,0.0426087001237229,0.0519693860156256,0.0618083128626931,0.0715557335450824,0.0804288901496065,0.0874840277950151,0.0918131413074615,0.0922213661882097,0.0869004822147634,0.0767495993609722,0.0654001350684179,0.0581761183980071
"23",0.000125987670488162,0.000142865592354305,0.000215864886014641,0.000341360761080204,0.000553101333071541,0.000884151861349069,0.00138766440241505,0.00213686816470645,0.00322711644002708,0.00477753190533558,0.00693017469127331,0.00984521733537802,0.0136906470294359,0.0186250893572201,0.0247730326712984,0.0321929880205892,0.0408389933027654,0.0505183032515382,0.0608567490719697,0.0712669061662301,0.0809179509148996,0.0887893552017184,0.0938796041619094,0.0948779654911912,0.0898358003912315,0.0796415689297424,0.068065569324978,0.0606615716697885
"24",8.84263632282067e-05,0.00010465867130197,0.000163247384401154,0.000264693535769203,0.000438773610139598,0.000716764068922019,0.0011486095904986,0.0018043920595388,0.00277745453216967,0.00418713662406612,0.00617918856693901,0.00892219235244391,0.012598222137229,0.0173859500984181,0.0234350571467361,0.0308321378328161,0.0395583251098807,0.0494416491800189,0.060116466027239,0.0709858277938008,0.0811867982156182,0.0896447329412883,0.0952902265250631,0.0967269923468074,0.0919022320071881,0.0816930192643253,0.0699666788398132,0.0624401471743389
"25",6.8153584468425e-05,8.35837755471941e-05,0.000133719876682601,0.000221090160308584,0.000372951443238254,0.000619253122113162,0.00100773415264814,0.00160622752444247,0.0025064316290098,0.00382734476160389,0.00571651463553128,0.00834733837450653,0.0119104610606809,0.0165972173883456,0.0225736768854682,0.0299452149055805,0.0387116640740446,0.0487161250310201,0.0596003052795614,0.0707627518145609,0.0813207786051046,0.0901647674574669,0.0961802993087849,0.0979135176942302,0.0932412043550011,0.0830308580550451,0.0712121979297688,0.0636086171152358
"26",5.79341595463219e-05,7.27659299172261e-05,0.000118348175867959,0.000198140890997509,0.000337960274643341,0.000566916728860278,0.00093141103145519,0.00149787478272292,0.00235689684221697,0.00362706104174962,0.00545669428859984,0.00802171073649294,0.0115174947902041,0.0161426109226452,0.0220727142447927,0.029424407663779,0.0382089745723431,0.0482790789873871,0.059281601714616,0.0706132721398439,0.0813803951706938,0.0904529803632172,0.0966898204925373,0.0986023698111206,0.0940247924366537,0.0838179072964502,0.0719476933168301,0.0643001711938162
"27",5.32717562630033e-05,6.77600490075452e-05,0.000111157087097322,0.000187313737006583,0.000321324135149809,0.000541849435889658,0.000894590471675317,0.00144523202677496,0.00228374173146659,0.00352841113680423,0.00532786175768029,0.00785917832207297,0.0113200593789232,0.015912692169018,0.0218176260686591,0.0291572924665652,0.0379490253432812,0.0480506707419898,0.0591121012748024,0.0705294465916461,0.0814036061833125,0.0905942141095041,0.0969461869653906,0.0989528320912031,0.0944259370164364,0.0842224664285756,0.0723268523529518,0.0646572991708525
"28",5.15122600323447e-05,6.58522001082096e-05,0.00010839573080843,0.000183131840657571,0.000314864354422332,0.000532066249901438,0.000880148942594378,0.00142448468376812,0.00225477331096967,0.00348916540817981,0.00527637426376671,0.00779392990548942,0.011240444302072,0.0158195613451199,0.0217138241443183,0.0290480653633579,0.0378421414399431,0.047956094300671,0.0590411151324434,0.0704931829557906,0.0814110564951682,0.0906501494625669,0.0970496666729513,0.0990953939132524,0.0945898191323834,0.0843882082802202,0.0724824994956621,0.064804078413381
