"","X0","X1","X2","X3","X4","X5","X6","X7","X8","X9","X10","X11","X12","X13","X14","X15","X16","X17","X18","X19","X20","X21","X22","X23","X24","X25","X26","X27"
"1",0.0542038322001221,0.0615851519755676,0.0668072822249696,0.071509304130843,0.0731434437446607,0.0741852858261547,0.074348238245463,0.0731226759056458,0.0702430609304454,0.0657003859467801,0.0597475605746702,0.052799905975209,0.045342964996284,0.037850593547856,0.030725740062459,0.0242664140607475,0.018655084507061,0.0139665984812182,0.0101881065146286,0.00724446401339641,0.00502371326157374,0.00339898860314805,0.00224500929116993,0.00144884912161689,0.000915801207472457,0.000576243727397265,0.000375110666839346,0.000380190256599846
"2",0.047512328450945,0.0543973058292026,0.0597838953149671,0.0650646118344736,0.0679102219041427,0.0703503210469365,0.0720002324590265,0.0722789355313061,0.0708339013015871,0.0675667172828279,0.0626493174005195,0.0564421024378579,0.0494104204177477,0.0420432111595972,0.0347873003901516,0.0280027708637869,0.0219407345046762,0.016741101362086,0.0124453505801976,0.00901825054276038,0.00637278047051344,0.00439375166201824,0.00295730559933982,0.0019451043018123,0.00125346882714437,0.000805257237162569,0.000535021971383261,0.000558279315828912
"3",0.0379605717088942,0.0440481781608848,0.0495071757423491,0.055406175795094,0.0597685644293899,0.0640328354312868,0.0677078717925362,0.070131229800366,0.0708304289672107,0.0695674741799356,0.0663736611896776,0.0614982081698897,0.0553435396537406,0.0483906540818904,0.0411283647517126,0.0339953872790143,0.027341052525034,0.0214063977475858,0.0163236488602116,0.0121295473984574,0.00878688686277628,0.00620887375291886,0.00428213410152886,0.00288579477923919,0.00190590691191611,0.00125688662431332,0.000856597071211712,0.000925952230933468
"4",0.0286537783226605,0.0338216463477501,0.0390873640422694,0.0452445971973522,0.0507220692174513,0.0564547194590572,0.0619048907496832,0.0663705403182361,0.0692778877112527,0.0702421665289875,0.0691232492468096,0.0660111036341102,0.0611893750832597,0.0550776406756205,0.0481640883596575,0.0409395032764993,0.0338422495121501,0.0272206315390951,0.0213148064290157,0.0162565814307506,0.012082780629412,0.00875671378643026,0.00619255781669458,0.00427865468738757,0.00289782879126873,0.0019629865665905,0.00137275907964501,0.00153682956090234
"5",0.0207589004970005,0.0249856532364446,0.0297851837158274,0.0357560242593032,0.0417337155928073,0.048305436556465,0.0549630335804305,0.0610267189698971,0.0658696144605032,0.0689860444397633,0.0700638351570406,0.0690059069557891,0.065927829485551,0.0611268411836355,0.0550293255543955,0.0481266671565473,0.0409110625980094,0.0338215066330597,0.0272066590810564,0.0213069819915926,0.0162546268488264,0.0120868635394465,0.00876780368088934,0.00621346630668746,0.00431734530848346,0.00300557642735991,0.00215723640326265,0.00250014037992451
"6",0.0145232029931233,0.0178552546249563,0.0219960587032673,0.0274159803033092,0.0333219533903085,0.0400969087788201,0.0473248207445789,0.0544087031954817,0.0607300488295657,0.0657129547881898,0.0689033610050557,0.0700190209229502,0.0689804177388793,0.0659124470433545,0.0611171313797524,0.055023257405819,0.0481234304421847,0.0409105343184981,0.0338240420543866,0.0272130260539377,0.0213183614129712,0.0162726965872316,0.0121143058948479,0.00880993730281945,0.00628367703428046,0.0044983817515627,0.00331469160372755,0.00397539369613953
"7",0.00983245546100355,0.0123637971657252,0.0157576547779793,0.0203993102103979,0.0258066004546095,0.0322615849583904,0.0394769705761242,0.046984147895334,0.0542332869233236,0.0606422208431849,0.0656701281403288,0.0688827432812987,0.070009185495536,0.0689758768549052,0.0659107586858694,0.0611174436239848,0.0550256292065857,0.0481285658780094,0.0409197123601638,0.0338391094862316,0.0272364069986677,0.02135314128155,0.0163233445506327,0.0121891588313136,0.00892986143417444,0.00657814447224825,0.0049776684491317,0.00617509170329457
"8",0.00644613295161927,0.00829926592185605,0.0109508990199582,0.014723826695862,0.0193739696048302,0.0251433371249575,0.0318820398367456,0.0392730205776105,0.0468819681345782,0.0541837626097401,0.0606191076164054,0.0656597372220952,0.0688784434708431,0.070007992490356,0.0689767228966834,0.0659136966934497,0.0611233489178995,0.0550361607705389,0.0481462266808219,0.0409478863974589,0.0338820379911134,0.0272992021600704,0.0214427363872317,0.0164521392086334,0.0123884736513605,0.00939690257046314,0.00730370668358842,0.00936725571322848
"9",0.0040935559426294,0.00540110648874806,0.00738158511702424,0.0103050222142609,0.0140923714360467,0.018972357267848,0.0249180353906018,0.0317633324824792,0.0392148927334572,0.0468544921930629,0.0541713683248428,0.060613918631137,0.0656581482434218,0.0688790963339656,0.0700108435804812,0.0689827201780879,0.0659247861091622,0.0611426447305043,0.0550681307502328,0.0481967363652359,0.0410240474446067,0.0339919997643783,0.027453278800908,0.0216585661972742,0.0167750535188756,0.0131108447915154,0.0104688429734251,0.0138722219957861
"10",0.00251857619787259,0.00340810005517959,0.00482537733933069,0.00699160399873471,0.00992869942030293,0.0138567830778609,0.0188426771302678,0.0248509597259073,0.0317311924717512,0.0392000841609829,0.0468481243602335,0.0541691496110851,0.0606141453540585,0.0656606157843894,0.0688847279289452,0.0700217434127679,0.069002470139403,0.0659588460445407,0.061198667864736,0.0551559487857684,0.0483279047608255,0.0412111302817056,0.0342497015354684,0.0278054776916389,0.0221683695127459,0.0178641543117728,0.0146553976551495,0.0200493713865744
"11",0.00150158284401519,0.00208529761658297,0.0030588938864634,0.00459762555548442,0.00677446282865852,0.00979477169076986,0.0137844119075302,0.0188059173977555,0.0248337511449209,0.0317235506362814,0.0391971707463151,0.0468478405777635,0.0541710674929982,0.0606190649432225,0.0656706346506672,0.0689036575905889,0.0700557436077983,0.0690607379483786,0.0660540690144095,0.0613468273222965,0.05537525489119,0.048637081001496,0.0416301722086355,0.0348090900964217,0.0285894067636548,0.0237682016025478,0.0200332201104788,0.0282704939226736
"12",0.000867713563844798,0.00123738065057892,0.00188039455003358,0.00293018462750554,0.00447627935100974,0.00670066416826679,0.00975561631728488,0.0137648978212237,0.0187970567501576,0.0248301217497108,0.0317227352170116,0.0391984662028043,0.0468518319468506,0.0541796775963801,0.0606360424902386,0.0657023978571811,0.0689603726085698,0.0701523957740371,0.0692177164757098,0.0662965714326905,0.0617026773628114,0.0558713875160283,0.04929923897095,0.0424944694107385,0.0359826181223492,0.0308780227621908,0.026734900696699,0.0388781680071423
"13",0.000486110263567929,0.000712170036400219,0.00112101284181636,0.00180998330230631,0.0028644921261201,0.00443685783202979,0.00668013698324741,0.00974561770854426,0.0137606055500608,0.0187957195259385,0.0248307953888341,0.031725724767573,0.0392053793536486,0.0468660764186782,0.0542074304315449,0.0606876568409749,0.0657940905531538,0.0691157987561784,0.0704033232929523,0.0696026717500005,0.066856752638736,0.0624754270393491,0.0568877093992835,0.0505976488705724,0.0442038413968027,0.0391694619375806,0.0348271079681192,0.0521303970259854
"14",0.000264073712556097,0.000397633525111027,0.000648178394135775,0.00108371520478963,0.00177552648132266,0.00284408201024728,0.00442645105146665,0.0066752514167892,0.00974382054986341,0.0137607086254453,0.0187977559863994,0.0248359737441992,0.0317369041625957,0.0392280578133419,0.046909979233656,0.0542886854316179,0.0608313118508802,0.0660363297855857,0.0695046012324981,0.0709957920323469,0.0704578908316499,0.068024516806627,0.063989925629194,0.0587832785104263,0.053019211423996,0.0485214811824879,0.044282058422327,0.068136804948443
"15",0.000139138348430889,0.000215416635317398,0.000363546714314703,0.000629044230722869,0.00106620556276916,0.00176529563802597,0.00283901512780295,0.00442427100145367,0.00667488268315264,0.0097450349207771,0.013764314425694,0.0188059619780828,0.0248533091640961,0.0317718127658796,0.0392953109531325,0.0470338897664208,0.0545067241638488,0.0611971041442641,0.0666200940368129,0.0703883530041053,0.0722615591587965,0.0721693805768694,0.0702147130910865,0.0666779730742995,0.0621181071282954,0.0587085239627871,0.0549547308834352,0.0867962868593258
"16",7.11204682878985e-05,0.000113253389486306,0.00019782278546049,0.000354040323751436,0.000620429733032811,0.00106126004711165,0.00176298234539487,0.00283828541221232,0.00442484208920798,0.00667719733844959,0.00975066434663159,0.0137767138642256,0.0188319189060202,0.0249053161842762,0.0318715689930059,0.0394782991203625,0.0473543935234052,0.0550417189284736,0.0620461403055507,0.0678972790291058,0.0722038745245251,0.0746933776261343,0.0752419015565816,0.0739156541778396,0.0711406555740972,0.0694070848904031,0.06657223095468,0.107749973562286
"17",3.52741626296626e-05,5.77931715796569e-05,0.000104452424580536,0.000193251616846223,0.000349947440369168,0.000618154793487628,0.00106035668002458,0.00176309079455098,0.00283963307397951,0.00442844378508533,0.00668549741257079,0.00976872240718472,0.0138143078307715,0.0189069128670242,0.0250485560602849,0.0321331819184381,0.0399344203678859,0.0481120114399401,0.0562375107929078,0.0638338433931591,0.070420046076355,0.0755525872588403,0.0788731065161823,0.0801873189788069,0.0797169602537443,0.0802185878735996,0.0787410598149866,0.130364970794184
"18",1.69791381249793e-05,2.86308106149639e-05,5.35269790213333e-05,0.00010233026436228,0.000191389534526188,0.000348996965114019,0.000617995744182472,0.00106103824434723,0.00176523117775905,0.0028448311134773,0.00444020305597569,0.00671091534132452,0.00982140087894703,0.0139189557196308,0.0191059598367626,0.0254105365026008,0.0327614515286251,0.0409729303195921,0.0497424427414122,0.0586604032354935,0.06722901462218,0.0748878624540989,0.0810647468753172,0.0852850626993619,0.0875118623031616,0.0907075342305795,0.0909756395232272,0.153762128160179
"19",7.93334846388691e-06,1.37725471012317e-05,2.66288560733055e-05,5.25835578298115e-05,0.000101541802462822,0.000191097348473306,0.000349273104601706,0.000619165622197943,0.00106408101311921,0.00177240093989408,0.00286091479184729,0.00447480197874097,0.00678232273469973,0.00996267687881097,0.0141865672186457,0.0195905728821869,0.026247932024294,0.0341390954569702,0.0431246160879389,0.0529214217456687,0.0630850461079094,0.0730034828690559,0.0819339769527952,0.089130050445374,0.0942667304241451,0.100450182226097,0.102747252434207,0.176893878600396
"20",3.59913292301786e-06,6.43525139299981e-06,1.28663697113928e-05,2.62381164037454e-05,5.23053322551732e-05,0.00010159258769032,0.000191679120679657,0.000350933505916398,0.000623258804228744,0.00107361066509789,0.00179366349050285,0.0029064606741384,0.00456842393378388,0.00696680847147368,0.0103107262757509,0.0148142316726712,0.020670468582992,0.0280163562324669,0.0368873157010969,0.0471623058149866,0.0585050240976753,0.0703148637941534,0.0817341001282874,0.0917770413175399,0.0998295032921915,0.109085820172554,0.113547452121718,0.198666915339717
"21",1.5863126071354e-06,2.92292537552356e-06,6.04410482912193e-06,1.27306726848428e-05,2.6206099616733e-05,5.25574979716208e-05,0.000102435171790758,0.000193866043819081,0.000356222959845187,0.000635493524439916,0.00110078847359169,0.00185164673144538,0.0030251808074164,0.0048014519707234,0.00740470284649631,0.0110972281870622,0.0161617333535404,0.022867324461479,0.0314139891925579,0.041852556139026,0.053986583098136,0.0672759567854355,0.0808038726768881,0.093393674257892,0.104166392169998,0.116360892164077,0.122955053566664,0.218090907804591
"22",6.80306554477761e-07,1.29317770960854e-06,2.76786851238882e-06,6.02694930049286e-06,1.28258400015813e-05,2.65996304455846e-05,5.36507152181343e-05,0.000105186562718368,0.000200462877618044,0.00037140921859945,0.000669091673048699,0.00117219222354119,0.0019972883665711,0.00330996641585918,0.00533456185018763,0.00835849187659442,0.0127247559683064,0.0188038580176836,0.0269349551790933,0.0373284638486021,0.0499348062127527,0.064302776798225,0.0795024425448315,0.0942194812113939,0.107352964347792,0.122156799117356,0.13069292324346,0.234423277958023
"23",2.85185609877661e-07,5.60525014547624e-07,1.24463273074212e-06,2.80875659435939e-06,6.19737618622507e-06,1.33358633323514e-05,2.79418230796077e-05,5.6987056849753e-05,0.000113142250921632,0.00021870171436476,0.000411606134123624,0.000754200611264,0.00134515010151423,0.0023342523778258,0.00393844115533353,0.00645478645924511,0.010262704904361,0.0158036595332564,0.0235236289595942,0.033765525920438,0.0466130623455562,0.0617108799209283,0.07814600089174,0.0945153157097604,0.109547538955578,0.126495248475566,0.136661264247134,0.247275528112097
"24",1.18427437312046e-07,2.41887317788703e-07,5.60169622596062e-07,1.31739307869945e-06,3.0317531424528e-06,6.81158998036307e-06,1.49208135783555e-05,3.18554059523626e-05,6.62785778172424e-05,0.000134361717617266,0.000265295855667148,0.000509906774368881,0.000953264341009779,0.00173162583050141,0.00305256958052001,0.00521431989619243,0.00861581872268934,0.013743845701272,0.0211189815201047,0.0311831843958293,0.0441269531734843,0.0596806123007766,0.076961611848693,0.0945163722782059,0.110954287636187,0.129520165870684,0.140938839235048,0.256652847303221
"25",5.05283436716629e-08,1.08302647138332e-07,2.64143603257752e-07,6.53332126732529e-07,1.58183608766694e-06,3.74006160625912e-06,8.62289221279877e-06,1.93720779238949e-05,4.2382291967556e-05,9.02319644918986e-05,0.000186775342187648,0.000375499182242998,0.000732335363081332,0.00138369670520396,0.00252906075117226,0.00446439881228896,0.00759777897608238,0.0124422915893841,0.0195657468291358,0.0294766295996032,0.0424412528702918,0.0582556290311774,0.0760680031755401,0.0944000849088398,0.111785537388606,0.131460971010053,0.143751690760975,0.262915610273123
"26",2.40554738780774e-08,5.47681862595303e-08,1.42054511687056e-07,3.72082156796913e-07,9.51873881511565e-07,2.37223494905824e-06,5.75015919209712e-06,1.35430251880263e-05,3.09661047348639e-05,6.86745245866639e-05,0.000147576597526864,0.000306969190700044,0.000617356259776884,0.00119897963449326,0.00224570344333447,0.00405080313871984,0.00702596035671496,0.011698023808763,0.0186616057859991,0.0284648984276406,0.0414215088412705,0.0573707798422688,0.0754846329080036,0.0942747223588392,0.112231712240239,0.132586196827673,0.145417257275242,0.266672462179934
"27",1.43554458086324e-08,3.46679265586207e-08,9.50555144123735e-08,2.61313046978683e-07,6.98318772547984e-07,1.81013941369507e-06,4.5457585908291e-06,1.10514267337702e-05,2.59941702871624e-05,5.91146396566622e-05,0.000129887266281969,0.000275517655693418,0.000563721517968916,0.00111145061962086,0.00210938362448442,0.00384889324168111,0.00674282087352263,0.0113243594531199,0.0182014160538384,0.0279427020712542,0.0408871078640345,0.0568980902735134,0.0751620383338457,0.0941873957013577,0.112443531748258,0.133157588729031,0.14627753482293,0.268632940304175
"28",1.12496506854217e-08,2.81083488150297e-08,7.94214171257076e-08,2.23823369524114e-07,6.11094613964873e-07,1.61376940718764e-06,4.11875072139432e-06,1.01554991951271e-05,2.41820111273164e-05,5.55847737659151e-05,0.000123273924567383,0.00026361797818232,0.000543195089486767,0.00107758228577252,0.0020560761439206,0.00376913016303513,0.00662986499350985,0.0111738593484046,0.0180143128282991,0.0277283495024923,0.0406654710799835,0.056699526928995,0.0750234985618903,0.0941451039328444,0.112525257898569,0.13338961331945,0.146631117628275,0.269444539890705
