"","X0","X1","X2","X3","X4","X5","X6","X7","X8","X9","X10","X11","X12","X13","X14","X15","X16","X17","X18","X19","X20","X21","X22","X23","X24","X25","X26","X27"
"1",0.184568229568603,0.103639751947746,0.0793362291917513,0.0698397198365805,0.0664837359449675,0.0638615969119286,0.0607100469793022,0.0567894724521039,0.0521515982519242,0.0469646784593015,0.0414467728561924,0.0358291380065349,0.030331115216845,0.0251411502199942,0.0204039263899538,0.0162144182143446,0.012618557660539,0.00961911208494059,0.00718484176201402,0.00526091216026324,0.00377886898318948,0.00266521028027823,0.00184891088450718,0.00126386436793046,0.000846709283170721,0.000556120398632233,0.000365242682299751,0.000280069004160717
"2",0.169443689093671,0.0961822566470658,0.0748125279262,0.0669582043182436,0.06478310380861,0.0632108731617421,0.0610239311377675,0.0579594471877466,0.0540360320960567,0.0493964623812479,0.0442468093478864,0.0388208281068747,0.033353243270691,0.0280577317525166,0.0231102947711301,0.0186394079977986,0.0147231696822359,0.0113924510423402,0.00863834225820761,0.00642186279129746,0.0046840699362173,0.00335542127652857,0.00236481016110647,0.0016425299289496,0.00111759281868422,0.00074486230171898,0.000495836148931032,0.000384208648532462
"3",0.146792634786915,0.0848663666807729,0.067768020437041,0.0622803662185209,0.0618005335438541,0.0617637054468306,0.0610261192009931,0.0592895227098016,0.05651724854378,0.0528042082075431,0.0483264506315103,0.0433089499938087,0.037998239219754,0.0326371528821026,0.0274432878332004,0.022593425536183,0.0182150147013539,0.0143844873513417,0.0111312331084432,0.00844535674865562,0.00628721207033519,0.00459741165210219,0.003307994024802,0.00234575509686038,0.00162814261504395,0.00110543040154669,0.000748339956911772,0.000587390399990482
"4",0.122917390329742,0.0726882328140084,0.0598817739852475,0.0567256901593263,0.0578990857900321,0.0594057560747984,0.0601905541111768,0.0599189662215625,0.0584886919200917,0.055929597028191,0.0523666878987625,0.0479945050259495,0.043052055249238,0.0377965824662237,0.0324784279235784,0.0273200042059517,0.0225009723114435,0.0181504181725669,0.0143457195299799,0.0111166785509152,0.00845299561562405,0.00631387081529563,0.00464107638931685,0.00336167457269753,0.00238087054844242,0.00164686799340908,0.00113367183446363,0.000901182461964253
"5",0.100451209991318,0.0609230208159397,0.0518947966362601,0.0507243788383799,0.0532739308075546,0.0561194716642924,0.0583051554787484,0.0594675413887574,0.0594378361219279,0.0581706247627734,0.0557216489693048,0.0522316347037504,0.0479069558531001,0.0429957737844352,0.0377620093202009,0.0324606034417826,0.0273170070930091,0.0225127930208178,0.0181782052518925,0.0143909783144299,0.0111798933925809,0.00853236048825357,0.00640866748999793,0.00474229185751412,0.00342713443341607,0.00241465906963895,0.00168967256793982,0.00135974444198229
"6",0.0803804449809176,0.0500929154411429,0.0441631157705703,0.0445362481823593,0.0481051127645221,0.0519971487028865,0.0553652323626125,0.0578306056658981,0.0591659992698036,0.0592495196912329,0.0580568314151084,0.0556560022723564,0.0521967300357196,0.0478922611840071,0.0429958379754118,0.0377750222342529,0.0324872974960609,0.027359769326948,0.022574986989324,0.0182631792522351,0.0145000593163692,0.0113105320178043,0.00868312936168108,0.00656529066710707,0.00484121742705163,0.00347375182389844,0.00247014603845551,0.00201161233426201
"7",0.0630380417189484,0.0404285108012509,0.0369042639696371,0.0383750957838376,0.0425965013175104,0.0472120817823214,0.0514912569186867,0.0550576899664861,0.0576412882385468,0.0590520536449324,0.0591845423496795,0.0580236571147963,0.0556439895153512,0.0522002391469042,0.0479094760091864,0.0430278767947829,0.0378252202168687,0.0325604700672326,0.0274615247762728,0.0227103934281272,0.0184338239303787,0.0147013673512464,0.0115390113414757,0.00891600520095211,0.00670824817718269,0.00490087992600617,0.0035401381767859,0.00291635233461165
"8",0.0484644947517446,0.032027583214091,0.0302710347056954,0.0324335968501453,0.0369672327002267,0.0419860130553128,0.0468807434590275,0.0512966702237462,0.054941758109121,0.0575745707408125,0.0590175514558667,0.0591720499761911,0.0580277279531045,0.055662948063801,0.0522355124236029,0.0479651350039591,0.0431101722396569,0.0379418471128597,0.0327197146831709,0.0276703473842087,0.0229701169661983,0.0187363055044709,0.015039287114333,0.0118768277214265,0.00911657638449293,0.00677942495933834,0.00497262568778655,0.00414213155560764
"9",0.0365312105336157,0.0249030722623738,0.0243652124516851,0.0268764884347699,0.0314306924406378,0.0365591647343239,0.0417746453993792,0.046761681285563,0.0512291998525554,0.0549065897506346,0.0575616584343393,0.0590219016194867,0.0591923363852101,0.0580657697689123,0.0557234453450988,0.0523258997928862,0.0480952337486167,0.0432912751776925,0.0381854990839554,0.0330348957467115,0.0280572376839897,0.023414743047756,0.0192248833699982,0.0155177272291448,0.0121499231357419,0.00919339663114293,0.0068441084703321,0.00576210818344522
"10",0.0270003942551223,0.0190039935239501,0.0192395361958962,0.0218302302493389,0.0261748035724731,0.0311641607944158,0.0364285083719695,0.0417055050979306,0.0467266456925346,0.0512165503818283,0.0549114969619232,0.057583265087993,0.0590625204059701,0.0592573211154335,0.0581635585482644,0.0558656132287899,0.0525267776765785,0.0483705943140784,0.0436564923826798,0.0386514367994323,0.0335990773759527,0.0286965520919429,0.0241050932404996,0.0198860229913475,0.0158777975453264,0.0122192848610753,0.00922807381746327,0.00784869341978899
"11",0.019570208226878,0.0142325861771225,0.0149012836987906,0.0173771310737079,0.0213479788601902,0.0260051934373929,0.0310870325793056,0.0363925641553195,0.0416933555590051,0.0467323174574336,0.0512394025663214,0.0549543731556597,0.0576521957584138,0.0591669176989982,0.0594102374859692,0.0583818171133001,0.0561692138330034,0.0529369079579713,0.0489068451306631,0.0443309714410639,0.0394565650088441,0.0344979380236739,0.0296493591585071,0.024995805490908,0.0203443711212346,0.0159157781887701,0.0121861887503127,0.010465460891238
"12",0.0139124275412243,0.0104608958243115,0.0113191583024729,0.0135550585458695,0.0170518306512169,0.0212437759983496,0.0259636718857593,0.0310742324646543,0.0363986889676527,0.0417170642705532,0.0467767693210849,0.0513112830704454,0.0550640243528719,0.0578140647455385,0.0593999285907491,0.0597378497055767,0.0588309868982547,0.0567673790127791,0.0537078563279785,0.0498624925616721,0.0454549347263566,0.0406917944144345,0.0357817923637943,0.0308183050313649,0.0255568668851327,0.0203121044977351,0.0157577108561107,0.013657052186055
"13",0.00970209354573233,0.00754600261839654,0.00843251485636009,0.0103619306289793,0.0133403608936641,0.0169916561901728,0.0212268496703331,0.0259689522470257,0.0310978964305368,0.036443552630364,0.04179026187754,0.046889485883941,0.0514792388478163,0.0553080961334185,0.0581606404838514,0.059880692656642,0.0603879944623512,0.0596847304783484,0.0578520013000362,0.0550325226756879,0.0513967424202217,0.0471133730076992,0.0423798265375055,0.0372748608352518,0.0314750777504959,0.0253963825914064,0.0199482243993237,0.017438037946897
"14",0.00663849952373246,0.00534280419037527,0.0061614728049989,0.00776349095852263,0.010224444251724,0.0133104242065041,0.0169933653925177,0.0212488875570566,0.0260125723979763,0.0311701502927387,0.0365562156908353,0.0419601364431867,0.0471391629830789,0.0518377862749177,0.055811217012617,0.0588499122956053,0.0608006334794207,0.061579579647912,0.0611770395695436,0.0596474512933874,0.0570794905434631,0.0535713196509308,0.0492780466780807,0.044234202785969,0.0380040063085697,0.0311059277951914,0.0247194199764902,0.0217823399946528
"15",0.00445787518277276,0.00371369911631012,0.00441658012920156,0.00570268375034231,0.00767988915540722,0.0102164864877086,0.0133284574299396,0.0170336745090219,0.0213175196833808,0.0261213590451391,0.0313365928494528,0.0368042465347443,0.0423210685366764,0.0476522990854981,0.052550138303473,0.0567758389309079,0.0601213294223649,0.0624257411652844,0.0635863010476191,0.0635553757853115,0.0623156451669345,0.0598631725116965,0.0562775846113883,0.051515495755953,0.0449917087873617,0.0373217889559643,0.0299820955923075,0.026615352467837
"16",0.0029390112555396,0.00253503269909326,0.00310704575919596,0.00410910090855484,0.00565723361912726,0.0076895885175472,0.010251135643892,0.0133907036264734,0.0171345682831917,0.0214745889298956,0.026359246813898,0.0316881785054481,0.0373116698743324,0.043036064309545,0.0486351610052272,0.0538666964217627,0.0584906737510709,0.0622853821236572,0.0650613847527347,0.0666637333688681,0.0669520383430721,0.0657934875956941,0.0631606247107728,0.0588979884725809,0.0522341129870281,0.0438697403459415,0.0355946813882467,0.0318111259876079
"17",0.00190352303302504,0.00170058080152487,0.00214698947221121,0.00290734674377119,0.00409163833691018,0.00568298654634855,0.00774294189587437,0.0103405390519849,0.0135327828090261,0.0173537230082172,0.0218042345468651,0.0268431988234891,0.0323816072871124,0.0382809113735922,0.0443564433406985,0.0503860884927181,0.0561220329535437,0.0613023768475322,0.0656644574759279,0.0689493464268467,0.0708853995926622,0.071192071924573,0.0697086488064276,0.0661371664481874,0.0594877665786058,0.0505293417836596,0.0413691785380019,0.0371966770606618
"18",0.00121252504339801,0.00112260887119303,0.00145956284319521,0.00202362584288463,0.00291165656764306,0.00413361136077722,0.00575824242634947,0.00786564858948331,0.0105336868795115,0.0138289394118016,0.0177967665252535,0.0224508973352856,0.0277637773418301,0.0336589547671559,0.0400066859040399,0.0466237597186241,0.0532763899345931,0.059684164179279,0.0655290161938145,0.0704586356507302,0.0740712094420688,0.0759295746391087,0.0757222625794522,0.0729861636356328,0.0664902081366914,0.0570514906713372,0.0470853824759769,0.0425645530328882
"19",0.000761295383235145,0.000731155909947348,0.00097910951166808,0.00139030087740053,0.00204615885478881,0.00297101489373588,0.0042344260444152,0.00592059310746511,0.00811973897757933,0.0109215026768911,0.0144063790646422,0.0186352282032873,0.0236375449329097,0.0293993974150901,0.0358521832748043,0.0428636634681396,0.050230933928685,0.0576745437528087,0.0648401301932506,0.0712975524549098,0.076524207762255,0.0799280023966592,0.0810399285076978,0.0792199791016057,0.0729860377457937,0.0631831670067543,0.0525126319635849,0.0476931925899946
"20",0.000473172697251515,0.000472186001450802,0.000651730515502181,0.000948517044530378,0.00142915868337541,0.00212440697999931,0.00310084478426419,0.00444211124400297,0.00624429285306073,0.00861187701296016,0.0116512071419225,0.0154609879296001,0.0201199061348729,0.025671697268121,0.0321084701202452,0.0393538537678631,0.0472461387770313,0.0555216794155296,0.063807329443244,0.0716128650621102,0.0783105117300808,0.0831645800942314,0.0855528633363524,0.0846590941228658,0.0787551845296364,0.0686962027669294,0.0574364336155896,0.052372696927376
"21",0.000293555651315206,0.000305164039951219,0.000434705809211172,0.0006492189820338,0.0010026545758233,0.001527570656573,0.00228586339207831,0.00335801609565065,0.00484158912013877,0.00684954943654719,0.00950592534135698,0.0129379006266962,0.0172638014712563,0.0225766524415571,0.0289235945244315,0.0362825563664187,0.0445365630105572,0.0534467463959861,0.0626349951472576,0.0715683374756177,0.0795330306353637,0.0856685650903858,0.0892137345556897,0.0891885720367647,0.0836386334416939,0.0734152536133909,0.0616855187994789,0.0564317312667736
"22",0.000184532568367523,0.000200485566819121,0.00029521742375697,0.000452992772302392,0.000717839411983671,0.00112181181753221,0.00172185884785551,0.00259434048102059,0.0038357905776306,0.00556324098305348,0.00791192288944674,0.0110291122783204,0.0150630457657661,0.0201459607912062,0.0263709770620663,0.0337638724289138,0.0422501168194134,0.0516187476700603,0.0614958029701904,0.0713205116725792,0.0803132512441142,0.087511899853703,0.0920376570465719,0.0927689958246585,0.0875565598442685,0.0772394058287292,0.0651539074930081,0.0597601420666609
"23",0.000120394467652474,0.000137054926013496,0.000208754013702327,0.000329172624622166,0.000535131662372865,0.000857322829949085,0.00134835962753938,0.00208061349984421,0.00314855016009524,0.00467058427098681,0.00678847098243773,0.00966275152915946,0.0134627712564192,0.018349802355666,0.0244524552872567,0.0318350422858164,0.0404590979469755,0.0501399238383263,0.0605122107488627,0.0709988734133287,0.0807731137809858,0.0887956360979963,0.0940951989894149,0.0954367284825962,0.0905147011758667,0.0801524220498738,0.0678128494278076,0.0623220122684317
"24",8.40874072941315e-05,0.000100181101022407,0.000157478396514126,0.000254587032328304,0.000423474152345241,0.000693414861308919,0.00111369393549393,0.00175343304940304,0.00270494777299372,0.00408667814569429,0.00604383607199534,0.00874512434252255,0.0123737593088382,0.0171109383666003,0.023110507025256,0.0304651333410974,0.0391639894451184,0.0490439266277346,0.0597491176854584,0.0706940038661175,0.0810203994080129,0.0896346875844197,0.0954985486821632,0.0972930092435575,0.0925970639783608,0.0822188235878658,0.0697094562111297,0.0641556993693528
"25",6.45349287363621e-05,7.98593053150416e-05,0.000128735043117064,0.000212217447159021,0.000359262782101286,0.00059803429912446,0.000975545141764615,0.00155860917281223,0.00243781173132703,0.00373112943670812,0.00558541744896389,0.00817402325743586,0.0116885770384065,0.0163228368799721,0.0222470391063255,0.0295727877161279,0.0383082962479216,0.0483059961784522,0.0592180614141269,0.0704551569545849,0.0811398723155261,0.0901435299436953,0.0963833596842351,0.0984839053651025,0.0939462762928433,0.0835664192335217,0.0709520934553783,0.0653606121792148
"26",5.46971197068326e-05,6.94358515152723e-05,0.00011378520755416,0.000189939436426659,0.000325160331849474,0.000546887169861215,0.000900761891495663,0.00145216598868183,0.0022905278094481,0.00353333941169227,0.00532814400920777,0.00785070233654628,0.0112972843106162,0.0158688074174823,0.0217450825690456,0.0290490212171585,0.0378004818454236,0.0478617601739548,0.0588905965471432,0.0702962878226265,0.0811907486587931,0.0904249014660481,0.0968895368017014,0.099175153951202,0.094735813957389,0.084359209379411,0.0716859188513125,0.0660738484667071
"27",5.02155339810296e-05,6.46153759157306e-05,0.000106796518636571,0.000179437075642822,0.00030895877263019,0.000522406615014793,0.000864707731905956,0.00140048229671464,0.00221851421534661,0.00343596802742283,0.00520063471445112,0.00768939105249858,0.0111007672798872,0.01563926345217,0.0214895742218337,0.0287804759119934,0.037537974350954,0.047629701907924,0.0587165967894142,0.0702075951440903,0.0812093881090545,0.0905625179275101,0.0971440857577414,0.0995267778933406,0.0951399861883683,0.0847667191275874,0.0720642293122757,0.0664422186956942
"28",4.85260574541608e-05,6.27789725647528e-05,0.000104114240865977,0.000175382808450303,0.000302670990379115,0.000512857055199699,0.000850573185587392,0.00138012147347589,0.00219000886189178,0.00339724473096953,0.00514969268147826,0.00762465215609546,0.0110215440618346,0.0155463075322665,0.0213856252711032,0.0286706884337399,0.0374300640190445,0.0475336435329939,0.0586437692161817,0.0701693267219712,0.0812149438003781,0.0906169432101648,0.0972467930528847,0.0996697956754101,0.0953050998700368,0.0849336695643079,0.0722195315293645,0.0665936312939055
