"","X0","X1","X2","X3","X4","X5","X6","X7","X8","X9","X10","X11","X12","X13","X14","X15","X16","X17","X18","X19","X20","X21","X22","X23","X24","X25","X26","X27"
"1",0.102055981421454,0.0723982289024574,0.0720128553804321,0.0715531369336946,0.0747727415088544,0.0763402583538994,0.075950579171588,0.0732984228981528,0.0685608768132389,0.0620984720719006,0.0544662543447735,0.0462794831146278,0.0381160918845774,0.0304478620460663,0.0236050331683813,0.0177711220518184,0.0129998267706011,0.00924503098813803,0.0063951245073167,0.00430497374694684,0.00282151443555411,0.00180141796237333,0.00112115218021797,0.000681167051750331,0.000406142394161752,0.000240014315063396,0.000144560385548672,0.000111675196409561
"2",0.0887963794180314,0.0639771892488491,0.0649562438272969,0.0661580496197771,0.0706802690219998,0.0737687564802548,0.0749932795655195,0.0739378082886306,0.0706380228949215,0.0653427678056928,0.0585306971688722,0.0507898470757785,0.0427190533030436,0.0348485236237039,0.0275887895710425,0.0212093174191574,0.0158421852596706,0.0115035936450195,0.0081246725603764,0.00558403401477835,0.00373662146830145,0.00243583091132764,0.0015480346271052,0.000960633824232335,0.00058538086911161,0.000353828470154836,0.000218104872644556,0.000172085144704782
"3",0.0700169219427235,0.0518286142028571,0.0544738073118448,0.0577561034659161,0.0639055837295077,0.069020542983148,0.0725220052774108,0.0738438820343895,0.0728069453226854,0.069468794183398,0.0641562449209537,0.0573738103371938,0.0497120942066065,0.0417590656959255,0.0340288987491287,0.0269163169965872,0.0206779011625797,0.0154369730899514,0.0112050896024486,0.00791214957950668,0.00543797724280775,0.00364017096363784,0.00237531862342664,0.00151352836551357,0.000947520122705066,0.000588752792075947,0.000373168447676031,0.000301818647393171
"4",0.051955016878893,0.039790878432078,0.0436062544470433,0.0484322714231735,0.0557599797228286,0.062566916251657,0.0681857602336147,0.0719295842776149,0.0734015238489449,0.0724310962705449,0.0691319006194186,0.0638521956065155,0.0571048767989206,0.0494815289548692,0.0415681157535438,0.0338762571581359,0.0267985400393369,0.0205902558928294,0.0153742904298169,0.0111624320430252,0.00788527623948584,0.00542356797065649,0.00363572967276666,0.00237995492166598,0.0015313672313103,0.000978448861276841,0.000637637909937566,0.000528342110094445
"5",0.0368961172069313,0.0293615632306666,0.0336577830893254,0.0392229752026767,0.0470326666393538,0.0548684412476557,0.06206489493914,0.0678820138026305,0.0717520199449044,0.0732827556836499,0.072342946535567,0.0690618719398053,0.0637953217799403,0.057059021947379,0.0494453896969354,0.0415405730063952,0.0338562127288293,0.0267850026654609,0.0205824767158295,0.0153718500361512,0.011165331847089,0.00789393480401145,0.00543850359650209,0.00365882032830208,0.00242068618772967,0.00159082556919258,0.00106580659265424,0.000904193035290712
"6",0.0252456098230926,0.0209293755374361,0.0251228646436607,0.0307040693859683,0.0383338516415608,0.0464846970193876,0.0545784136139023,0.0619044286341788,0.0678034629125879,0.0717102173573835,0.0732584800110313,0.072327238779019,0.0690509293976774,0.0637875075027569,0.057053601812868,0.0494420835293278,0.0415393997834459,0.0338575092750811,0.0267894872790025,0.0205912543764217,0.0153864719127246,0.011187717882471,0.0079257650014127,0.00548309675177831,0.00373200586472884,0.00252351715827096,0.00173806089740342,0.00150888221541888
"7",0.0166833857543967,0.0144323571912092,0.0181410214094785,0.0232241273550929,0.030168843807914,0.0380113096569185,0.0463205483982779,0.0544915875868404,0.0618661854036209,0.0677860515004346,0.0717021443317424,0.0732544654473546,0.0723251530087103,0.0690499905751015,0.0637875696488314,0.0570549381492057,0.0494453582210911,0.0415457685123763,0.0338687396974747,0.0268079471578471,0.0206199678159652,0.0154289021141727,0.0112466140172006,0.00800579096628912,0.00560916994576329,0.00390394918273842,0.00276400165862051,0.00245411148533034
"8",0.0106571433768939,0.009630201059128,0.0126692178768223,0.0169655317952303,0.0229142623938824,0.0299851773428451,0.0379203369746689,0.0462734529524694,0.0544720418220919,0.0618580143580324,0.0677828081750685,0.0717009531824268,0.0732542881879811,0.0723257830631852,0.0690517268897838,0.0637912017322835,0.0570618650897708,0.049457818987542,0.0415670550959675,0.0339031397987104,0.0268607472312553,0.0206969256741363,0.0155341167892815,0.0113859835407139,0.00821709663627188,0.00588873170516141,0.00428530488757195,0.00388907338082249
"9",0.00658296634709424,0.00621795503321716,0.0085548585928516,0.0119661564501277,0.0167922952455531,0.0228129818695897,0.0299360725441716,0.0378951828182823,0.0462633985975366,0.0544680427988209,0.0618566281347172,0.0677825865827067,0.0717015347991645,0.0732559147155988,0.072329253620799,0.0690585786741702,0.0638040110280084,0.0570846650495724,0.049496438479249,0.0416289448909165,0.0339972060558917,0.0269962016551249,0.0208794766404942,0.0157701917968721,0.0117307417371244,0.00865904059523206,0.00647556837381734,0.00600310687329466
"10",0.00393314860572516,0.00388477401959707,0.00558446517600088,0.00814813210110484,0.0118725248157052,0.0167382514175902,0.0227872789442563,0.0299229866826498,0.0378901162990483,0.0462614945840308,0.0544675768153692,0.0618570022929859,0.067783930084987,0.0717045801643949,0.0732621982096686,0.0723415335947621,0.0690813941655508,0.063844377614045,0.0571525776609027,0.0496044467027716,0.0417915870906196,0.0342286951495222,0.0273038388209142,0.0212683052288471,0.0163175371870219,0.0124097043686541,0.00953468104051114,0.00902286116276244
"11",0.00227352680849528,0.0023485656798618,0.00352404390242205,0.00535674559565266,0.00809918744908856,0.0118446395801104,0.0167252428736954,0.0227806952196628,0.0299205446555941,0.0378893337426005,0.0462616236040944,0.0544685783994201,0.0618594796767733,0.0677892976975209,0.071715542849178,0.073283504929313,0.0723809207635847,0.0691506901085052,0.0639602038947938,0.057335434201578,0.049877329087866,0.0421756160753763,0.0347321030229173,0.0279262981489206,0.0221134915202527,0.0173307116423209,0.0136755836083049,0.0132010652620952
"12",0.00127175416961289,0.00137402389951485,0.00214991908475774,0.00340060509369086,0.00533199329097349,0.00808528202178865,0.0118382896053698,0.0167220671029794,0.0227796280713282,0.0299204229282146,0.0378899970864721,0.0462634932228804,0.0544728522091395,0.0618686045917556,0.0678078247326351,0.0717513773014521,0.0733494228970993,0.072496255980969,0.0693422466594951,0.0642604494988344,0.0577795956868423,0.0504955743363066,0.0429752442361256,0.035700202783276,0.0291950676148737,0.0235812074772928,0.0191020905724178,0.0187945078439013
"13",0.000688574919027888,0.000778026696423011,0.00126819816147123,0.00208511790225506,0.00338849160709259,0.00532529593419124,0.00808230604023336,0.0118368550528068,0.0167217397332231,0.0227799868959685,0.0299217279656489,0.037893169638573,0.0462705777088284,0.0544878696301717,0.0618989471526211,0.0678662367167871,0.0718583035996314,0.073535493459049,0.0728033727169575,0.0698202488456311,0.0649615728371807,0.058745149708573,0.05172809487705,0.0444374079158671,0.0375509507065218,0.0312579457712075,0.0259780167822119,0.0260303210247949
"14",0.000360945819113748,0.000426450793858386,0.000723471250133481,0.00123524527450023,0.00207938072446455,0.00338538188573406,0.00532397627729582,0.00808175427551619,0.0118369764771501,0.0167225703916665,0.0227821822345632,0.0299268609925791,0.0379045229629442,0.0462945184779991,0.0545360183523558,0.0619912050833061,0.0680343003148448,0.0721491930121127,0.07401268659832,0.0735409917023522,0.0708932275328311,0.0664239508757313,0.0605879756138034,0.0538717346477072,0.0470594949847948,0.0403624353700098,0.0343902280578637,0.0350623200164473
"15",0.00018321717146475,0.000226301925922759,0.000399228681888668,0.000707236478076626,0.00123261769122706,0.00207799858615976,0.00338485949644138,0.00532389345981982,0.00808222761833384,0.011838388101106,0.0167260430992196,0.0227901927806825,0.0299444746274029,0.0379414902297972,0.0463685266871659,0.054677165538325,0.0622470851092105,0.0684748309774627,0.0728675315169364,0.0751155948317505,0.075132402188368,0.0730403505033062,0.0690957608466068,0.0636373411727587,0.0574783291208471,0.0507731217528251,0.0443110601793951,0.0459227296274986
"16",9.00748448807379e-05,0.000116284701398245,0.000213152312441397,0.000391480067430615,0.000706077505641347,0.00123204577595598,0.00207786649697878,0.00338506945529692,0.00532473415320953,0.00808442048782716,0.0118436668012708,0.0167381347251992,0.022816649136498,0.0299997472141904,0.0380516427197025,0.046577631331057,0.0550544165491913,0.0628931561618797,0.069522116334187,0.0744649066277685,0.0774023561542397,0.078187464572298,0.0767953789296434,0.0733031034540104,0.0684517006784281,0.0622301548261183,0.0555681397380509,0.0584784282452053
"17",4.28963556627615e-05,5.78678287322323e-05,0.000110135366881846,0.000209571450623297,0.000390995631397816,0.000705882824440186,0.00123212608791683,0.00207831751827799,0.00338636124529034,0.00532798408602133,0.00809217194799498,0.0118613292079299,0.0167765997437895,0.0228966460652251,0.0301584496344812,0.0383515149394611,0.0471160459975724,0.0559716995411521,0.0643714664584284,0.0717623803153131,0.0776474336755494,0.0816136567370973,0.0833017139691656,0.0824241610407259,0.0795383287625135,0.0743397851473956,0.0678309337598381,0.0724035446611212
"18",1.97910235920189e-05,2.78927169674074e-05,5.50846106104663e-05,0.000108536513579752,0.000209391669094737,0.000390984341013032,0.00070610965516966,0.00123283079071008,0.00208018722096162,0.00339100415791956,0.00533899236499809,0.00811713484918376,0.0119154441778305,0.016888637039138,0.0231179080306619,0.0305746042092589,0.0390951607375099,0.0483764806456391,0.0579915062056082,0.0674130474354818,0.0760510616342778,0.083270067513291,0.0883623427711532,0.090602020720438,0.0902581291832099,0.0866027578828354,0.0806224108811971,0.0871804810186681
"19",8.84679988338979e-06,1.3023882449115e-05,2.66750034590734e-05,5.43998915558634e-05,0.000108496080454692,0.000209483495779199,0.000391344588943052,0.000707112809551728,0.00123543009128353,0.00208659663301167,0.00340612426163692,0.00537311987303044,0.00819078183192145,0.0120672376227616,0.0171870700510962,0.0236766479957323,0.0315683533816185,0.0407710189141253,0.0510470919814858,0.0619884522182953,0.0730081167723957,0.0833210244184039,0.0918975971489726,0.0975407298268357,0.100151083501262,0.0984661854716231,0.0933602025370986,0.102137752915333
"20",3.83190960352332e-06,5.89202092238819e-06,1.25110124081496e-05,2.64007628681892e-05,5.44285483699081e-05,0.000108662435198824,0.000209987249388559,0.000392704171930045,0.000710600408361307,0.0012439835929637,0.00210667888117015,0.00345124484638907,0.00547005470969993,0.00838969148475603,0.0124565749549269,0.0179127325546798,0.0249613232847574,0.0337241600197507,0.0441879421447524,0.05613062093159,0.0690550586146712,0.0821115582384495,0.0940072493075671,0.103085890680584,0.108837338907184,0.109392336291965,0.105425064453,0.116525477582091
"21",1.60860644654891e-06,2.58368225542662e-06,5.68699214770735e-06,1.24180018564166e-05,2.64706675388684e-05,5.46628609668889e-05,0.000109327672053841,0.000211761071417343,0.000397225787702677,0.000721635786802561,0.00126977356700082,0.00216436435032153,0.00357463026047365,0.0057221444785189,0.00888098555721824,0.0133682505275484,0.0195194552188269,0.0276446748565405,0.0379551145664064,0.0504466192528273,0.0647729766392426,0.0800978214507771,0.0949404312037009,0.107236632571734,0.116065817006154,0.118931968742889,0.116246273363046,0.129618685257585
"22",6.54950631898245e-07,1.09947223441111e-06,2.50973423882809e-06,5.67457069751159e-06,1.25192345480555e-05,2.67742999927283e-05,5.55067762492795e-05,0.000111562430753221,0.00021742817562957,0.000410992381081948,0.000753664520082412,0.00134110114236485,0.00231627782498714,0.00388369813792,0.00632194998276117,0.0099892904256037,0.015313022322814,0.0227524684192111,0.0327169892283057,0.045417674566413,0.0606866835114514,0.0777571728605046,0.0950358605626786,0.110127597941051,0.12174036449238,0.126786556012999,0.125386639226778,0.140828266795637
"23",2.59291985259067e-07,4.55730667731924e-07,1.08062458425067e-06,2.53527625563063e-06,5.80403517346629e-06,1.28947500569641e-05,2.78079835176371e-05,5.82292448258024e-05,0.000118433255940709,0.000234043528643841,0.000449480614276147,0.000839014766364376,0.0015221287688757,0.00268308011692017,0.00459266771983322,0.00762662567750621,0.0122691384523186,0.0190865617333597,0.0286451142032827,0.0413423769870169,0.0571842680372727,0.0755011260016032,0.094648527413256,0.111986481456411,0.125917658666848,0.132844525960055,0.132606704844791,0.149792974858358
"24",1.006523181259e-07,1.86086610274404e-07,4.60416619699436e-07,1.12659295624436e-06,2.69179304559479e-06,6.25199004257329e-06,1.41200325825444e-05,3.10191390846402e-05,6.62961092018781e-05,0.000137855489309628,0.000278844149410794,0.000548423950957356,0.00104804061623497,0.00194401457385559,0.00349537750871921,0.00608172499276304,0.010218506567261,0.0165416937861269,0.0257295426640264,0.0383233721036814,0.0544750864918097,0.0736132916891894,0.0940829715231753,0.113079653432729,0.128778446260648,0.13718233480977,0.137890994151046,0.156427572426825
"25",3.93227816164566e-08,7.73152256755513e-08,2.01559740752493e-07,5.19561913243467e-07,1.30880844924689e-06,3.20933671012718e-06,7.66007649898996e-06,1.77928621432654e-05,4.02048292389405e-05,8.83188090286352e-05,0.000188449576107726,0.000390148828143521,0.000782681221342843,0.00151912248612021,0.00284777024775947,0.00514616075346244,0.00894477177098941,0.0149205464539733,0.0238238350090111,0.0362946658091696,0.0525921180802427,0.0722258500651264,0.0935502130862395,0.113661066209798,0.130580758744565,0.140030501832153,0.141428900156216,0.160913107187849
"26",1.65965317223904e-08,3.53519728694615e-08,9.84619527234057e-08,2.70521857289406e-07,7.25157494622496e-07,1.88936263824498e-06,4.78112958163451e-06,1.17415049096189e-05,2.79574392585556e-05,6.44774699084818e-05,0.000143871209049052,0.000310221593935912,0.000645548792972127,0.00129456116430872,0.00249794169690293,0.00462990809609579,0.00822711648552823,0.0139881486947402,0.0227047431203962,0.0350767890941687,0.0514318388714733,0.0713356164820357,0.0931566455256569,0.113936911586568,0.13160763564626,0.141713956130735,0.143555233285281,0.163631319527787
"27",8.65156513662134e-09,2.01407849778441e-08,6.00213281210439e-08,1.7522394282056e-07,4.9627549248077e-07,1.35935323714787e-06,3.59849973129558e-06,9.20042968125736e-06,2.27042508057657e-05,5.40398444387936e-05,0.00012396562363078,0.000273844789118733,0.000581977645424471,0.00118859434151364,0.00233000413968895,0.00437791972899742,0.00787110066809626,0.0135181771543746,0.0221315801028638,0.0344424769267497,0.0508156405499441,0.0708489939646408,0.0929220516099796,0.114051378108042,0.132121159648268,0.142581928211559,0.144666391883797,0.165061152212303
"28",6.20279451846082e-09,1.53155307194869e-08,4.75554941138867e-08,1.43693992869932e-07,4.19117263103606e-07,1.17746799392789e-06,3.18569277377367e-06,8.29893337012983e-06,2.08114627199049e-05,5.02228935977075e-05,0.000116582389373444,0.000260167784177817,0.000557763120264081,0.00114772409277446,0.00226445035431064,0.00427841181500711,0.0077289262451141,0.013328419863992,0.0218976016203035,0.0341805530379115,0.0505578361535204,0.0706415251965128,0.0928167366547096,0.114090343462833,0.132327278490391,0.142938160446957,0.14512681425698,0.165656376679337
