"","X0","X1","X2","X3","X4","X5","X6","X7","X8","X9","X10","X11","X12","X13","X14","X15","X16","X17","X18","X19","X20","X21","X22","X23","X24"
"1",0.0136080367412355,0.0156457124636866,0.0227669380779515,0.0307033750790451,0.0397197098144213,0.0491346167248181,0.0580858294017833,0.0658453315971548,0.0717621637629221,0.0753294434810025,0.076255966849393,0.0745327863586306,0.0704179049727001,0.0643770808665839,0.0570029608364028,0.0489268517648618,0.0407390714087388,0.0329300114893605,0.0258571289072735,0.0197388780530653,0.0146715667479096,0.0106945169319097,0.00785578912144824,0.00583075479871242,0.00756757374897701
"2",0.0107922071007648,0.0125325601888513,0.0184649784889125,0.0253017135576875,0.0333297080052127,0.0420663456608704,0.0508357976798002,0.0590038573538634,0.06592957118892,0.0710306691597738,0.0738658058855921,0.0742209022753816,0.0721313780204031,0.0678620308187569,0.0618566052988529,0.054666484228905,0.0468730173659003,0.0390179357844152,0.0315514676962545,0.0248057512022512,0.0189947416291225,0.0142815938105823,0.0108703050917345,0.00836230470896728,0.0113522677982116
"3",0.00802809204136994,0.00944253786788062,0.0141337321471173,0.0197584864103462,0.0266204624948277,0.0344391678439538,0.0427465507305511,0.0510410629185465,0.0587410009767527,0.0652376138016846,0.0699763776227805,0.0725539601165362,0.0727736110021204,0.0706659210850096,0.0664760807635446,0.0606199255338446,0.0536189660670156,0.0460286941483175,0.0383724506316599,0.031095461887275,0.0245463760290654,0.0190483373522601,0.0150359178886328,0.0119901456614609,0.0170090669774341
"4",0.00569180172071181,0.00679335877251625,0.0103524842068332,0.0148016895844927,0.0204484564771626,0.027185425685443,0.0347429580695369,0.0427752667744545,0.0508095044848603,0.0582771697813835,0.0645806178067857,0.0691861927765036,0.0716995641462747,0.0719201789101476,0.0698668679891701,0.0657688823453009,0.0600256082801713,0.0531458147340464,0.0456780289637587,0.0381527125646825,0.0310492373984631,0.024874721760821,0.0203775797793675,0.0168460289408968,0.0249498480462027
"5",0.00385362633187121,0.00467576322543896,0.00726894764813256,0.0106524612594008,0.0151217859405714,0.0207004710377243,0.0272884207650639,0.0346979619541824,0.0425974883746902,0.0505173633790524,0.0578916193311525,0.064133294908832,0.0687130856423598,0.0712340685833215,0.0714891993923589,0.0694890468337868,0.0654549871222233,0.0597826256074924,0.052982437822837,0.0456226882053592,0.0382913064942291,0.0316905081951782,0.0269757872450168,0.0231296392263815,0.0357454154733301
"6",0.00249305039507732,0.00308121080367379,0.00489659412229571,0.00737041289512605,0.0107713052199664,0.0152075607388099,0.0207072037639378,0.0272227219423373,0.0345724583437542,0.0424235239241428,0.0503050274230063,0.0576559349152274,0.0638911341797613,0.0684797003907344,0.0710214766702832,0.0713058133690616,0.0693407789256689,0.065350601720032,0.0597403189295013,0.053055497120875,0.0459539923111197,0.0393285614927729,0.034841962500092,0.0310050980383845,0.0499780598643455
"7",0.00154353301736452,0.00194715476453099,0.00316952670872443,0.00490933379983575,0.00739761881492994,0.0107850907063096,0.0151824741256976,0.0206500994245731,0.0271424591394156,0.0344753823813004,0.0423137835833677,0.050188909894291,0.0575404968453557,0.0637825901313313,0.0683829386750848,0.0709404748675207,0.071245467513583,0.0693145210183596,0.0653894984689696,0.0599307001889661,0.0536173528044215,0.0475133650142033,0.0438933410841445,0.0405683889421983,0.0681754980855084
"8",0.000916764934056457,0.00118269679547133,0.00197536850138597,0.00315317167065646,0.00490436025503201,0.00738887510964949,0.0107585515842098,0.0151431851492705,0.020603474646643,0.0270916792776193,0.0344217587090221,0.0422595762165732,0.0501367721422208,0.0574927824549843,0.0637413969149179,0.0683510816326376,0.0709242649706341,0.0712658101423491,0.0694200963409008,0.065711483059459,0.0607932096337017,0.055871576201806,0.0539407221466427,0.0518184667986226,0.0907328747115215
"9",0.000523454358823097,0.000691809653552179,0.00118734433574933,0.0019553331629351,0.00314139694737728,0.00489270602015343,0.00736962539822137,0.0107348484432701,0.0151180281250848,0.0205783113030538,0.0270666992381885,0.0343976080024708,0.0422371642773904,0.0501170416868148,0.0574770610466206,0.0637329685425344,0.0683593190414463,0.0709806605314663,0.0714430074084164,0.0699096640666553,0.0669753682059128,0.063960300070404,0.0646890217104902,0.0646340086277646,0.117827249795192
"10",0.000287715187812837,0.00039019184141413,0.000689018208171265,0.00117159703954252,0.00194509801184464,0.00313236769012777,0.00488068645889316,0.00735639341992054,0.0107219615237775,0.0151060964174136,0.0205671966077797,0.0270565042642607,0.0343886511788608,0.0422300200914182,0.050113172218685,0.0574811702751983,0.0637590189505054,0.068453181436995,0.0712470158200327,0.07215288497689,0.0717022476843434,0.0713127849513793,0.0757543761228865,0.0787620429025393,0.149338606719296
"11",0.000152343366445958,0.000212351786945598,0.000386253787667046,0.000678605960051199,0.00116460094737345,0.00193928734422762,0.00312550627924328,0.00487371431943583,0.00735007892616904,0.0107165436568359,0.0151014079002981,0.0205632187361714,0.0270534361436039,0.034387154047744,0.0422321865798864,0.050125927669212,0.0575248092330414,0.063898369242302,0.0688346291945936,0.0722429942263238,0.0746230539439066,0.0774968374542993,0.0866985146880148,0.0938236700824241,0.184794504483771
"12",7.77721850180903e-05,0.000111597310657426,0.000209301739868432,0.000380132711029037,0.000674478589932377,0.00116133339032889,0.00193570954376363,0.00312207918781859,0.00487079326443381,0.00734774793787428,0.0107146917456816,0.0151000466495684,0.0205626259700188,0.0270545992627007,0.0343931797674752,0.0422530709007746,0.0501903381028608,0.0577217947875009,0.0644269060380147,0.0701922396133717,0.0755541013457269,0.0821757876406923,0.0970762926868823,0.109338885339149,0.223354494288846
"13",3.83134245105847e-05,5.66761435084348e-05,0.000109692931737509,0.000206016107108464,0.000377948301208793,0.000672829992704227,0.00115962066623934,0.00193414213590265,0.00312081100907189,0.0048698528071996,0.00734709134823574,0.0107144074039485,0.0151005791475374,0.0205654496796125,0.0270642030535379,0.0344235709582615,0.0423435904855716,0.050459958668194,0.0584335668569077,0.0662272419971555,0.0745120546484125,0.0851593856053256,0.106488491393241,0.124768751876406,0.26384575335845
"14",1.82255948125321e-05,2.78304957535763e-05,5.56222237210754e-05,0.000108048428666908,0.000204947563368413,0.000377180650558477,0.000672064202721452,0.00115894631670386,0.001933623946003,0.00312046536031845,0.00486969441706608,0.00734730035181587,0.010715652457793,0.0151049736974865,0.0205792664168864,0.0271064984629031,0.0345468310699496,0.0427024982896306,0.0513928874816947,0.06075769861349,0.0717150438510121,0.0864328925438957,0.114629869875108,0.139569272076614,0.304852665612015
"15",8.37505543654089e-06,1.32174065923379e-05,2.72938139834135e-05,5.48450101189197e-05,0.000107556978479067,0.000204612097571869,0.000376857375409751,0.000671790322847938,0.00115875133831643,0.00193352956036938,0.00312053765789049,0.00487021977470355,0.0073492334159893,0.010721919707425,0.0151240818210965,0.0206364267282612,0.0272698439432882,0.0350121805598574,0.0438935641412998,0.0543153415914978,0.0675498660728628,0.0861569651113019,0.121322819229437,0.153248308426303,0.34485186285965
"16",3.71834585897033e-06,6.07198822784572e-06,1.29613733532903e-05,2.69444263245751e-05,5.46305350266962e-05,0.000107418449056477,0.000204483522849626,0.00037675541889387,0.000671734103536548,0.00115877644638992,0.00193375514205814,0.00312138191477711,0.00487300334527749,0.00735790157435952,0.0107477077644293,0.0151994792043503,0.0208475741103314,0.02785827738886,0.0364947019695741,0.0474757672449094,0.0625115391592771,0.0846375646322182,0.126529785033543,0.165415504173919,0.382372562732588
"17",1.59505609145645e-06,2.698179001048e-06,5.95649349155347e-06,1.28114546231375e-05,2.68554751675794e-05,5.45772141492023e-05,0.000107372948814463,0.000204456788827294,0.00037676896426176,0.000671846211681471,0.00115917306701019,0.00193502942539922,0.00312532795092603,0.00488483145707317,0.00739211201720448,0.0108451620327934,0.0154663800066353,0.0215744722337893,0.0296596386667616,0.0407795129185435,0.0571281293566875,0.0822723702404071,0.130342466186874,0.175816236659475,0.416154218994302
"18",6.61036634348839e-07,1.15964717984736e-06,2.6487699551141e-06,5.89526942605751e-06,1.27771904423945e-05,2.68387969612151e-05,5.45697115526927e-05,0.000107388178525141,0.000204528944908659,0.000376993939689079,0.000672507225140418,0.00116110878254802,0.00194065882919046,0.00314143477700295,0.00492977653792995,0.0075161788027078,0.0111762538338213,0.0163457733075833,0.0237150759743389,0.03466842509323,0.0518873490117135,0.0794861351669712,0.132951325483161,0.184343726240938,0.44527080944844
"19",2.6464814143482e-07,4.8204609456966e-07,1.13979853214243e-06,2.62568144552454e-06,5.88505864575093e-06,1.27789830012497e-05,2.68565151722073e-05,5.46273312103753e-05,0.000107546713717464,0.000204949470816195,0.000378113842177786,0.000675527540546882,0.00116930073246657,0.00196279702695332,0.00320045311979879,0.00508643554797571,0.00792130420024887,0.0122218914187446,0.0188400592972082,0.0294486772044009,0.0471803192226681,0.076669833210727,0.134603439881198,0.191028084931183,0.469196606576917
"20",1.024411251259e-07,1.94009278386005e-07,4.75228260283657e-07,1.13367994211465e-06,2.62896459943212e-06,5.90411679947671e-06,1.28316529792625e-05,2.69911938314867e-05,5.4960799804896e-05,0.000108364074281881,0.000206958909272241,0.000383101030330843,0.000688016754328905,0.00120073283866114,0.00204171504961116,0.00339941261826577,0.00558026788697758,0.00915149913439266,0.015084892693614,0.0252877463998408,0.0432758639938603,0.0741389013467298,0.135558434450705,0.196002392822978,0.487786477909523
"21",3.85091152409995e-08,7.59902325142368e-08,1.93102464737928e-07,4.77619972224705e-07,1.1473482997493e-06,2.66830018762027e-06,6.00484094926048e-06,1.3080494257579e-05,2.75911893826517e-05,5.63853396446585e-05,0.000111721580697364,0.000214866582948881,0.000401776480254132,0.000732287421172204,0.00130579036860699,0.0022930510476161,0.0039962890134338,0.00701056184290621,0.0123895532371776,0.0222151546468596,0.0403006316415681,0.0720978715197922,0.136052993787413,0.199480751014827,0.501289037080214
"22",1.47799184305524e-08,3.04935700051471e-08,8.05881593057924e-08,2.07128428854483e-07,5.16525050884563e-07,1.24647676873576e-06,2.91036906874646e-06,6.57818108281509e-06,1.44026788138164e-05,3.05733090818313e-05,6.29995279960069e-05,0.00012623542031001,0.000246555078321705,0.00047096593590259,0.000883778183503833,0.00164148719554722,0.00303936193515355,0.00568561011724195,0.0106831423684047,0.0202270791213069,0.0383302654915369,0.0706927594972815,0.136272108543647,0.201642208947161,0.509938882106735
"23",5.98642831604646e-09,1.29958152686252e-08,3.5882363363121e-08,9.62053348423236e-08,2.49881960219376e-07,6.27513131120217e-07,1.5238518076836e-06,3.58128395129137e-06,8.15351107025964e-06,1.8006398144422e-05,3.86405933715037e-05,8.07607913844173e-05,0.00016488303242803,0.000330076466230225,0.000650864432717859,0.00127377599646213,0.00248785309075123,0.00490691622277763,0.00966188340170235,0.0190167530174687,0.0371092281334888,0.0697972818753209,0.136358563757264,0.202918112668747,0.515172113009873
"24",3.30509646888775e-09,7.49583068606212e-09,2.14586674109874e-08,5.95142765255539e-08,1.5957090771931e-07,4.13046955840908e-07,1.03274168165064e-06,2.49689466903456e-06,5.84512735980047e-06,1.32704892034325e-05,2.92814970322289e-05,6.29597952848188e-05,0.000132334926945941,0.000272960574555035,0.00055489912862666,0.00111994688332272,0.00225384474768132,0.00457219086988777,0.00921763598359665,0.0184844245698336,0.0365661183403388,0.0693921244524984,0.136383495560954,0.203468406993405,0.517466066031383
"25",2.63123606979611e-09,6.0814361374628e-09,1.76764360087528e-08,4.97137990079051e-08,1.35024398297512e-07,3.53776229811274e-07,8.94825708076127e-07,2.1876397953877e-06,5.17695553828739e-06,1.18799274761e-05,2.64954794425168e-05,5.75906442418868e-05,0.000122393850740675,0.000255307204985995,0.000524904569017588,0.00107136302092793,0.00217922465929816,0.0044645176908965,0.00907359493468418,0.0183105650190274,0.0363874354520451,0.0692573753269521,0.136388852789348,0.203645857529761,0.518213817576573
