"","X0","X1","X2","X3","X4","X5","X6","X7","X8","X9","X10","X11","X12","X13","X14","X15","X16","X17","X18","X19","X20","X21","X22","X23","X24"
"1",0.0527304343426462,0.0523434857598175,0.0445962445330124,0.0576637051405041,0.0549675791334328,0.0531590027998405,0.0521529360600462,0.049675700190357,0.0483466498514723,0.0469273937917104,0.0458549471902816,0.0445974607046948,0.0431515537136145,0.0414295460265075,0.0394291973164935,0.0371650967848093,0.0346713819432443,0.0319972288945606,0.0291942700939314,0.0263148027139875,0.0234343059734847,0.0206260525435766,0.0189401199502132,0.0173023560272156,0.0333285485205156
"2",0.048172550556138,0.0479300477238578,0.0411001661023811,0.0532984004104464,0.0512159853460857,0.0500013123148753,0.0495510058391071,0.0477819542255838,0.0470561683609811,0.046234142027693,0.0456972714819207,0.0449501054710551,0.0439770835042198,0.0426879583802455,0.0410714553524573,0.039133644296572,0.0369007109681203,0.0344150167789081,0.031723931760073,0.0288783869447936,0.0259598521646912,0.0230511644507175,0.0213646394900317,0.0196677846192162,0.0381792614297987
"3",0.0430450594630249,0.0429544820763443,0.0371335181249851,0.0483320026258208,0.0469097316318822,0.0463323694305677,0.0464798881098986,0.0454851947861455,0.0454244999711371,0.0452703515713234,0.0453427319975224,0.0451867667708136,0.0447724876471719,0.0440052415593017,0.0428615380879069,0.0413353700942885,0.0394412134646804,0.0372109315068813,0.0346844105907373,0.0319087172885387,0.0289707241482036,0.0259634229556548,0.0242970553428988,0.0225442691452053,0.0441080216090345
"4",0.037858322238444,0.037907625930388,0.0330770682602843,0.0432354730077434,0.0424410899973635,0.0424675461485809,0.043183132607556,0.0429414474591656,0.0435345171298939,0.0440494383270532,0.0447457439874647,0.0452092989550392,0.0453947941793938,0.045201250866702,0.0445901931712627,0.0435401211542304,0.0420499612949822,0.0401370999325363,0.037830135467113,0.0351689559405866,0.0322439560721256,0.0291574472796253,0.027540800409372,0.0257466280334471,0.050747952149616
"5",0.0328287199769922,0.0329983596099082,0.0290946905332768,0.0382123253704396,0.0379820345687852,0.0385478057426464,0.0397722958240773,0.0402255762991008,0.0414296704206222,0.0425842813886295,0.043892413353203,0.0449793469475024,0.0457842679150472,0.0461981535251719,0.0461651566412551,0.0456450934242674,0.0446175713712601,0.0430814333724781,0.0410499126016573,0.0385519796706396,0.0356790047095047,0.0325410442441978,0.0310082366252693,0.0291928429207437,0.0579377829432932
"6",0.0281079867611076,0.0283746189313541,0.0253059351567116,0.0334128343520853,0.0336647152368619,0.0346874888895729,0.0363444140440561,0.0374113745954799,0.0391629094001364,0.0409062323714699,0.0427937381703878,0.0444879033403651,0.0459129672568811,0.0469505637443615,0.0475256775368465,0.0475767497469106,0.0470606871083259,0.0459539708803996,0.0442504606743739,0.0419643666274774,0.0391850916748052,0.0360283314829829,0.0346150348915373,0.0328019036420848,0.0655140434833942
"7",0.0237973512959652,0.0241366632634218,0.0217955331873609,0.0289454245439155,0.0295898561519168,0.0309798487641938,0.0329850274263154,0.0345718910639167,0.0367950427298162,0.0390619184416119,0.0414814255133643,0.0437505208950145,0.0457796900380451,0.0474404673629849,0.0486375947663191,0.049286156043371,0.0493176275769732,0.0486828580164081,0.0473527130794517,0.0453230065691773,0.0426781024804631,0.0395369085710224,0.0382774422639928,0.0364911889482213,0.0733057410067263
"8",0.0199508859365929,0.0203399250565895,0.0186147215396744,0.0248778688605961,0.0258264721902931,0.0274953443928079,0.0297652775129372,0.0317754708938851,0.0343901691977322,0.0371084323557388,0.0400032513561588,0.0428031664550669,0.0454065865157084,0.047674772478034,0.0494919178906056,0.0507486007508998,0.0513489794413184,0.0512157853636867,0.0502939346062698,0.0485577035569999,0.0460834832505601,0.042990871945336,0.0419154816744009,0.0401797052066349,0.0811411915714424
"9",0.0165855268325613,0.0170042754463939,0.0157875423432697,0.0212446212070628,0.022416654977391,0.0242839383417691,0.0267419846570393,0.0290835261382203,0.0320117630632966,0.0351081516624825,0.0384171781973292,0.0416960782946691,0.0448331686862956,0.0476798040122383,0.0501000621094784,0.0519597391951761,0.0531347336459341,0.0535181213519899,0.0530267853301428,0.051611051614144,0.0493367758897887,0.0463218423129291,0.0454544525966729,0.0437898869956669,0.0888523350980285
"10",0.0136931144658049,0.0141252771113668,0.0133187861177812,0.0180562175904996,0.0193821966307286,0.0213789803980105,0.0239590324063585,0.026549222636516,0.0297192878917201,0.0331236720910446,0.0367851880177645,0.0404869620303241,0.044109329711547,0.0474945472488701,0.0504876540057482,0.0529302212265702,0.0546699079356442,0.0555696147594908,0.0555171034456969,0.0544372233192309,0.0523832822926076,0.04946933749139,0.0488259738413978,0.0472491051932369,0.0962787621406206
"11",0.0112493496561107,0.0116825467364285,0.0111998718632856,0.0153062024472801,0.0167293855753424,0.0187998717272362,0.0214480505019682,0.0242160117384605,0.0275650309198369,0.0312132426456536,0.0351677749515253,0.0392349304031084,0.0432891347981995,0.0471646602970377,0.0506890932367599,0.0536810666739231,0.0559609229935718,0.0573618727847464,0.0577424982727449,0.0570016078035912,0.0551786134037985,0.0523820531852018,0.0519700113430071,0.0504922028216167,0.103273993219536
"12",0.0092196426261934,0.00964521352038377,0.00941267389956057,0.0129756091016702,0.0144520418801136,0.0165536236135907,0.0192285625901469,0.0221162281574742,0.0255914305655386,0.0294270175189363,0.0336194402582778,0.0379955374232634,0.042425718962895,0.0467375518024642,0.0507431046551854,0.0542399423254976,0.0570227920600739,0.0588965749612921,0.0596916163608158,0.0592810737325368,0.0576898270539141,0.055019703497466,0.054837478037466,0.0534646068648076,0.109712988530408
"13",0.00756307526159078,0.00797564217422653,0.00793219136494029,0.0110361045401172,0.0125337170034174,0.0146360657196526,0.0173082096318274,0.0202701960389419,0.0238292150142592,0.0278043317601586,0.0321853080114592,0.0368169417618787,0.0415672442851651,0.0462583900965728,0.0506890549265847,0.0546380174054795,0.0578767021279266,0.0601839056558809,0.0613634780387263,0.0612641859187731,0.0598964356394319,0.0573546785364916,0.0573926069191387,0.056125192394058,0.115499109773273
"14",0.00623551882530868,0.00663241279059846,0.00672880763340461,0.00945271800464565,0.0109498049557876,0.0130332928663512,0.0156835061055942,0.0186861519514823,0.0222965569930669,0.0263721197188321,0.0308989194371125,0.0357372047026623,0.0407538727114673,0.0457669471439357,0.0505638773176597,0.054907173326194,0.0585476878296112,0.0612408287791742,0.062766433420786,0.0629508594728914,0.0617907171094067,0.0593729207831359,0.0596144388407659,0.0584482086885781,0.12056902059152
"15",0.00519204766511948,0.00557268176111803,0.00577021069299937,0.00818623325587614,0.00966960464923538,0.0117233589391599,0.0143411215079104,0.0173609711947722,0.0209992445306859,0.0251445021345979,0.0297812677173405,0.0347828222303973,0.0400158871100324,0.0452954320690614,0.0503997657956142,0.0550777169467021,0.0590625170674995,0.0620892778937613,0.063916754276226,0.06435140650844,0.0633772245038032,0.0610738631101171,0.0614972051631624,0.0604240027516257,0.124894880524716
"16",0.0043887818509106,0.00475403903828662,0.00502303449029727,0.00719530657772962,0.00865834805673672,0.0106781913011342,0.0132596320354777,0.0162816226098546,0.0199317926149761,0.0241234809226876,0.0288410398378782,0.033968492416042,0.0393729981269499,0.0448673841939619,0.0502227318681941,0.055176701864304,0.0594478899496404,0.0627543466784694,0.0648369188376991,0.0654849972330382,0.06467147771456,0.0624693756170206,0.0630495093325314,0.0620584115113879,0.128483495320206
"17",0.0037843078341247,0.00413599120736616,0.00445428851449763,0.0064383774040685,0.00787920245072783,0.00986567837403127,0.0124116493661522,0.0154272190357074,0.0190793422034524,0.0233005830399112,0.0280759188399995,0.0332979961889757,0.0388347490691724,0.0444975767326689,0.0500520144908962,0.0552268833513472,0.0597290047680508,0.0632625524350111,0.0655536713708369,0.0663776172712319,0.0656979120024974,0.063581783622647,0.0642923559259658,0.063370857558052,0.131372466942583
"18",0.00334075958989956,0.00368113595048412,0.00403259341512842,0.00587537528293573,0.00729519817050837,0.00925182925606187,0.011766178492566,0.0147714732841612,0.0184201292370009,0.0226592232774472,0.0274747204810955,0.0327659851109695,0.0384018460576284,0.0441928030729204,0.049900267053094,0.0552462862592774,0.0599285246500504,0.0636402557086706,0.0660959809867458,0.06705967688215,0.0664872591535297,0.0644411423167245,0.0652562266587941,0.0643913523358959,0.133623777316237
"19",0.00302460692122307,0.00335605962744874,0.00372921517901803,0.00546919450035079,0.00687100425904495,0.00880287562444776,0.0112910248062104,0.0142853325864615,0.0179282605967771,0.0221774997671783,0.0270200715602691,0.0323603943232245,0.0380681604561423,0.043953338162614,0.0497743735790806,0.0552483079029948,0.06006594222136,0.0639123087997871,0.0664930426554035,0.0675634750749516,0.0670736109906399,0.0650820493445276,0.0659775257471233,0.0651567520519415,0.135315573261756
"20",0.00280731702437567,0.00313211571869386,0.00351901512956946,0.00518707713507862,0.00657465818508542,0.00848738597559698,0.0109552844118319,0.0139397834947371,0.0175767523498855,0.0218313441912258,0.0266915256181668,0.0320653571760123,0.0378232693543625,0.0437749388733286,0.0496767647933344,0.055242241136571,0.0601572482819911,0.0641008641361929,0.0667722781952348,0.0679205026650731,0.0674911730374602,0.0655400228365334,0.0664944424201212,0.0657063282504412,0.136532309609074
"21",0.00266488975948841,0.00298503695852582,0.00338029355742589,0.00500050992617903,0.00637772851000771,0.00827671246982842,0.0107300700994122,0.0137068592879593,0.0173387674828998,0.0215959346843602,0.0264670722047211,0.0318627257846078,0.0376538943731861,0.0436501085232981,0.0496064230059506,0.0552339490372416,0.0602152273512673,0.0642252685614265,0.066958836898067,0.0681605864976393,0.0677731120769929,0.0658501282242411,0.0668453036333593,0.0660799511666225,0.13736060992527
"22",0.00258059531761486,0.00289785529575105,0.00329775613931677,0.00488932733631933,0.00625993078857887,0.00815022253047636,0.0105943810591448,0.0135660055234108,0.0171943734384506,0.0214526212433661,0.0263299601593718,0.0317384535454659,0.0375494775282109,0.0435724983433465,0.0495617750324136,0.0552269822926742,0.0602486311506991,0.0642992478874068,0.0670708831632441,0.0683055095467821,0.0679438381013627,0.0660383213313005,0.0670586239211991,0.0663073870924007,0.137865342231671
"23",0.00253266323626974,0.00284822110213004,0.00325062699367974,0.00482576181716337,0.00619238604571329,0.00807748269901887,0.0105161412805903,0.0134845552593524,0.0171106611305075,0.0213693197468762,0.0262500536173468,0.0316658106269677,0.0374882002549909,0.0435266626587837,0.0495350047339594,0.0552220726963059,0.060267199435403,0.0643414635245962,0.0671353294999791,0.0683891983229676,0.0680426714045034,0.0661474526395401,0.0671825045459638,0.0664395902468267,0.138158966480544
"24",0.00251247739449288,0.00282730187220748,0.00323072543178342,0.00479889762995218,0.00616378613845399,0.00804662535280961,0.0104828933893848,0.0134498795806372,0.0170749637489922,0.0213337386587897,0.0262158654144262,0.0316346704289322,0.0374618667452969,0.0435068865185432,0.0495233463934689,0.0552197405225924,0.0602748990388928,0.0643592811438569,0.0671626714462473,0.0684247960473887,0.068084778308494,0.0661939982182929,0.0672353899365437,0.0664960630155835,0.138284457623918
"25",0.00250606853284672,0.00282065669137861,0.00322439553317673,0.0047903486008793,0.00615467344038711,0.00803678129553173,0.0104722746998364,0.0134387916080476,0.017063536799746,0.0213223366201052,0.026204897761706,0.0316246680959712,0.0374533946722456,0.0435005077447321,0.0495195636003967,0.0552189439566019,0.0602773179380082,0.0643649460573072,0.0671713945265683,0.0684361724343415,0.0680982490903832,0.0662088998121731,0.067252331548731,0.0665141610699427,0.138324687868937
