"","X0","X1","X2","X3","X4","X5","X6","X7","X8","X9","X10","X11","X12","X13","X14","X15","X16","X17","X18","X19","X20","X21","X22","X23","X24"
"1",0.0892740240060586,0.0578772086526926,0.0603360011368956,0.0485042785530812,0.046476154304448,0.0462619602628221,0.0469981340271092,0.0476905849494969,0.0480759368131016,0.0480061948333579,0.0474058022626132,0.0462689911892143,0.0446278043181971,0.0425385023821385,0.0400762552032737,0.0373180694542974,0.0343433561610035,0.0312362944928258,0.0280328862399967,0.0247981307726408,0.0217321035199188,0.018412135471756,0.0150030178953481,0.0123296336273139,0.0163765394703724
"2",0.0803774119360095,0.0523407097264833,0.0549269718876068,0.0448003515093909,0.0435027532207968,0.0438573252981229,0.0450792169947046,0.0462676721081453,0.0471719058199387,0.0476430385904933,0.0475966644089032,0.0470113870151488,0.045901220980868,0.0443035239462196,0.0422758972643533,0.0398787280308949,0.0371780334815465,0.0342500568045981,0.0311198994889316,0.0278530668108461,0.0246812129838799,0.0211091396064006,0.0173370578389454,0.0143512861918911,0.0191854680548545
"3",0.0705022584587332,0.0461689361116618,0.0488555554755458,0.040566823323399,0.0400322142334792,0.0409771869525912,0.0427066580327989,0.0444251126843146,0.0458977258438969,0.0469761057825316,0.0475667193359581,0.0476305713405958,0.0471603208055878,0.0461698467033977,0.0446938138172164,0.0427697754479841,0.0404440579442829,0.0377794570754222,0.0347837406471225,0.0315194493789756,0.0282545498087703,0.0244014723243396,0.0202030704543647,0.0168466152712848,0.0226679627457185
"4",0.0606850968329192,0.0399993245957867,0.0427323073959868,0.0361992349665251,0.0363599440230657,0.0378369707281057,0.0400276522616304,0.0422434256349251,0.0442682004353828,0.0459563481439689,0.0472065714092715,0.0479624445418768,0.0481939717271404,0.0478886418370115,0.0470538881959243,0.0456986978601139,0.0438432060366324,0.0415303376724926,0.0387431780525383,0.0355361480725465,0.0322147377963377,0.0280828338713108,0.0234300264210097,0.019673354111567,0.0266334573759031
"5",0.0513536312423614,0.0340975000538841,0.0368156917181729,0.0318722097383701,0.0326227671250589,0.0345425859871446,0.0371204419967515,0.0397722672694676,0.042303346825041,0.0445737088029378,0.0464766970059459,0.0479399543141637,0.0489108524623432,0.0493487278832328,0.0492303129841948,0.048530748815201,0.0472374911249432,0.0453667276711311,0.0428689264027393,0.0397842228020985,0.0364550259088344,0.0320617118860915,0.0269431039658508,0.0227702135696088,0.0310011324444044
"6",0.0427884513623877,0.0286416770431917,0.0312853421617387,0.0277183472063997,0.0289350796029742,0.0311933125551211,0.0340695540806412,0.0370788828993845,0.040050359833444,0.0428529441083896,0.0453778345059768,0.0475393873801076,0.0492636413933568,0.0504812901611969,0.0511360071808911,0.051164694417467,0.0505161859791573,0.0491731958607271,0.0470456405804038,0.0441526920461943,0.040871542750349,0.0362458129559341,0.0306644949341085,0.0260715646660987,0.035682064334332
"7",0.0351566480131639,0.0237422713192222,0.0262591911578776,0.0238363626553168,0.0253922477375479,0.0278816598388474,0.0309631176222899,0.0342435412439427,0.0375777692558742,0.0408470576619831,0.0439441752449147,0.0467737084325112,0.0492427854413854,0.0512542442584605,0.0527176267612775,0.0535284319074588,0.0535919483269594,0.0528513529143504,0.0511686774649671,0.0485354699634264,0.0453603402028664,0.0405392940601127,0.0345109243631411,0.0295051928734035,0.0405759612786727
"8",0.0285237639724478,0.0194481856422331,0.0217978137593044,0.0202908612076127,0.0220675741741309,0.0246882159923853,0.0278862755437046,0.0313520933253285,0.0349677350723615,0.0386298986389317,0.0422367729729635,0.045687196409302,0.0488726551845021,0.051670058798177,0.0539550576281452,0.0555800199182525,0.0564031469767517,0.0563231619887977,0.0551480397317854,0.0528356003233771,0.0498216499401229,0.0448467167758108,0.0383970771356122,0.0329952388360746,0.045575190051859
"9",0.0228791009616708,0.0157613827581373,0.0179168134219813,0.0171174811753631,0.0190133522437125,0.0216794715468511,0.0249165204898726,0.0284893582004547,0.0323080454234481,0.036287359626805,0.0403345302012323,0.044346779585658,0.0482037205126184,0.0517591588146234,0.0548563042750964,0.0573041673421797,0.0589119273274255,0.05953043923655,0.0589090714453947,0.0569668521087045,0.0541620971574012,0.0490755081783627,0.0422379958919771,0.0364644559352628,0.0505681061391907
"10",0.0181643457648254,0.0126536913312438,0.0146016387876396,0.0143301165229887,0.0162638852594952,0.0189074213392231,0.0221205149570608,0.0257335721693363,0.0296846514919931,0.0339085172987589,0.038324515922,0.0428321290460411,0.0473030038746215,0.0515712623436308,0.055450132542257,0.0587064713751868,0.0611001836714436,0.0624325515054912,0.0623917287319943,0.0608543043599684,0.0582963100881384,0.0531381572821871,0.045951459858245,0.0398366225740186,0.0554428119021859
"11",0.0142947463087863,0.0100792969429051,0.0118186806734673,0.01192646042587,0.0138378954887181,0.0164093243192227,0.0195515796269668,0.0231518369485023,0.0271753707604582,0.0315779726557921,0.0362934075400668,0.0412267318894385,0.0462453414645189,0.0511673665083557,0.0557792510676688,0.0598081528309336,0.0629660635159664,0.0650047492715512,0.0655506313988534,0.0644358691010643,0.0621496194874593,0.0569555667937519,0.049461488001214,0.043040037035077,0.0600925599433663
"12",0.0111727574813753,0.00798286232722639,0.00952259038307082,0.00989183404022032,0.0117403275119147,0.0142076921429986,0.0172480090395995,0.0207968276571229,0.0248451225069161,0.0293698450455069,0.0343205751073449,0.0396104881304978,0.0451059766679837,0.0506128402390906,0.0558943775708444,0.0606414896393863,0.0645210392648521,0.0672370000329449,0.0683556042453647,0.0676643326973548,0.0656613313371255,0.0604610066561076,0.0527024319730372,0.0460115894284012,0.0644220488736888
"13",0.00869678528130105,0.00630484813216683,0.00766125791774169,0.00820212416893507,0.00996408904873828,0.0123108653219923,0.0152324639060353,0.0187049417972686,0.0227428369553051,0.0273435367389953,0.0324729014747752,0.0380538907904482,0.0439544898674446,0.0499715446067009,0.0558489984347089,0.0612456195228444,0.0657870654489779,0.0691326851129396,0.0707919316517372,0.0705090309861563,0.0687876117471835,0.0636037083155792,0.0556227678410923,0.0487005911534142,0.0683534137774943
"14",0.00676735440474249,0.0049854093520387,0.0061796848310969,0.00682649011795378,0.00849211521046734,0.0107143791319558,0.0135125326506574,0.0168959187059438,0.0209000410830571,0.0255412699643563,0.0308013513231307,0.0366138116635607,0.0428500818388292,0.0493009673278618,0.0556947455315881,0.0616625409169605,0.0667935292011052,0.0707067303179088,0.0728597603475713,0.0729564758717282,0.0715032074622695,0.0663512963222386,0.0581878224634907,0.0510716429915725,0.071830840967891
"15",0.00529118354936351,0.00396711677635389,0.00502291642602622,0.00572981792386005,0.00729963376984863,0.00940294089092355,0.012082272324593,0.0153737664494281,0.0193310185195071,0.0239873796436709,0.029339371697816,0.0353310741992897,0.0418384754760217,0.0486486904099312,0.0554777242743171,0.0619336174207431,0.0675742287326822,0.0719833006689432,0.0745726568252923,0.0750098134413119,0.0738017635246899,0.0686907412633242,0.0603810879314523,0.0531061804262548,0.0748232274343326
"16",0.00418363561671769,0.00319674679408367,0.00413819789645961,0.0048749066776477,0.00635651123462392,0.00835282828554852,0.0109245042996849,0.0141287697731711,0.0180343468557946,0.0226892224624084,0.0281030622998627,0.0342298395160207,0.0409505476027917,0.0480503739915151,0.0552360219090247,0.0620968282428,0.0681646009401301,0.072993227112086,0.0759554112689581,0.0766871185510816,0.075694654597807,0.0706276846803205,0.0622039388095345,0.0548024875382071,0.0773245330436979
"17",0.0033700366514967,0.00262640479127013,0.00347654727077284,0.00422439962099106,0.00562958063181094,0.00753452297734708,0.0100136184774486,0.0131402969706868,0.0169955212830792,0.0216394297086693,0.0270928868107561,0.0333186409780116,0.0402026030567556,0.0475292484253988,0.0549984611309078,0.062184887207861,0.068599356524418,0.0737713351798077,0.077041246943978,0.078018656219005,0.0772084205614393,0.0721841860584296,0.063673768231689,0.0561741682164096,0.0793517760715391
"18",0.00278619856955195,0.00221415790949869,0.00299386416256712,0.00374244364342987,0.00508484112229229,0.00691538819396908,0.00931862726408032,0.0123800945276392,0.0161903206847219,0.0208191508770582,0.0262965888967384,0.0325927732010978,0.0395980616588833,0.0470969667674312,0.054784541853621,0.0622242641988415,0.0689106394805814,0.0743538605462066,0.0778686680350223,0.079043369105826,0.0783810735261997,0.0733951439979753,0.0648207634586515,0.0572472650239645,0.0809409332941309
"19",0.00237838425392101,0.00192430097390726,0.00265165446456918,0.00339605351653651,0.00468942611695539,0.0064622094882854,0.00880621494449739,0.0118157479420633,0.0155885396156751,0.0202018751659672,0.0256928881240286,0.0320376273539658,0.0391301966768601,0.0467555315398199,0.0546053840979846,0.062235037194643,0.0691267607175362,0.0747761190761165,0.0784782164126059,0.0798049412597579,0.0792576826918785,0.0743038119182941,0.0656837174922279,0.0580563938903927,0.0821412850714911
"20",0.0021030607043632,0.0017274698522194,0.00241757768468303,0.0031563145036077,0.00441343221819653,0.00614364948750666,0.00844378959706845,0.0114142687170899,0.0151579983269338,0.0197576983667095,0.0252557860533612,0.0316327772144193,0.0387857178448193,0.0465000932859473,0.054465489465228,0.0622314255497377,0.069271399077576,0.0750703720234068,0.0789091247379061,0.0803474670142205,0.0798852999914147,0.0749564911995588,0.0663049657989612,0.058639984911412,0.0830083463736344
"21",0.00192533103438298,0.00159977372002661,0.00226477856362613,0.00299827125055089,0.00423020677955701,0.00593092272535811,0.00820053443200507,0.0111435095492996,0.0148662849134195,0.0194553249042015,0.0249567294401668,0.0313541759354176,0.0385468533528609,0.0463207616164565,0.0543641322552427,0.0622226377594662,0.0693638233729684,0.0752653907623697,0.0791982580533911,0.0807138606555164,0.0803109451328089,0.0754003286871543,0.0667282249415032,0.0590382067149858,0.0836007334472464
"22",0.00182140051553266,0.00152480674752614,0.00217464046301159,0.0029043271060578,0.00412070482894922,0.00580321777649018,0.00805393205134297,0.0109797342615261,0.0146892080811635,0.0192711195050122,0.0247738517637279,0.0311830646373219,0.038399318309108,0.0462089922867589,0.05429954997304,0.0622143571442283,0.0694173425145132,0.0753817649727997,0.0793724819486285,0.0809357553647171,0.080569561984711,0.0756705592405902,0.0669862988645421,0.0592813044192669,0.0839627052394162
"23",0.00176286447541516,0.00148245129367369,0.00212351895206535,0.00285072830463541,0.00405796646458918,0.00572979409776217,0.00796938733410584,0.0108850176729815,0.0145865167775296,0.0191639982553765,0.0246671911017121,0.0310829334235114,0.0383126127156551,0.0461428594091196,0.0542607163375237,0.0622082247489782,0.0694472147704133,0.0754483527498367,0.0794729475321373,0.0810642195962045,0.0807196678214847,0.075827660488007,0.067136501929987,0.0594229227591384,0.0841737309881398
"24",0.00173836644127612,0.00146468865757188,0.00210202672936014,0.00282810737134811,0.00403141631006356,0.00569865201589595,0.00793345824450712,0.0108446922847155,0.0145427188649792,0.0191182298631329,0.0246215341850394,0.0310399804107626,0.038275317765642,0.0461142922428622,0.0542437742335674,0.0622052437766073,0.0694596356471961,0.0754765060631363,0.0795156410292126,0.0811189524207364,0.0807837265946124,0.0758947748519409,0.0672007160150291,0.0594835030521567,0.0842640449286327
"25",0.00173062056305708,0.00145906477690972,0.00209521084021622,0.0028209152909148,0.0040229599383424,0.00568871844079779,0.00792198304557998,0.0108317975602305,0.0145286975311699,0.0191035606970974,0.0246068828631963,0.0310261776982012,0.0382633121055745,0.0461050708813921,0.0542382706814797,0.0622042126704578,0.069463544931686,0.0754854673633605,0.0795292764746285,0.0811364627925644,0.0808042427998499,0.075916284477208,0.0672213059511255,0.0595029354789119,0.0842930241460328
