"","X0","X1","X2","X3","X4","X5","X6","X7","X8","X9","X10","X11","X12","X13","X14","X15","X16","X17","X18","X19","X20","X21","X22","X23","X24"
"1",0.0398765024851594,0.0241545446817996,0.0268264422837563,0.02938780741001,0.0338157322963851,0.0381241180400504,0.0423008476806808,0.0462076647814526,0.0495810088215447,0.0522474567635722,0.0540745253338682,0.0549643565173434,0.0548689183395151,0.0538011757068344,0.0518395765734981,0.0491670895741632,0.04582555493349,0.0420971997123806,0.0382580942538776,0.0346461146706101,0.0317609699121733,0.0265562234118206,0.0243642934301095,0.0208263278281721,0.034427454557712
"2",0.0342561217560372,0.0209094168261522,0.0234431106817694,0.0259781322905561,0.0302082361641696,0.0344468010816706,0.0386774939059415,0.0427685560966335,0.0464737635203376,0.0496149718488165,0.0520424959378125,0.0536325400601719,0.0543044465496867,0.0540325365460306,0.0528558193871811,0.0509339170569243,0.0482482388381895,0.0450810159601773,0.0417146347355,0.0385203152217442,0.0360592881981949,0.0305867874876068,0.0286242343734807,0.0248475576241395,0.0417395678510549
"3",0.0282854813332599,0.0174361541070997,0.0197854528022553,0.0222427665938838,0.0262043493356418,0.0303015770052243,0.0345181779586346,0.0387349251977838,0.0427301824985935,0.0463275053345568,0.0493653675926333,0.0516977010502221,0.0532127614898957,0.0538450039026306,0.053590537224211,0.0525838156491383,0.0507295762512215,0.0483077787367291,0.0456036307837283,0.0430239576085307,0.041196398751971,0.0354752053489365,0.0338933526702106,0.0298880488699064,0.0510202919030802
"4",0.0226832951743929,0.0141449587156956,0.0162741962514627,0.018595756119797,0.0222306519899049,0.0261080428969902,0.0302169910836733,0.0344568415123673,0.0386368107998177,0.0425908696752998,0.0461552468866885,0.0491707624681817,0.051502448065887,0.0530503981842879,0.0537707416477838,0.0537756524233277,0.0528817043115897,0.0513647741229816,0.0495078714507515,0.0477516024854542,0.0467861303243791,0.0408919314072912,0.0398735941110683,0.0357000688757239,0.0618786590151816
"5",0.0177061130411605,0.011187181983554,0.0130713865636625,0.015205376986878,0.0184690810486382,0.0220550072017183,0.0259619041182307,0.030112404816481,0.0343513308867611,0.0385316897621344,0.0424981240746662,0.0460896295667513,0.049158978013767,0.0515812618428753,0.053279740132795,0.0543510513859215,0.0545156559224992,0.0540453525173852,0.0532163637123647,0.0525000990763859,0.0526408025756076,0.0466804995717401,0.0464333578276011,0.0421829474686376,0.0741746599017625
"6",0.0134761155662182,0.0086404171439294,0.0102676010569476,0.0121753292718532,0.0150412750310991,0.0182798636469602,0.0219021971390783,0.0258568548623809,0.030026874203975,0.0342915283955178,0.0385140082331504,0.0425432824224256,0.0462324680123358,0.0494437232729634,0.0520780446551587,0.0542268924338974,0.055510925433604,0.0562004420914127,0.0565618329642697,0.0570942598238728,0.0585843152618508,0.0526854508894529,0.0534292264250077,0.0492168651799183,0.0877202065826991
"7",0.0100202580013372,0.00652891145922895,0.00790021729572357,0.00955926439815641,0.0120201776539324,0.0148761288590528,0.0181513362049998,0.0218207034801533,0.02580571403099,0.0300169143390379,0.0343444589872038,0.0386582074588371,0.0428244265609221,0.0467057955176345,0.0501941055630278,0.0533888600738262,0.0558117817902464,0.0577370720805416,0.0594205318396731,0.0613867804092027,0.0644510586347783,0.0587507101074233,0.0607022522800937,0.0566577365465668,0.10226659642739
"8",0.0072922026683292,0.00483462148734584,0.00596269963384657,0.00736718721808592,0.00943382497534277,0.0118937797058577,0.0147834104785526,0.0181022246795862,0.0218081291710227,0.0258453358986605,0.0301368559452682,0.0345823497912138,0.0390728760130296,0.043485036115809,0.0477155677057895,0.0518868981963792,0.0554269775846223,0.0586218780466414,0.0617186665683041,0.0652664570936797,0.0700948983059678,0.0647278705522585,0.068085291529751,0.0643428636420922,0.117512096992544
"9",0.00520110224688545,0.00351258463953206,0.00441885864740605,0.00557741511494681,0.00727542815396718,0.00934635603440698,0.0118364261016276,0.0147664103262659,0.0181267856405652,0.0218952531922154,0.0260307194070082,0.0304688386549868,0.0351348745143573,0.0399313833856248,0.0447738669084333,0.049822756889672,0.0544209843138859,0.058876284581787,0.0634313108848313,0.0686602433005359,0.0753936692636066,0.0704814877988814,0.0754089934249111,0.0720965113600954,0.133111455213544
"10",0.00363907434885215,0.00250603373196167,0.00321751946700807,0.00414979631198514,0.00551556270830495,0.00722103394130458,0.00931931083250445,0.0118481135058677,0.0148254073709927,0.0182600441671096,0.0221471294725984,0.0264615445894971,0.0311692948392026,0.0362085477478818,0.04152576791252,0.0473331838373561,0.0529000348182135,0.0585662467104304,0.0645762612005193,0.0715312413807909,0.0802510529203835,0.0758929182359048,0.0825079732903504,0.0797368494176244,0.148690057240816
"11",0.00249939643459676,0.00175670510211913,0.00230294259220303,0.00303564425718285,0.00411186789412532,0.00548729419168398,0.00721874334288718,0.00935624301448303,0.0119395957652315,0.0150049224326792,0.0185815446071976,0.0226840040632235,0.0273224888695755,0.0324774408277411,0.0381358767308255,0.0445730231267111,0.0509971607433459,0.057790428715801,0.0652062620629838,0.0738755735190739,0.0845983578289065,0.0808646876095273,0.0892289064709251,0.0870857217765378,0.163865168020413
"12",0.00168607262170979,0.00121057234761543,0.00162104946766024,0.00218421978929687,0.00301590507306848,0.00410367643051968,0.00550520847179432,0.0072784252243874,0.00947935030655787,0.0121666348474006,0.0154001788015892,0.0192322706184316,0.0237177830234225,0.0288828940976278,0.03476154927655,0.0416996370408638,0.0488574637323067,0.056667728004872,0.0654000662452948,0.0757180892357151,0.0883956340025223,0.0853245799995534,0.0954393754346162,0.0939799660804818,0.178271669826124
"13",0.00111773090782655,0.000820522713389863,0.00112277520782207,0.00154676998515585,0.00217794792437901,0.00302309547507836,0.00413845366466717,0.00558605320512744,0.0074330343131743,0.00975561673357375,0.0126396706075483,0.016171590259539,0.0204489385436178,0.025544054383759,0.0315407919643951,0.0388593441462019,0.046624280164832,0.0553246114272197,0.0652524478304765,0.0771065363561034,0.0916311468516931,0.0892282346134953,0.101035735119901,0.100282348500592,0.191588269100414
"14",0.000728539639656906,0.00054736941214542,0.000765781737094102,0.00107908307426029,0.00155044530089034,0.00219716732445102,0.00307247310635484,0.00423954706597906,0.00577236443766996,0.0077600364907865,0.0103094569818767,0.0135364311517082,0.0175773414091169,0.0225485307407312,0.028583551718072,0.0361765277966714,0.0444270413826676,0.0538830447045575,0.0648637282854489,0.0781043219655312,0.0943187231665318,0.0925594583687913,0.105948555642088,0.105890329552972,0.203560149543929
"15",0.000467251633690516,0.000359748199975433,0.000514973911128192,0.000742830942933506,0.001090262711111,0.00157943745610932,0.00225967794125858,0.00319326153072283,0.00445768353483869,0.00615089725822813,0.00839604443981073,0.0113332193427124,0.0151325624064748,0.0199503223794221,0.0259668607383567,0.0337462840094901,0.0423720136670432,0.0524503493394731,0.0643300826569772,0.0787828128756566,0.0964933833908167,0.0953283050294117,0.110145014673246,0.110741570646373,0.214015149284722
"16",0.000295241743659467,0.000233348293828714,0.00034221474897779,0.000505991855572151,0.000759888502922747,0.00112754127037037,0.00165408983389755,0.00239966896766857,0.00344294559050434,0.00488746903130224,0.00686837597753505,0.0095450139418157,0.0131156801516889,0.0177711978288182,0.0237338698045652,0.0316310310332339,0.0405367002537718,0.0511120202018563,0.0637357343409496,0.079214131233323,0.0982058506737525,0.0975672280980009,0.113627975486027,0.114815481430237,0.222871309705705
"17",0.000184218352423596,0.000149852327768819,0.000225600541585695,0.000342665455570172,0.000527862744540945,0.000804454251706917,0.00121357080932362,0.00181265006126676,0.00268004344000197,0.00392248617101395,0.00568357164151523,0.00813731541169876,0.0115045768037582,0.016004865174949,0.0218963466452105,0.0298609660476645,0.0389681304671923,0.0499280320953401,0.0631477678484544,0.0794652152208548,0.0995165840992766,0.0993258077168246,0.116431905330932,0.118130644925033,0.230134866416078
"18",0.000113998182263612,9.58153308171457e-05,0.000148538645992596,0.000232517805304768,0.000368654342487751,0.00057901044742101,0.000901180513783958,0.00138985362075346,0.00212227400904899,0.00320671630636739,0.00479246223979903,0.00706427266054986,0.0102603824935166,0.014623109710327,0.0204399184832116,0.0284378468561159,0.0376847838749859,0.0489326818705202,0.0626138820618105,0.0795936696433793,0.100489973748178,0.100664681349642,0.118616180615619,0.1207385079143,0.235889087273791
"19",7.05412035096846e-05,6.16139604267042e-05,9.878619491151e-05,0.000160035960297525,0.000262181632154061,0.00042587711669695,0.000685808271032136,0.00109419123042671,0.00172688053151504,0.00269267366073343,0.00414449618275822,0.00627467180566955,0.00933427941575401,0.0135829943970427,0.019331121980281,0.0273412322946381,0.0366814497033926,0.0481375171638915,0.0621629428239588,0.0796455978667256,0.101189222024651,0.1016493357952,0.120256637745527,0.122714229015417,0.240275682023376
"20",4.43366639117787e-05,4.05437442058653e-05,6.75645834339143e-05,0.000113749080926082,0.000193177768985398,0.000325224156842006,0.000542339425792511,0.000894721157215297,0.00145688745718121,0.00233761658118014,0.00369204857294201,0.00571760020251466,0.00867441567427671,0.0128347434063331,0.0185257870359721,0.0265366690022796,0.0359365323439258,0.0475369465066741,0.0618080607083562,0.0796552978693967,0.1016719566285,0.102343899292419,0.121435608262334,0.124144953136272,0.243469320738116
"21",2.90587295393701e-05,2.8013781397796e-05,4.86866494190367e-05,8.53241571120154e-05,0.000150245708718453,0.00026182137778397,0.000450905981334324,0.000766192583487071,0.00128110221798231,0.00210417452835908,0.00339181927992279,0.00534471011522099,0.00822904583948391,0.0123256634097337,0.017973518922928,0.0259803671501303,0.0354165256780296,0.0471120279008258,0.061549185891548,0.0796461521535508,0.101989004579898,0.102808841550678,0.122237600705677,0.12512444667072,0.245665564436508
"22",2.08457721892389e-05,2.1164265160638e-05,3.82240106256191e-05,6.93690551361989e-05,0.000125890450550242,0.000225491940206803,0.000398022613724582,0.000691199842735351,0.00117768990431719,0.00196578105449943,0.00321254281450711,0.00512052995209975,0.00795956910507306,0.0120157365931219,0.0176352596398199,0.0256375040936358,0.035093728176221,0.0468456363879979,0.0613833544261169,0.0796331723711296,0.10217672303782,0.103088398064809,0.122725977000144,0.125723885245001,0.247014304183345
"23",1.65307643763597e-05,1.75144107290386e-05,3.25850020247236e-05,6.06798880901818e-05,0.000112511139874068,0.00020537232527354,0.000368513300841656,0.000649057893135073,0.00111919470047569,0.00188701751265272,0.00310992700762903,0.00499152350091247,0.00780371360367679,0.0118356213642573,0.0174377511960167,0.0254363391621591,0.0349032926294557,0.0466872988070261,0.0612832156714426,0.0796222456714578,0.102283418169292,0.103249295257218,0.123009922167045,0.126073770433502,0.247803688421426
"24",1.48077553879294e-05,1.60427813988918e-05,3.02937319746608e-05,5.71245022946493e-05,0.000107004827964469,0.000197047194592383,0.000356241606293325,0.000631451219214732,0.00109464994580817,0.00185383515840759,0.00306653438944018,0.00493678102728202,0.00773736175790743,0.0117587025780054,0.0173531484626511,0.0253499033199629,0.034821180007312,0.0466187037450365,0.0612394072945101,0.0796166428095455,0.102328322681391,0.103317578182176,0.123131228243275,0.126223627668882,0.248142379109277
"25",1.42799605205059e-05,1.55889979372791e-05,2.9583521068787e-05,5.60172771246605e-05,0.000105283361778982,0.000194435056350643,0.000352378294826876,0.00062589121675073,0.00108687670857803,0.00184329842934235,0.00305272146344187,0.00491931508295873,0.00771614616977081,0.0117340578917167,0.0173259878455505,0.0253220979966754,0.0347947050386104,0.0465965195000552,0.0612251504075656,0.0796146498058535,0.102342571184047,0.103339366173281,0.12317010618064,0.126271736746783,0.248251235688761
