"","X0","X1","X2","X3","X4","X5","X6","X7","X8","X9","X10","X11","X12","X13","X14","X15","X16","X17","X18","X19","X20","X21","X22","X23","X24"
"1",0.148370045748473,0.147846992421332,0.138196500307235,0.119329707268505,0.100805604096525,0.0836220975612662,0.0679938535258428,0.0539387566993043,0.0415868317901678,0.0310870796468346,0.0225060954243304,0.0157779001228516,0.0107150094727656,0.00705355391496473,0.0045041390771231,0.00279197893292872,0.00168105754439371,0.000983680885601761,0.000559654440875705,0.000309703238424389,0.000166767355269501,8.74600029127486e-05,4.48383189896322e-05,2.32177539038999e-05,1.7474449177346e-05
"2",0.142297186702358,0.142496281569587,0.134357010054152,0.117449421706349,0.100641531259417,0.0847368455694254,0.0699138771835222,0.0562459431716989,0.04395498817061,0.0332909444064845,0.0244141263464101,0.0173356882535139,0.0119242382586381,0.00795085613013246,0.00514309182332455,0.00322985447383578,0.00197049998201999,0.00116855883105711,0.000673931354818917,0.000378146335360039,0.000206535561277322,0.000109918364340768,5.72290137644284e-05,3.014965042064e-05,2.31458274806226e-05
"3",0.127560842716767,0.129382203207961,0.124736494877715,0.112458740483301,0.0997939721554463,0.0870716835831591,0.0743463430826,0.0617812034913781,0.0497850936256605,0.0388312272275022,0.0292998591280082,0.0213926277618376,0.0151239465616805,0.0103615778744686,0.00688515268697366,0.00444092980215844,0.0027823832975647,0.00169439578570007,0.00100347928756021,0.000578260982146503,0.000324434542852954,0.000177444774359314,9.5031866757126e-05,5.16382007725907e-05,4.10329956677769e-05
"4",0.106885816011179,0.110654999996092,0.110463383319084,0.104344620791983,0.0974101757632105,0.0893317361614361,0.0799069647731069,0.069313872891638,0.0581274028031036,0.0470723370177287,0.036811941422234,0.0278186076879279,0.0203333375752181,0.0143893763532632,0.00986859814403188,0.00656502734707242,0.00423968728663175,0.00265986456441085,0.00162217754492778,0.000962337976436483,0.0005557494925333,0.000312899468315103,0.000172606291662302,9.68322720143611e-05,7.96470447558895e-05
"5",0.0841924032352321,0.0895614992522395,0.0935004302311493,0.0935281927051454,0.0926685358108878,0.0899180929151122,0.0846836336121874,0.0769825119321482,0.0674025917027225,0.0568238762904856,0.046159015216932,0.0361689517705753,0.0273718085531602,0.0200301598706695,0.0141895359372991,0.00974091351738834,0.0064860414750974,0.00419249004436524,0.00263278876610788,0.00160749721957717,0.000955172876679636,0.000553320968183585,0.000314194129916861,0.000181814866902807,0.000154527099832336
"6",0.0626158248133784,0.068825646859852,0.0756886655725248,0.080670231816524,0.0851580272987413,0.087629654848885,0.0870393045831885,0.0830492276286925,0.0760294949266845,0.0668179073048282,0.0564466652474476,0.0459082739178703,0.0360013894860359,0.0272612767105158,0.0199589712881844,0.0141450809839841,0.00971422779452421,0.00647094902299291,0.00418488921854265,0.00263003865152696,0.00160802159320113,0.000958426121036142,0.000560184140665835,0.000334302157605493,0.000293318012564414
"7",0.044095990340491,0.0503061224805263,0.0585563135808899,0.0666846116755995,0.0750687520996256,0.0819549811995968,0.0859161112814681,0.086147649964391,0.0825837250003763,0.0757763628133874,0.0666713430338535,0.0563568701194135,0.045851557518132,0.0359654766076521,0.0272390028880694,0.019945804066557,0.0141381288133533,0.00971172896545243,0.00647187516100973,0.00418862367144909,0.00263632049290652,0.00161741893898631,0.00097345263237571,0.000599242266587823,0.000542534387846848
"8",0.0294555625455185,0.0349978651087113,0.0432396938258641,0.0526431656796783,0.0631606630279636,0.0731383585040939,0.0809741723654859,0.085439356835668,0.0859211541258345,0.0824744741353266,0.0757206825494224,0.0666407956015657,0.0563391246935679,0.0458410942451943,0.0359596470911878,0.0272365336860592,0.0199462449393997,0.0141415639463742,0.00971847447561401,0.00648219467429691,0.00420284909101171,0.00265588354496692,0.00164697048039636,0.00104627489082133,0.000977199935973884
"9",0.0186828939286094,0.0231790972549961,0.0304359601356461,0.039581798127458,0.0505495654013508,0.0620562028283784,0.0725999890280919,0.0807255581501674,0.0853295166774524,0.0858733704112472,0.082453110472047,0.0757104796269902,0.0666356304498389,0.0563366728390821,0.0458406507747119,0.0359613775920646,0.0272412447719783,0.019955196525879,0.0141560860128626,0.00973952477673006,0.00651059086994116,0.00424109921898419,0.00271186769844883,0.00177887466266568,0.00171364176437502
"10",0.0112604599682484,0.0146156059421539,0.0204012017515679,0.0282958401709588,0.0384038072951253,0.0499493523793128,0.0617737437102174,0.0724745391401974,0.0806729804162698,0.085308382515986,0.0858649705206911,0.082449728424669,0.0757092753880404,0.0666358550592711,0.056338647366769,0.0458455441801382,0.0359712183001806,0.0272587495730736,0.0199831369822999,0.0141964657610032,0.00979387058841619,0.00658297330189346,0.00434422616100266,0.00294433893902088,0.00292508616348996
"11",0.00645338839075232,0.00877530860717799,0.0130149621050944,0.0192139721899203,0.0276669465635663,0.0380938920959423,0.0498080749133388,0.0617129295780784,0.0724500085649295,0.0806636695299979,0.0853050480300249,0.0858639731011206,0.0824499666227599,0.0757109310281438,0.0666401251985542,0.0563479432526742,0.0458637388887392,0.036003439530915,0.0273102836682176,0.0200578943363094,0.0142972079274466,0.00992691811562996,0.00676785605225004,0.0047428622832966,0.00485865942511684
"12",0.00351894747450371,0.00501814410241849,0.0079008194134033,0.0123894507934095,0.0188949997594209,0.0275148566776014,0.0380266397108886,0.0497798988952544,0.0617018952761388,0.0724460073395135,0.0806624220902742,0.0853050377310992,0.085865095024064,0.0824531903876982,0.0757185980208129,0.0666565947383532,0.0563801592927604,0.0459209596947977,0.0360953826376925,0.0274443514054684,0.0202390318936084,0.0145348042694943,0.0102493971459568,0.00743271137627062,0.00785060484909384
"13",0.00182681809790235,0.00273406884444265,0.004564524418585,0.00758746362148426,0.0122356069303663,0.0188240353415553,0.0274844154036883,0.038014205542664,0.0497751564706382,0.0617002721458651,0.0724456953813491,0.080663020049787,0.0853071603713647,0.0858706635683892,0.0824662956127226,0.0757467563664985,0.0667118226285604,0.056478643111564,0.0460800188736114,0.0363286169411606,0.0277604624106254,0.0206512221190952,0.0150817551066699,0.0113272384048315,0.0123340622365761
"14",0.000903400641158735,0.00141981665308626,0.00251043035015818,0.00441513870074971,0.00751685227609525,0.0122041125413182,0.0188109396652739,0.0274792025015778,0.0380122813877678,0.049774595995521,0.0617004667281514,0.0724469091665967,0.0806665985673197,0.0853163921505119,0.0858923751730529,0.0825130344251485,0.0758387001272158,0.0668764405878414,0.0567458815209218,0.0464740603922524,0.0368643385181154,0.0284550407355101,0.0215526546288784,0.0167787696265945,0.0188315669391795
"15",0.000425777307640157,0.000703044098204207,0.00131494629828374,0.0024426158528706,0.0043842800297033,0.00750355299102577,0.0121987604330346,0.0188088716948761,0.0274784917946582,0.0380122182388411,0.0497751842910904,0.061702506404321,0.0724526947353986,0.0806814683325268,0.0853513840562432,0.0859678406004261,0.0826618974625636,0.0761062344038578,0.0673128527578512,0.0573926850303942,0.0473557433033349,0.0380006579569,0.0298973987514512,0.0241450275054229,0.0279238656690774
"16",0.00019132693527858,0.000332058334925155,0.00065624230311337,0.00128561876207352,0.00242977006799691,0.00437893537398313,0.00750147725272511,0.0121979944810014,0.0188086745428538,0.0274787128288881,0.0380132501503221,0.0497784261655812,0.0617116045157367,0.0724760407657149,0.0807364236304391,0.0854700610652152,0.0862024661787222,0.083084925451408,0.0767991954293972,0.0683443766748787,0.058801276576542,0.0491591865135415,0.0402389981114976,0.0337357295974798,0.0401872282906816
"17",8.19952849631829e-05,0.000149641493821844,0.000312171940018998,0.000644155884702305,0.00128052399524707,0.00242772627205405,0.00437817509273017,0.00750122882992406,0.0121980308257015,0.0188091359075796,0.0274803478722551,0.0380182568474003,0.0497924042031979,0.061747405994443,0.0725602776704826,0.0809184335494299,0.0858304128511636,0.0868537195756372,0.0841551796355431,0.0783974646649901,0.0705279986767566,0.0615758234283425,0.0525245303190457,0.0457408759241991,0.0560940832603676
"18",3.35194782266886e-05,6.43548289211565e-05,0.000141594271747392,0.000307424585472611,0.000642230741898392,0.00127978151386733,0.0024274693676012,0.00437813267043449,0.00750140667342813,0.0121987789043629,0.0188116351702511,0.0274879170489458,0.0380392868054448,0.0498461182434039,0.0618736042296954,0.0728328223558572,0.0814582369232635,0.0868071925074985,0.0884620396042842,0.0865611007910271,0.0816809596272746,0.0746628125089323,0.0664724521845785,0.060148815906768,0.0758803130568117
"19",1.30714472327713e-05,2.64145161587262e-05,6.12532832093549e-05,0.000139817120676815,0.000306731955050256,0.000641976624885378,0.00127971160835953,0.00242752202551341,0.00437844555545359,0.0075025510236639,0.0122025225635706,0.0188228716290378,0.0275189518842691,0.0381182313206203,0.0500310808674632,0.0622723525034165,0.0736218504274934,0.0828857677943987,0.0891585920356646,0.0919794171503395,0.0913473201143696,0.0876444417935782,0.0815490400173108,0.0766708841929251,0.099399180545336
"20",4.86222299670851e-06,1.03473480544347e-05,2.52760339350745e-05,6.06194677730659e-05,0.000139580639239922,0.000306653698992948,0.000641979805492408,0.00127983204565619,0.00242801106499394,0.00438016310520416,0.00750808399327527,0.0122189546967973,0.0188678954366746,0.0276327877685184,0.0383837121523349,0.0506013944227455,0.0633978778736762,0.0756542905447018,0.0862285735454384,0.0941486734784647,0.0987355414638537,0.0996610197507755,0.0969911147922724,0.0946955278498019,0.125997226798328
"21",1.72480828034008e-06,3.86796357714376e-06,9.94946887105094e-06,2.50610099709498e-05,6.05442612946389e-05,0.00013956566501747,0.000306696144526135,0.000642180374700127,0.00128058184359163,0.00243057687015265,0.00438828275224434,0.00753186190533682,0.0122833804915375,0.0190293335454808,0.0280065638244995,0.03918190095593,0.0521688663010616,0.0662166163548495,0.080272836499536,0.0930925796568265,0.103373738255583,0.109923909151771,0.11188600245181,0.113293843931858,0.154449535511691
"22",5.8330593102814e-07,1.37942379149094e-06,3.73573689748423e-06,9.88068509731311e-06,2.50414625798007e-05,6.05566980611917e-05,0.000139647398564891,0.000307018391859912,0.000643334796280797,0.00128442353945209,0.00244246359062493,0.00442245468459881,0.00762305357670657,0.0125090361179825,0.0195463291981492,0.0291007676973068,0.0413141254013732,0.0559769991352195,0.0724161266029557,0.0894210629825662,0.105265579103177,0.117891131387105,0.125307511876541,0.131294806825874,0.182992950381301
"23",1.87991478562533e-07,4.69221573869325e-07,1.33798129536778e-06,3.71639809860369e-06,9.88278004858161e-06,2.50769304080168e-05,6.07017590492952e-05,0.000140177621775378,0.000308833315952978,0.000649158683611984,0.00130191049248051,0.0024915010517409,0.0045506429157166,0.00793482424361611,0.0132129429869711,0.021017438187711,0.0319358378722575,0.0463271341995033,0.0640606856803136,0.0842243351231846,0.104932188294872,0.123406178540765,0.136482125580836,0.147434060213901,0.209488651932834
"24",5.78057273718294e-08,1.52499352522293e-07,4.58219649344357e-07,1.33790906205923e-06,3.73764174109864e-06,9.96617118146453e-06,2.53690231944547e-05,6.16765446270349e-05,0.000143280160347112,0.000318212344523689,0.0006759758929262,0.00137415594284909,0.00267422929532127,0.00498308084988387,0.00888905676218521,0.0151686852749725,0.0247231565961382,0.038389976693442,0.0565883790414647,0.0788342814287366,0.103303388144744,0.126727509791782,0.144913322062338,0.16052288299095,0.231667670912858
"25",1.73508186456134e-08,4.85903511684312e-08,1.54434114546017e-07,4.75988861500788e-07,1.40356856787003e-06,3.95371392556401e-06,1.06468037500939e-05,2.74324135549698e-05,6.76888365575825e-05,0.000160071434201303,0.000363001362747467,0.000789621449780759,0.00164727780292772,0.00329315827707146,0.00629944212905832,0.0115033877325582,0.0199891895537238,0.0329192797226508,0.0511363138471496,0.0745464254520912,0.101481259296145,0.128405922102433,0.150391699536428,0.16956987716221,0.24739225143832
