"","X0","X1","X2","X3","X4","X5","X6","X7","X8","X9","X10","X11","X12","X13","X14","X15","X16","X17","X18","X19","X20","X21","X22","X23","X24"
"1",0.121476291576491,0.129103242122301,0.127548040288979,0.117956283031826,0.102818625577218,0.0873852674837206,0.073071551930355,0.0597532660043065,0.0477351549570801,0.0372407912388175,0.02834805543146,0.0210404605923269,0.015219186714691,0.0107248120174741,0.00736217928754094,0.00492361708009342,0.00320868852957607,0.00203835313863009,0.00126272725760918,0.000763173657214123,0.000450337066434289,0.000260507612816493,0.0001469489812037,8.2693679279346e-05,7.97447425527785e-05
"2",0.117768480057438,0.125378103971375,0.124397114203777,0.115771025212734,0.101785605718769,0.0873985460529706,0.0738978664216023,0.0611341487736593,0.0494168861846137,0.0390067590687197,0.0300366493736964,0.0225477065521477,0.0164922730980605,0.0117508023027087,0.0081554158797183,0.00551420245054427,0.00363329919436179,0.00233378525894765,0.00146199686017186,0.000893676054516749,0.000533463685538811,0.000312317866741253,0.00017832175086952,0.000101672030307225,9.9881976008372e-05
"3",0.108605801456088,0.116144491498793,0.116516876309869,0.110205458758735,0.0990145068245011,0.087197740835319,0.0757328922151316,0.0643995160849438,0.0535031913868758,0.0433796727673902,0.0342846815519248,0.026394351521042,0.0197855612363315,0.0144395855253111,0.010260603946036,0.00710100597416681,0.00478805446807558,0.00314688872841562,0.0020169695540293,0.00126144143802507,0.000770508253800082,0.000461869647601265,0.000269976596202235,0.000157832981284006,0.000160520440105231
"4",0.0953203750037578,0.102682625192737,0.104845044358622,0.101699320742786,0.0944156446402086,0.0862773288958675,0.0778260600813088,0.0687183471192825,0.0592149936244052,0.0497173441722901,0.0406237942660425,0.0322846782839478,0.0249503573972073,0.0187526064321426,0.0137113226915488,0.00975695966992572,0.00676055986732716,0.00456369153166835,0.0030030712187903,0.00192764619880867,0.0012082503900824,0.000743524732235096,0.000445950022974546,0.000267879128347575,0.000282624337683664
"5",0.0799966493956643,0.0870278548260142,0.0909547597527001,0.0911223523352,0.0880779896901837,0.0840752250138042,0.0791835770668363,0.0728908042547831,0.0653437697813957,0.0569455572914172,0.0481946187539077,0.0395993439028877,0.031591890068523,0.0244802490815042,0.0184344177506835,0.0134980930091913,0.00961647509396072,0.00667019532503132,0.00450748501998445,0.00296995365904454,0.00191034569102243,0.00120679332910048,0.000742535347617105,0.000458143985209647,0.000500920574330038
"6",0.0644209063286632,0.070941491829717,0.0762489524121659,0.0793071681487786,0.0801732557037707,0.0801801342231684,0.078972192459901,0.0758449776545596,0.0707563806378931,0.0640138390123748,0.0561243820032793,0.0476878567417965,0.0392839653739827,0.0313929724373006,0.0243534999274966,0.0183536064915247,0.0134472843334725,0.00958571255017811,0.00665318954848419,0.00450040074947296,0.00297093170507786,0.0019268838796446,0.00121630178725365,0.000770798129582757,0.000872915930457087
"7",0.0498829152395936,0.0557233233352633,0.0618318405212924,0.067006183456162,0.0710037417435251,0.0744496989153633,0.0766742273630546,0.0767945305782747,0.074527593030097,0.0699865846541266,0.0635726159892408,0.0558745146392145,0.0475463378433732,0.0392028337362241,0.0313458507240245,0.0243262625673401,0.0183387564725078,0.0134409351802692,0.00958603531774738,0.00665971036715211,0.00451403465578082,0.00300731772679989,0.00194812171826741,0.00126839640204668,0.00148763782325538
"8",0.0371798913908535,0.0422136802365846,0.048507650674923,0.054893001175985,0.0610164847322539,0.0670454236664361,0.0721432017701276,0.0753056071947845,0.0760033498751831,0.0740882841092672,0.0697493226318802,0.0634478269593979,0.0558101414517378,0.0475135513626275,0.0391867184697395,0.0313392013781959,0.0243259634212308,0.0183439378022803,0.0134520373768539,0.00960449056815067,0.00668844782789888,0.00458021738236712,0.0030464465118641,0.0020387306285535,0.00247639140081977
"9",0.0266884456843466,0.0308537565613608,0.0368037457786871,0.0435457901900154,0.0507622539492115,0.0583939847409415,0.0655899164178829,0.071315826212263,0.0748458463251307,0.0757584095710372,0.0739619268977744,0.0696867497174909,0.0634184474252421,0.0557977264602304,0.0475103138830508,0.0391895487564892,0.0313475635175112,0.0243409325629599,0.0183676673735188,0.0134877046218674,0.0096573139110748,0.00680316419355303,0.00464884799115279,0.0031992838952272,0.00402483336197694
"10",0.0184563115124117,0.0217612972183914,0.0269947989037276,0.0334114240545556,0.0408139944329946,0.0490933913278471,0.0575116626803023,0.0651092953252182,0.0710585393660881,0.0747137275516156,0.0756928911650036,0.073931415205984,0.0696744623924061,0.0634160808230398,0.0558019832196895,0.0475208324081094,0.0392078308734852,0.0313766234395524,0.0243849571309134,0.0184321229902908,0.0135809747522648,0.00985078926803526,0.00692012229023548,0.00489991417030386,0.00638455749753042
"11",0.0123003286894188,0.0148137422958829,0.019134925285192,0.0247726422348872,0.0316756624986801,0.039791945696166,0.0485787762545286,0.0572433932025975,0.0649710798286506,0.0709902385469472,0.0746814576327779,0.0756795729591105,0.0739287394983543,0.069679104177893,0.0634278663860598,0.0558229296990629,0.0475547405256978,0.0392603546572858,0.0314549108940431,0.0244978046428576,0.0185923776036432,0.0138993857884199,0.0100449743983528,0.00732187956063304,0.00988116704285367
"12",0.00790320602773091,0.00973535959808691,0.0131050313263172,0.0177382834098834,0.0237116119142688,0.031072338668715,0.0395026612843131,0.0484348063166876,0.0571723257662154,0.0649377284206274,0.0709760578489825,0.0746780857546465,0.0756838931066699,0.0739408544455447,0.0697015764811049,0.0634654902476007,0.0558827507876595,0.0476464199274864,0.0393955256560775,0.0316472005195088,0.0247661331944769,0.0191037544298335,0.0142135005538573,0.0106709844918292,0.0149144198218725
"13",0.00489767325843533,0.00617836344483478,0.00867110624404025,0.0122619047270722,0.017113682732518,0.0233678795312213,0.0309153549170247,0.0394283639113906,0.0484000940331024,0.0571576272027318,0.0649337078417485,0.0709796013541643,0.0746895716393695,0.0757063868022714,0.0739800930392856,0.0697662749872693,0.0635676419830621,0.0560381800911246,0.0478734620752455,0.039714588020169,0.0320850027308617,0.0255672961113968,0.0195985696563449,0.0151627116575121,0.0219448620077998
"14",0.00292868474430518,0.00378766349113384,0.00554297472066329,0.00818178733413794,0.0119075260789278,0.0169244885602173,0.0232855656597779,0.0308786060748945,0.0394127238876823,0.0483954399739452,0.0571601540325516,0.0649437647142636,0.0710005276954015,0.0747278130466472,0.0757720913432162,0.0740878883980891,0.0699357432478433,0.0638239152689379,0.0564093186911211,0.0483889680724499,0.0404104262386848,0.0333088052451593,0.0263258589876569,0.0209980065664174,0.0314612579258713
"15",0.00169063152651765,0.00224385167644034,0.00342362108059716,0.0052697463891316,0.00798788268224369,0.0118068788020752,0.0168828415774501,0.0232684353786903,0.0308729343221244,0.039414059957475,0.0484035461141604,0.057178224090531,0.0649784436290393,0.0710628562012167,0.0748344557759206,0.0759466112243503,0.0743612739296004,0.0703467823249941,0.0644142861788068,0.0572200648200297,0.049465784122605,0.0422320177317807,0.0344396365959752,0.0283301264265145,0.0439250074417261
"16",0.000942557843417306,0.00128495651226788,0.00204348206741089,0.0032767362725175,0.00516739583767357,0.00793617586291407,0.0117867238062985,0.0168758426350701,0.0232683386081238,0.0308788539144334,0.0394285140016712,0.0484327773507073,0.0572332568945208,0.065076937301294,0.0712311016919205,0.0751092225285928,0.0763755266310796,0.0750024933559207,0.0712602995964426,0.0656548065163953,0.058841509255225,0.0521060064121669,0.0438699126186431,0.0372253410785858,0.0596912314067034
"17",0.000507720256808006,0.000711530853774951,0.00117891719784319,0.00196742773288062,0.00322464252885432,0.00514185332805542,0.00792716332279077,0.0117851467533111,0.0168795505743829,0.0232790158804823,0.0309017395439729,0.0394737352640744,0.0485174975990913,0.0573846590097546,0.0653352125209398,0.0716519484639179,0.0757637241069442,0.0773482960196925,0.0763770469040379,0.0731060252528618,0.0680289433194993,0.0625650652287607,0.054408672625764,0.0476230036705513,0.0789114620409502
"18",0.000264335166832309,0.000381100537024696,0.00065753641129701,0.00114099414589559,0.00194192360489205,0.00321269707379239,0.00513865545519833,0.00792890524374848,0.0117923506395931,0.0168962066571605,0.0233136035126057,0.0309696525495344,0.0396007368508244,0.0487441703849968,0.0577706637877487,0.0659624668219308,0.0726234028562541,0.0771986797391342,0.0793588852985384,0.0790461236128377,0.0764840849860919,0.0731347134264079,0.0657037702240496,0.0593033774313114,0.101430963582296
"19",0.000133057082764104,0.00019749103188074,0.000354641750341091,0.000639357562704849,0.00112908899332901,0.00193692873810983,0.00321274250294945,0.0051430157643363,0.00794016279445909,0.0118170268264597,0.01694697278532,0.0234130140999086,0.0311552508602341,0.0399313904929106,0.0493058879730974,0.0586803565065174,0.0673646792695404,0.0746808861362588,0.0800561622159227,0.0831078217473165,0.0837132891754586,0.083285140411122,0.0772776923842959,0.0718738172727568,0.126704125622003
"20",6.47744559170557e-05,9.90477999464261e-05,0.000185026458187325,0.000346320851757094,0.000634222807936331,0.00112769918844023,0.0019391268527145,0.00321980033867295,0.00515948240732521,0.00797566301747671,0.0118897392952746,0.0170889889640697,0.0236775229687465,0.0316252121218731,0.0407271407480715,0.0505891744839472,0.0606476459435038,0.0702303783528301,0.0786238196694638,0.0851664212321278,0.0893633355086204,0.0925054216639739,0.0885737604252163,0.0847830501580283,0.153757224285876
"21",3.05079023912767e-05,4.80970490698378e-05,9.34312880199862e-05,0.000181479254256503,0.000344532098977928,0.000634876641280752,0.00113176365390653,0.00194945402488009,0.00324315063105763,0.00520942547797349,0.00807752211764198,0.012087953626645,0.0174568351823039,0.024328535671268,0.0327226589664235,0.0424876971016206,0.0532709398405813,0.0645227340256391,0.0755090614866559,0.0853784931040799,0.0932926500660916,0.100383672174513,0.0990247291201119,0.0973676777469956,0.181222121747611
"22",1.39122082624776e-05,2.2635924464115e-05,4.5723761300884e-05,9.21640818104923e-05,0.000181422641482263,0.000346618739708801,0.000640991437789663,0.00114631838160921,0.00198190042932256,0.00331206903034706,0.00534919908508263,0.0083480915677726,0.0125874894672075,0.0183361733257468,0.0258023319230749,0.0350716482565162,0.0460390472875216,0.0583564191253328,0.0713755609349351,0.0841605401898071,0.0956011360290716,0.106673222449087,0.108131556433792,0.108928288992053,0.207455538296898
"23",6.1577015821598e-06,1.03570987935994e-05,2.17727598181546e-05,4.55878663211248e-05,9.31697312198043e-05,0.000184861891367673,0.000355314930897279,0.000661146487158386,0.00119074466780441,0.00207545828253809,0.00350034853935324,0.00571100522517845,0.00901134650142864,0.0137466867299885,0.0202646252418724,0.0288514511988532,0.0396408465760548,0.0525155009867285,0.0669805092813551,0.0821072858516048,0.0966045365678455,0.111324517224948,0.115533660608654,0.118823171582435,0.230739936466197
"24",2.6731410277565e-06,4.66409674634416e-06,1.0234084514603e-05,2.23290486207389e-05,4.7545611607031e-05,9.83426780663486e-05,0.000197240414794014,0.000383395447241348,0.000722091483072128,0.00131737336476876,0.00232718955906505,0.0039786293859382,0.00657844493761875,0.0105117158197029,0.0162170198385916,0.0241292478668977,0.0345782161483996,0.0476587316976352,0.0630463567391497,0.0798753355872532,0.0967568082715297,0.114464236347623,0.121038876925439,0.126541492137569,0.249491809367125
"25",1.19813934363881e-06,2.18311675044304e-06,5.02995266467149e-06,1.15005250101709e-05,2.56504672687875e-05,5.55787982621071e-05,0.00011680602399551,0.000237945582960588,0.000469591245313624,0.000897266779633876,0.00165867124555017,0.00296376617806686,0.00511351546567497,0.00850975599972542,0.0136422227754264,0.021039469032913,0.0311651403887078,0.0442701339920396,0.060169240706488,0.0780692721415968,0.0965416679701796,0.116320431230481,0.124593399608948,0.131722718190208,0.262397844442789
