"","X0","X1","X2","X3","X4","X5","X6","X7","X8","X9","X10","X11","X12","X13","X14","X15","X16","X17","X18","X19","X20","X21","X22","X23","X24"
"1",0.221284609554354,0.144209882113872,0.117894475404696,0.10654340314271,0.0916796600365187,0.076303263115245,0.0619713419028015,0.0491319951633959,0.0379795498788673,0.0285765784894514,0.0209034657149548,0.014856145980604,0.0102570547674566,0.00688115144348866,0.00448742702065774,0.00284606145602383,0.00175639695525916,0.00105521353964087,0.000617476579191893,0.000352179741752831,0.000196184932387111,0.000106474468139958,5.75131593094725e-05,3.06211309354418e-05,2.18743082847183e-05
"2",0.213800600733511,0.140038362186473,0.115436993874545,0.105352466636148,0.0917211242181824,0.0773230375403875,0.0636293115326135,0.0511058823792777,0.0400083609442453,0.0304761206254076,0.0225634324575415,0.0162279085839498,0.0113375475520031,0.00769658482886629,0.00507922078011689,0.00326020548451503,0.00203646008154456,0.00123853929768541,0.000733815557672375,0.000423870443001771,0.000239235733329232,0.000131571875098142,7.21123079127764e-05,3.8927811324408e-05,2.83065346462055e-05
"3",0.195410838072517,0.129688395215961,0.109191566075766,0.102136947728233,0.0915109445845832,0.079558265541636,0.0675215904843589,0.0558838249087763,0.0450261522472904,0.035259481717598,0.0268117564478405,0.0197921209198412,0.0141856707776046,0.00987606146749889,0.00668244316199197,0.00439707228293683,0.00281531743662081,0.00175496360789485,0.00106575571450747,0.000631054184203863,0.000365287364317324,0.000206011403739273,0.000116026553079311,6.4235216687811e-05,4.82168845137367e-05
"4",0.169018521483331,0.114575559272359,0.0996891595995854,0.0967608572317186,0.0903748368656523,0.082026007942585,0.0725905192794967,0.0625087797635898,0.0522768028797311,0.042404309938014,0.0333444052331874,0.0254203762346244,0.0187965117622766,0.0134889604140323,0.00940125219881124,0.00636797542116272,0.0041948858612219,0.00268915515356843,0.00167882264823089,0.00102168076662033,0.000607968312697455,0.000352288867624517,0.000204249955677693,0.000116093580239669,9.00193339596352e-05
"5",0.139043245125083,0.0969670931115968,0.0879675046015841,0.0893218295379757,0.0875879356869771,0.0834550672167712,0.0773324546771932,0.0695066050718903,0.0604915149341442,0.0509342562974987,0.0414923096082391,0.0327170983491593,0.024988968070745,0.0185032579823397,0.0132935352721498,0.00927425630770287,0.00628787326960812,0.00414600028186007,0.00266089090167729,0.00166414806665388,0.00101782719044485,0.000605740498423881,0.000361364655145142,0.000210696665043299,0.000168526620090722
"6",0.109201891883126,0.0788399390826486,0.0750387149023975,0.080068921878864,0.082671522845942,0.0828209369722526,0.0804246264575221,0.0754941737409709,0.0684127327019329,0.0598327096888444,0.050526287515743,0.041232188812557,0.0325481478426803,0.024878860234152,0.0184322748415035,0.0132488477846798,0.00924732493521304,0.00627266516369235,0.00413922379945295,0.00266062366864426,0.00167276177320898,0.00102242695583389,0.000627607187920791,0.00037523411655363,0.000309355213660529
"7",0.0820669665304649,0.0616713253498976,0.0618233550491229,0.0694556413586336,0.0755467661917261,0.0795552888515022,0.0809379092767228,0.0793537487789717,0.0749079527264288,0.068093211680392,0.0596548721800827,0.0504236611039787,0.0411708732201139,0.0325108295750314,0.0248563459163636,0.0184194163001627,0.013242865255287,0.00924615590366179,0.00627645291496684,0.00414843689921313,0.00268240393346868,0.00168444557203835,0.00106433459609588,0.000652489843313707,0.00055425099235651
"8",0.0590872040598798,0.0464330283952423,0.049126773608266,0.0581249289496164,0.0665545872756685,0.0736095310032386,0.0784302072231647,0.0803288381921251,0.0790416279951143,0.0747519008576048,0.0680150931263127,0.0596147948827998,0.0504024665570932,0.0411596760927825,0.0325055972323195,0.0248553684230626,0.0184225274781739,0.0132495235185051,0.00925869976079978,0.00629684942021591,0.0041905043907788,0.00270496221432361,0.00176034241928382,0.00110664839162867,0.000968318531996631
"9",0.0407832040390618,0.0336472331100614,0.0375980675552359,0.0468160178746065,0.0563625984866442,0.065408473717791,0.0729650384241678,0.0780941746231147,0.0801649392057165,0.0789649991957115,0.0747169483998451,0.0679993752909017,0.0596081277999328,0.0504006439922886,0.0411613149462744,0.032510750463669,0.024865526135841,0.0184378275145216,0.0132747482696033,0.00929735149367574,0.00637356593155767,0.00423168247333087,0.00283829789826029,0.0018299792688507,0.00164911388933325
"10",0.0269971603806418,0.0234617362364595,0.0276815810418761,0.0362311007933193,0.0457999043241968,0.0557170977565078,0.0650554729885193,0.07278643842943,0.078010274377815,0.0801276831162354,0.0789493979207128,0.0747112050720317,0.0679985863383982,0.0596108120887622,0.0504070844998116,0.0411729385528331,0.0325308761840175,0.024894859860164,0.0184848322873497,0.0133449656026037,0.00943310988922809,0.00644661940013574,0.0044597857863415,0.00294949156692983,0.00273698550567643
"11",0.017146779272444,0.0157393171360792,0.0195905598938487,0.0269141332630463,0.0356742057306227,0.0454537176475814,0.0555325686660302,0.064964512497147,0.0727450431601026,0.0779927725544382,0.0801212508094156,0.0789484235372379,0.0747139337501063,0.0680054084944581,0.0596235425529322,0.0504288633623735,0.04120983944982,0.0325844682651367,0.0249794836930367,0.0186088524566593,0.0135789187974907,0.00955949686580002,0.00682672241079158,0.00463196064113527,0.00442522509226296
"12",0.0104538147474788,0.0101577246538605,0.0133209961241654,0.0191810293500931,0.0266236985342536,0.0354973448907956,0.045361748746032,0.05548835594713,0.0649450729944571,0.0727374833378852,0.0779910974261293,0.080123419228052,0.0789547943589762,0.0747266429998729,0.0680282614546703,0.0596623280496133,0.0504940991102372,0.0413046353851724,0.032732433361614,0.0251927733685842,0.0190015504084299,0.013792142221437,0.0101762638202936,0.00708491713113948,0.00696737234962425
"13",0.00612091642254721,0.00630674976168877,0.00870139084842506,0.0131130585565773,0.0190367749699625,0.0265375926459356,0.0354536795100899,0.045341347288659,0.0554799044408862,0.0649426221450063,0.0727388104748257,0.0779964130763773,0.0801349340253415,0.0789768381409007,0.0747660438691246,0.0680950853857731,0.0597742092384261,0.0506568811851807,0.041556140467591,0.0330896265298633,0.0258346455791041,0.019352142721913,0.0147661475058591,0.0105504837688747,0.0106775614410645
"14",0.0034438217038405,0.00376757203063527,0.00546040402329101,0.00860085264945062,0.0130447797955417,0.0189968197717908,0.0265178876445499,0.0354448799860385,0.0453383095071692,0.0554803692883831,0.0649465920661041,0.0727483013624768,0.0780158175487406,0.0801717859388987,0.0790427128183297,0.0748778364616613,0.0682815438687842,0.0600458507401932,0.0510726273459267,0.042138573758965,0.0341109116525875,0.0263960853388832,0.0208480988467273,0.0152888088427361,0.0159187570082921
"15",0.00186285977016289,0.00216588292462592,0.00329254331335677,0.00541408877420592,0.00857004597513713,0.013027126703121,0.0189884438267007,0.0265145631430772,0.0354446380570626,0.045340940977957,0.0554874997342371,0.0649622008749492,0.0727798187264372,0.0780756327042457,0.0802788399168163,0.0792245185688131,0.0751799832033938,0.0687222032957095,0.0607141821672,0.051996972122769,0.0437195761401814,0.0349858219849738,0.0286288704202236,0.0215487880511895,0.0230739586234509
"16",0.000969296619887935,0.00119841619009425,0.00190824853026093,0.00327220934924282,0.00540084711146134,0.00856265960912045,0.0130239008535859,0.0189877302742435,0.0265160735196048,0.0354495253067445,0.0453524439639597,0.0555121876926879,0.0650119383646591,0.0728742805509797,0.078244888796251,0.0805663972979539,0.0797006631630519,0.0758748685423851,0.0697666952970051,0.0621411413189969,0.0543766966862796,0.0450449778201708,0.0382214953102722,0.0295256937548312,0.0324967240762666
"17",0.00048536966585344,0.00063835618121432,0.00106336161526105,0.0018997446111639,0.0032668076668781,0.00539798856204783,0.00856174753417144,0.0130245992855899,0.0189907853950102,0.0265238649713228,0.0354672981251212,0.0453904103392046,0.0555886554521792,0.0651572484180587,0.0731348076230312,0.0786874369092469,0.0812962304618949,0.0807658249540116,0.0774613688521463,0.0719082364072193,0.0656215931781299,0.056326498611558,0.049593200151889,0.0393083895416673,0.0444401754861261
"18",0.000233994082282701,0.000327400045421307,0.000569928693227635,0.00105998392034843,0.00189768814611098,0.00326589564528765,0.00539819253816265,0.00856348315064675,0.0130294668387119,0.0190025923807066,0.0265505761568646,0.0355242637899751,0.0455050986686936,0.0558065759157179,0.0655479043918747,0.0737977769581579,0.0797757383450032,0.0828833348114541,0.0831072625218243,0.0805841432686249,0.0768508592239179,0.0684039145227082,0.0625206980324123,0.0508234042183172,0.0589698237335444
"19",0.0001086428327688,0.000161704316339245,0.000293900575313866,0.000568671265084666,0.0010593087733088,0.00189763908529301,0.00326678828282658,0.00540100681931233,0.00857075423645043,0.0130468648327107,0.0190418121198381,0.0266340768908328,0.0356921778218709,0.0458238361592618,0.0563773423577205,0.066514708296944,0.0753763078533043,0.0820737449419764,0.0862393236324771,0.0875285001694472,0.0873940914455534,0.0806972969895069,0.0765670038943646,0.0637887721371502,0.0758757242703407
"20",4.85936261581848e-05,7.69216885938094e-05,0.000145869397360523,0.00029348840417076,0.000568572347745227,0.00105971807591632,0.00189915441830299,0.00327096544631435,0.00541156085657964,0.00859584677625593,0.013103229942479,0.0191614883488475,0.0268741702739296,0.0361469299412817,0.0466363168945921,0.0577493991631721,0.0687407420757255,0.0786076003395225,0.0867415721756245,0.0923111567736208,0.0966230828203048,0.0925383981909781,0.0910936417823729,0.0776937480340406,0.0946078322061078
"21",2.09429448906333e-05,3.52472751924265e-05,6.97073714714632e-05,0.00014579442577457,0.000293667410514102,0.000569339506918591,0.00106198087228473,0.00190517446583128,0.00328601244087388,0.00544710898991932,0.00867529332849313,0.0132711694876185,0.0194970634129425,0.0275073807915137,0.0372739701884041,0.0485310588479795,0.0608003247120903,0.0731506575779615,0.0849031467697331,0.0948221974908997,0.104072190816807,0.103268692973292,0.105315986927001,0.0918178372201977,0.114258053751392
"22",8.69973065952289e-06,1.55635569557791e-05,3.20961363287987e-05,6.97859922037437e-05,0.000146170854442034,0.000294840233488721,0.000572611478770219,0.00107053837234233,0.00192634336527326,0.0033356055040008,0.00555713569648508,0.00890635382110886,0.0137301014854118,0.0203581327287291,0.0290313996642367,0.0398202606002159,0.0525943890868271,0.0666394165111136,0.0813790903019108,0.0953156269907762,0.109536136812157,0.112351307130583,0.118400318116492,0.105297617857895,0.133610457971591
"23",3.48664535498809e-06,6.63176679003221e-06,1.4270277215679e-05,3.22816122637934e-05,7.03847495830455e-05,0.00014790270676614,0.000299543302631855,0.000584709456178427,0.00110006523417675,0.00199471340700617,0.00348572746721527,0.0058694701278065,0.00952142456266222,0.0148748866353739,0.022368538118932,0.0323627814179755,0.0450796741512353,0.0600943928766713,0.0770576316700331,0.0943611893368256,0.113108824337621,0.119465101665455,0.129586344245438,0.117238370128178,0.151271654100608
"24",1.35609199372358e-06,2.74809059151777e-06,6.18564559493565e-06,1.459903824933e-05,3.32413392585081e-05,7.30352536659976e-05,0.000154874295175541,0.00031701878027606,0.000626430617544636,0.00119484301259947,0.0021993631247839,0.00390522497141462,0.00668457286629366,0.0110199365256324,0.0174760475098056,0.0266288643611903,0.0389971991611438,0.0544410694542986,0.0728819904459964,0.0927155493481657,0.115138306331727,0.124535832269965,0.138284505244157,0.126828592257613,0.165838613962861
"25",5.3307032348898e-07,1.15906212322374e-06,2.74689231212331e-06,6.80725043455471e-06,1.62934507138919e-05,3.76761581812e-05,8.41758646126356e-05,0.000181700108935592,0.000378841773149072,0.000762576011208998,0.00148085064108037,0.00277147909343894,0.00499275520654112,0.00864446509220462,0.0143597786606451,0.0228497597719217,0.034838119742014,0.0504016254173556,0.0696909785725769,0.0911549441253975,0.116103170507905,0.127677954748438,0.144101250547265,0.133411072019075,0.176049286212145
