"","X0","X1","X2","X3","X4","X5","X6","X7","X8","X9","X10","X11","X12","X13","X14","X15","X16","X17","X18","X19","X20","X21","X22","X23","X24"
"1",0.0987028432596683,0.107145512499891,0.118003982509831,0.115116239788247,0.107121241132624,0.0935912700579803,0.0797135662799034,0.0662494979914416,0.0537781267990389,0.0426863366802331,0.033120254281803,0.0250977202516762,0.0185651915642302,0.0134014497258275,0.00943863167552627,0.00648572872968087,0.00434855310945152,0.00284546735710964,0.00181763268958386,0.00113385757233444,0.000691156295825521,0.000412336813572363,0.000240614653100015,0.000141717536157374,0.00015107074526057
"2",0.0957109959089603,0.104079007687007,0.115021809727993,0.112790243386611,0.105662715300213,0.0931127964825702,0.0800832596489071,0.0672626845171029,0.0552050148659678,0.0443098314180893,0.0347628763800212,0.0266322952723937,0.0199138714630416,0.0145286165123136,0.0103406417257142,0.00718012239421399,0.00486452171973607,0.00321644944554929,0.00207624598245013,0.00130893809531842,0.000806469125075909,0.000486440959532818,0.0002870472514746,0.000171251446697413,0.000185853283044141
"3",0.0883148744042035,0.0964748120397108,0.10757523859765,0.106904968325207,0.101870697067449,0.0917190814161074,0.0807961393298618,0.069607907636267,0.0586357626870258,0.0482970894867411,0.0388629895993536,0.0305170907932414,0.0233728624180787,0.0174555996982834,0.012711243605819,0.00902659232357571,0.0062524091475839,0.00422571676671402,0.00278774432512013,0.0017960166750801,0.00113086720566725,0.000697279635637136,0.000420660277921102,0.000257350096262893,0.00028900644143601
"4",0.0775837459890607,0.0853802100565449,0.0965756590588512,0.0980091114854841,0.0958730532611312,0.0891301819227729,0.0812822837905876,0.072565960275336,0.0633316597947646,0.0539877202227189,0.0448956416345038,0.0363819519326245,0.0287179691475477,0.0220783901020762,0.016534063890948,0.0120645825507854,0.00858085427928775,0.00595149678583377,0.00402729096269584,0.00266035186951713,0.00171714133738297,0.00108540396414854,0.000671169527043408,0.00042218862352095,0.000491917534828906
"5",0.0651938661671825,0.0724638747914525,0.0835357696709017,0.0871115456878664,0.0880672797411445,0.0851174721550915,0.0808313663950938,0.075132803726426,0.0681817890530451,0.0603179270570717,0.0519478615440124,0.0435165459769837,0.0354502328223399,0.0280881856073777,0.0216528659831916,0.0162478336991991,0.0118739153935223,0.00845583911197267,0.00587144495802324,0.00397791131461604,0.00263244800747907,0.00170598720587095,0.00108123395576942,0.000699300586122911,0.000844699388239897
"6",0.0525833682167659,0.0591715750747024,0.0697961382768499,0.0751482952711156,0.078876457710682,0.0795530354555872,0.0788646133634428,0.0764268810874829,0.0721633105510314,0.066269318369138,0.0591151127859785,0.0511955347599605,0.0430473887756408,0.0351569235105863,0.027903656216556,0.0215362940476469,0.016174432372464,0.0118285334281322,0.00842914881579902,0.00585778051692542,0.00397492008265833,0.00264140420136778,0.00171600158962377,0.00114132591922396,0.00142854960063479
"7",0.0407933582347371,0.046573236319105,0.0563988890107379,0.0629196438138132,0.0687595704463371,0.0724888916993616,0.0750594179516886,0.075830154563726,0.0744722021482379,0.0709703498880567,0.065564552366495,0.0587041010710616,0.0509586775626312,0.042911596422414,0.0350789493729663,0.0278589682188498,0.0215113210496609,0.0161618829816341,0.0118247072764071,0.00843253441273798,0.00586984679725364,0.00400147232859988,0.00266569749718265,0.00182421387693726,0.00236576468936414
"8",0.0304709242357591,0.0353645949059126,0.0440877019829159,0.0510925164948638,0.0582238067505897,0.0641857718819725,0.0693957889009739,0.0730462951714359,0.074582014272403,0.0737433616933344,0.0705610518035951,0.0653390398873891,0.0585827177867285,0.0508948156363043,0.0428789365953755,0.0350634907363674,0.027853734585374,0.0215133115492182,0.016170378812433,0.0118405094191046,0.00846016569367276,0.00592021638695965,0.00404649730868542,0.00285111073340591,0.00383124677522222
"9",0.0219260346690228,0.0259156901528808,0.0333351259246317,0.040197466901326,0.0478000445032153,0.0550838499367251,0.062140907334086,0.0681092871303862,0.0722753419897887,0.0741487202464247,0.0735101219387056,0.0704383288951502,0.0652767972877337,0.0585529716037349,0.0508825656380434,0.042876895128434,0.0350687682284572,0.0278660535967609,0.0215340347550443,0.0162022228711503,0.0118916378574057,0.00854863332572084,0.00599890109743249,0.00435518700559548,0.00606441198214012
"10",0.0152039595138139,0.0183314287067828,0.0243725669272675,0.030612207713485,0.0379868958022789,0.0457276054608957,0.053782943499034,0.0613485313699907,0.0676494511520369,0.0720260191749633,0.0740196988407506,0.0734451889708736,0.0704077299729512,0.0652648451355168,0.0585520062980256,0.0508897213329291,0.0428922090136074,0.0350942774679108,0.0279052695633771,0.0215919878450395,0.0162922163149702,0.0120421681133475,0.00868210411211372,0.00649993536890219,0.00937903232913223
"11",0.0101628534856407,0.0125182965882267,0.0172270149153257,0.0225480144089268,0.0291878335594789,0.0366694368151999,0.0449299763304716,0.0533121599088866,0.0610838303920653,0.0675111008439813,0.0719575089364832,0.0739873910942375,0.0734324950358963,0.07040683714802,0.0652729650397048,0.0585695798836991,0.0509194934061546,0.0429389094494998,0.0351642953937662,0.0280068967354198,0.0217459476861621,0.0165419820345004,0.0122628239920036,0.00947507903179872,0.0141672778844467
"12",0.00655085843239809,0.00825483065979118,0.0117697258679102,0.0160545687308985,0.0216659495361792,0.0283801324957953,0.0361974996292219,0.0446598662510729,0.0531651140168596,0.06101012050022,0.067476926289573,0.0719438663677099,0.0739860355843787,0.0734407928989965,0.0704256665996649,0.0653059166190245,0.0586226762172233,0.0510012406584053,0.0430599221879235,0.0353375746095525,0.0282636239918057,0.0221503198628518,0.0168976002411977,0.0134861472267512,0.020893024524591
"13",0.00407367425871231,0.00525783603928139,0.00777236149589118,0.0110462718251944,0.0155290511243608,0.0211879255046595,0.0281104004016514,0.0360477368431317,0.0445811532547586,0.0531278949255477,0.060995282670786,0.0674747519860295,0.0719515571526636,0.0740048404524344,0.0734751020655272,0.0704829308472514,0.0653968088858106,0.0587613445384748,0.0512045663816262,0.0433475640684027,0.0357548871161665,0.0289022500721257,0.0227088129411831,0.0187361892008622,0.0300688059474639
"14",0.00244496951122953,0.00323578288615334,0.00496124483524088,0.0073432294092182,0.0107448026746536,0.0152557446501092,0.0210389309771909,0.0280302170586733,0.0360074583776083,0.0445642125676781,0.0531244620662829,0.0610016573765107,0.0674921661344809,0.0719849587369948,0.0740629082172575,0.0735707485880547,0.0706337753509642,0.0656254480244738,0.0590937687067496,0.0516694943325752,0.0440086451984011,0.0367382812823595,0.029756455707258,0.025399198210864,0.0422114391190142
"15",0.00141694995524869,0.00192472810323318,0.00306146261238887,0.00471630646188577,0.00717660449581069,0.0105937891814576,0.015176252478464,0.0209977002241577,0.0280111277330393,0.0360020819786645,0.0445686570384856,0.0531393329882932,0.0610319202109549,0.0675472157422666,0.072079452235878,0.0742178224025277,0.07381405366751,0.0710004504541903,0.0661543112885957,0.0598252890578238,0.0526895846966442,0.0454842466498732,0.0380097822224789,0.0335867055790591,0.0577741725410647
"16",0.000793262648128528,0.00110693068738682,0.00182657637669945,0.00292682362389412,0.00462754690814606,0.00709599172781254,0.0105529803074028,0.0151563090585429,0.0209903906115296,0.0280131467221344,0.0360136482583016,0.044594107720651,0.0531879528009735,0.0611191561724728,0.0676963680959157,0.0723233245436547,0.0745994475949749,0.0743860027630688,0.0718189351425494,0.0672741702964642,0.0613575754815382,0.054845713200308,0.0473247749199083,0.0433112632321269,0.077057601105411
"17",0.000429175426164548,0.000615700607822119,0.00105390303687698,0.00175525922970324,0.00288127360219463,0.00458606466345493,0.00707610416846666,0.0105446039862298,0.0151560348836532,0.0209983606312708,0.0280329445951255,0.0360536182567652,0.044669198630809,0.0533221325922968,0.0613481124817403,0.0680698146164988,0.0729055236812372,0.075467076723758,0.0756178543328957,0.0734861309035149,0.0695133026002247,0.0644232725543244,0.057434321094568,0.0544527842137104,0.100107432486691
"18",0.000224473396173706,0.00033131806789321,0.000588180061320183,0.00101749812934796,0.00173279552373085,0.00286085563139442,0.00457729867893716,0.00707425426912769,0.0105493383917104,0.0151702002529831,0.0210289310849832,0.0280932225451249,0.0361662738501085,0.0448700949645114,0.0536642632447619,0.0619046010932836,0.0689337890120329,0.0741854005484748,0.0772695241821201,0.0780305178610301,0.0766672576760427,0.0737517142449823,0.0679573511008438,0.0667356932811663,0.126615152907911
"19",0.00011353964246621,0.000172531715735927,0.000317593590980986,0.000570295414553221,0.00100694776464736,0.00172343338634153,0.00285806890627486,0.00457961260283639,0.00708356393134627,0.0105710902506645,0.0152153509412035,0.0211172635696264,0.0282578742645062,0.0364592944721624,0.0453678787885799,0.0544711870891521,0.0631515256718888,0.0707691093000132,0.0767482056186372,0.0806613168959328,0.082421072729352,0.0823601424277474,0.0784303877501289,0.0797258776368294,0.155846835638389
"20",5.55542396778872e-05,8.69704966842676e-05,0.000165967091237656,0.00030918671921611,0.000565726321082736,0.00100334171560188,0.00172411689371318,0.00286370329976238,0.0045940535064781,0.00711519264207599,0.0106358722576031,0.01534156736139,0.0213518997399583,0.0286742875367661,0.0371643659134928,0.0465060633650396,0.0562205568792156,0.065708358316386,0.0743075033512918,0.0813766207774222,0.0865430583189983,0.0898429386014294,0.0883597591173079,0.0928545383643129,0.186628797173852
"21",2.63053225747613e-05,4.24570776113543e-05,8.39852947936268e-05,0.000162265365467358,0.000307598568934516,0.000565227149736288,0.00100644790010315,0.00173312175027734,0.0028845372330811,0.00463868565575743,0.00720597266448342,0.0108120191617288,0.0156678204014876,0.0219286549631654,0.0296465721175219,0.0387258095529349,0.0488909740389447,0.0596792637500642,0.0704490890080983,0.0804333033594044,0.0890176193071544,0.0959258656053222,0.097286228387425,0.105470107051933,0.217410069311992
"22",1.20637533924791e-05,2.00936348958305e-05,4.1210452670715e-05,8.25838872807903e-05,0.000162234262940665,0.00030900880209554,0.000570529780297568,0.00101945674942324,0.00176221304739248,0.00294616373778898,0.00476323692092396,0.00744636872360017,0.0112549920271029,0.0164467674079352,0.0232343130214657,0.0317300608851901,0.0418847873363597,0.0534325253340189,0.0658398089315057,0.0783076086565589,0.0900517923185971,0.100509807760645,0.104848930265372,0.116913279840033,0.24641016246251
"23",5.37228165123593e-06,9.24948267295133e-06,1.96886301751351e-05,4.096769970956e-05,8.35159713675492e-05,0.00016515784229458,0.000316798081735254,0.000588665169505021,0.0010593253516068,0.00184584993358843,0.00311387633789898,0.00508460641750537,0.00803441655439438,0.0122817784547916,0.018155302367126,0.0259393879158206,0.0357961387631508,0.0476730676924047,0.0611952307747215,0.0756068670562756,0.0900318311379735,0.103677510425621,0.110832533549936,0.126602583419154,0.271840278688917
"24",2.34843202740889e-06,4.19395663985078e-06,9.29388908736516e-06,2.01448557400108e-05,4.27661400172097e-05,8.81387064901275e-05,0.000176333061388133,0.000342085558077576,0.000643324180506372,0.00117244509595724,0.00206996430807669,0.00353856962601813,0.00585358555944045,0.00936348035233078,0.0144709399216324,0.0215855051307512,0.0310393714081672,0.0429704618169389,0.0571684718628011,0.0729603511947485,0.0894403040843365,0.105654691924704,0.115174587113792,0.134094972236084,0.292113669584245
"25",1.0615618003672e-06,1.97940753635444e-06,4.59346969974063e-06,1.04299573307504e-05,2.3179628613615e-05,5.00236049189465e-05,0.000104804783139551,0.000212930686943206,0.000419273021587751,0.000799634487164131,0.00147608531164795,0.002635036320312,0.00454464510712472,0.00756494615300474,0.0121394402468189,0.018755508823745,0.0278598672672548,0.0397281037224819,0.0542800335093769,0.0709236499620829,0.0887571958126276,0.106731685651936,0.11792219318778,0.139092613263914,0.305961085051156
