"","X0","X1","X2","X3","X4","X5","X6","X7","X8","X9","X10","X11","X12","X13","X14","X15","X16","X17","X18","X19","X20","X21","X22","X23","X24"
"1",0.159018369519948,0.130037722808688,0.153258490432561,0.130571086586866,0.117848949682257,0.0960640248870524,0.0758174346347828,0.0526581884169194,0.034510829190919,0.0220212655982562,0.0132237816301255,0.0075123478192087,0.00390234729684349,0.00196060530506756,0.000930178567910817,0.000409250612365525,0.000164095713740478,6.14024283463739e-05,2.12368301527491e-05,6.4143191901857e-06,1.59592316636411e-06,3.24451818249933e-07,5.02209643735295e-08,6.47588435429914e-09,6.46964006029258e-10
"2",0.142888287227187,0.122427785457918,0.147745524080327,0.130989745445644,0.120419514622268,0.100132525537769,0.0802010106159107,0.0572750593244109,0.0386460045431719,0.0251980110389349,0.0154912032854778,0.00902558664740442,0.00486312526249316,0.00251656908599862,0.00123162543938686,0.000564406201373502,0.000239138558200333,9.44772977317693e-05,3.45921284550625e-05,1.14475560583549e-05,3.32543301611682e-06,8.31605613872703e-07,1.71035703252868e-07,2.8512620652258e-08,4.05692410643099e-09
"3",0.108470131183202,0.103094822210421,0.132734008871957,0.129205981060196,0.124929183283614,0.109101416847622,0.0906389495474575,0.0685613446252788,0.0490662333927758,0.0335470176288619,0.0216364161805862,0.0132385087413493,0.00760124941102812,0.00415875621707078,0.00215082568552178,0.00105022149087079,0.000481647778742013,0.000206662822892751,8.22613026577181e-05,3.01992854432661e-05,1.01389946371817e-05,3.04275896113533e-06,7.82665785719371e-07,1.66066091488246e-07,3.19469736001942e-08
"4",0.0697233171220286,0.0759294694543117,0.108203349313715,0.120231411271949,0.126361836878902,0.118887160960204,0.104399096128481,0.0844752808489022,0.0645696244908285,0.0467946020798691,0.0319567191682425,0.0206479830900887,0.0126067343003223,0.00731188755949287,0.00401013766121002,0.00207787238648657,0.0010175152346287,0.000469393095519194,0.00020213865743503,8.0651449103212e-05,2.97499994139884e-05,1.00577271493941e-05,3.031035720982e-06,7.82123284973364e-07,1.97962707924415e-07
"5",0.0385669029810947,0.0486422523012985,0.0782114069059366,0.101196354474865,0.119148403085458,0.123556753553417,0.116869550496667,0.101535700603925,0.0827853874733026,0.0637004485052688,0.0461800499530814,0.0315811703112029,0.020402757080653,0.0125045092767028,0.00725974647824127,0.00398472986056966,0.00206659817837603,0.00101345480984442,0.000467906900750123,0.000201611382372618,8.05112418392912e-05,2.97281617676931e-05,1.00548960089932e-05,3.03100291598161e-06,9.80084436475707e-07
"6",0.0185816964032789,0.0272010875245482,0.0495671559276744,0.0748625057945531,0.100866274165924,0.118001394117126,0.122800254805045,0.115693551748456,0.10090912435379,0.0824998796377456,0.0634950093086581,0.0460569085224888,0.0314981056412162,0.0203722262144055,0.0124890245726242,0.00725225176456007,0.00398142451397065,0.00206545492464293,0.00101303797224309,0.000467758977054492,0.000201573539680488,8.05060759538103e-05,2.97275121856693e-05,1.00548965545871e-05,4.01108561639295e-06
"7",0.00786187955700954,0.0133529962820776,0.0275428438753083,0.0481828991427834,0.0747867887188067,0.100449430944475,0.117751505712906,0.122370551828762,0.115488719999941,0.100828628495906,0.0824403796512755,0.0634602125760935,0.0460323345443233,0.0314905815237273,0.0203684362047412,0.0124872061116668,0.00725145412701031,0.00398116351043583,0.00206536008906866,0.00101300427537191,0.00046775075852607,0.000201572615126945,8.0505960317612e-05,2.97276030162799e-05,1.40658913201413e-05
"8",0.00293634196515308,0.00578008888764074,0.0134689233703966,0.0270442186892583,0.0481730350910637,0.0746512022416573,0.100376011269649,0.117610962545478,0.122310903946066,0.115468997117756,0.100813469307276,0.0824317803763735,0.0634537571703361,0.0460308212359949,0.0314898260801731,0.0203680781354398,0.0124870495996897,0.00725140694064314,0.00398114643421228,0.00206535401131445,0.0010130028814995,0.000467750647075095,0.000201572601195574,8.0507656758934e-05,4.37917978950993e-05
"9",0.000970243632578191,0.00221295439880711,0.00581607983772875,0.0133119058011503,0.0270455539344137,0.0481335007345479,0.0746319225561809,0.100334836417883,0.117595402681271,0.122306632032275,0.115465537561178,0.100811573309758,0.0824302483298313,0.0634535124092441,0.0460307004792616,0.0314897698357846,0.0203680534551259,0.0124870430278772,0.00725140457130322,0.00398114558957354,0.00206535382912516,0.00101300287321104,0.000467750646039037,0.000201590725426977,0.00012428133042263
"10",0.000283458428015674,0.000750103474283932,0.00222306589264107,0.00577285111364552,0.0133132746630709,0.0270352471697953,0.0481289723956979,0.0746211559082073,0.100331197558254,0.117594565379911,0.122305911585017,0.115465155860139,0.100811240797652,0.0824302171105821,0.0634534972520498,0.0460306936027954,0.0314897667664921,0.0203680527908616,0.0124870427890053,0.00725140448605535,0.00398114557198186,0.00206535382878634,0.00101300287316869,0.000467888742104993,0.00032573395978365
"11",7.29774819802402e-05,0.000224784105598664,0.000752637542056178,0.00221269725628238,0.00577338480948216,0.0133108920811582,0.0270343047671579,0.0481264817540076,0.0746204004689888,0.100331046459711,0.117594427678408,0.122305840552408,0.115465090078697,0.100811237683129,0.082430215630078,0.0634534966051072,0.0460306933046925,0.0314897667220979,0.0203680527749181,0.0124870427833123,0.0072514044849075,0.00398114557197608,0.00206535383740526,0.00101381610359461,0.000792809462843084
"12",1.64406274052809e-05,5.93401872433507e-05,0.000225339508816101,0.000750491064297333,0.00221284649963882,0.00577290394658599,0.0133107219907669,0.0270338028450142,0.0481263455705939,0.0746203756490504,0.100331022816292,0.117594415684589,0.122305828992109,0.115465089837621,0.100811237571052,0.0824302155831364,0.0634534965826219,0.0460306933029844,0.0314897667214847,0.0203680527746991,0.0124870427832685,0.0072514044849075,0.00398114601761064,0.0020691366882693,0.00180284226993909
"13",3.20331885170886e-06,1.37049064442216e-05,5.94442215839948e-05,0.000224961745865647,0.000750523863682459,0.00221276345494312,0.0057728780535502,0.0133106355958336,0.0270337821245186,0.0481263419898313,0.074620372140624,0.100331021052182,0.117594413946156,0.122305828978429,0.115465089831361,0.100811237568514,0.0824302155818834,0.0634534965825937,0.0460306933029743,0.0314897667214811,0.0203680527746984,0.0124870427832685,0.00725141251285992,0.00399554724213512,0.0038575697057315
"14",5.30788535847276e-07,2.73706669935737e-06,1.37211657011896e-05,5.93889761222982e-05,0.00022496753163387,0.00075051191396687,0.0022127602703389,0.00577286568302857,0.0133106330479365,0.0270337816952095,0.0481263415631933,0.0746203719269488,0.100331020839442,0.117594413945666,0.122305828978206,0.115465089831272,0.100811237568469,0.0824302155818834,0.0634534965825937,0.0460306933029743,0.0314897667214811,0.0203680527746984,0.0124871249135993,0.0072981428575863,0.00780630447280946
"15",7.29302392094706e-08,4.64898280754063e-07,2.73910549103437e-06,1.37147155835739e-05,5.93897795285839e-05,0.000224966159049196,0.000750511619623396,0.00221275885857022,0.00577286544755032,0.0133106330086145,0.0270337816559308,0.0481263415435482,0.0746203719073189,0.100331020839434,0.117594413945663,0.122305828978205,0.115465089831272,0.100811237568469,0.0824302155818834,0.0634534965912133,0.0460306933460725,0.0314897668366395,0.0203686523685594,0.0126218838055163,0.0149690886777415
"16",7.97720623232238e-09,6.55212448128088e-08,4.65089492340646e-07,2.73854256526187e-06,1.37147976550938e-05,5.93896617757977e-05,0.000224966140593369,0.000750511499409833,0.00221275884380556,0.00577286544508955,0.0133106330061537,0.0270337816547004,0.0481263415423178,0.0746203719073189,0.100331020839434,0.117594413945663,0.122305828978205,0.115465089831272,0.100811237568469,0.0824302160188983,0.0634534987762879,0.0460306991845918,0.0314931434159677,0.020724242274533,0.0272319975373473
"17",6.52682037820789e-10,7.35560148469104e-09,6.55333677321388e-08,4.65056063385662e-07,2.73854812906612e-06,1.37147907792889e-05,5.93896610971767e-05,0.000224966133627081,0.000750511498866936,0.00221275884371508,0.00577286544499906,0.0133106330061085,0.0270337816546552,0.0481263415423178,0.0746203719073189,0.100331020839434,0.117594413945663,0.122305828978205,0.115465089831272,0.100811245142167,0.0824302538873894,0.0634535999608962,0.0460456130753818,0.0323587081168278,0.0470756145934325
"18",3.65514269586286e-11,6.17138746556883e-10,7.35605100897436e-09,6.553219407367e-08,4.65056280201059e-07,2.73854789130022e-06,1.37147907684524e-05,5.9389660857966e-05,0.000224966133618412,0.000750511498865491,0.00221275884371363,0.00577286544499834,0.0133106330061078,0.0270337816546552,0.0481263415423178,0.0746203719073189,0.100331020839434,0.117594413945663,0.122305828978205,0.115465163470776,0.10081161333969,0.0824312377111698,0.0635074492045476,0.0479891151572606,0.0774355457239226
"19",1.22133893539992e-12,3.53445366494625e-11,6.1714597087e-10,7.35603294819157e-09,6.55321976858265e-08,4.65056276588902e-07,2.73854789130022e-06,1.37147907648403e-05,5.9389660857966e-05,0.000224966133618412,0.000750511498865491,0.00221275884371363,0.00577286544499834,0.0133106330061078,0.0270337816546552,0.0481263415423178,0.0746203719073189,0.100331020848054,0.11759441399738,0.122306337414251,0.115467705318978,0.100818404952213,0.0825983398425029,0.0675577589898122,0.121197407007477
"20",1.80607827923374e-14,1.20327815260758e-12,3.53445366494625e-11,6.1714597087e-10,7.35603294819157e-09,6.55321976858265e-08,4.65056276588902e-07,2.73854789130022e-06,1.37147907648403e-05,5.9389660857966e-05,0.000224966133618412,0.000750511498865491,0.00221275884371363,0.00577286544499834,0.0133106330061078,0.0270337816546552,0.0481263415423178,0.0746203723184749,0.10033102331499,0.117597087245988,0.122319687819559,0.115503367781847,0.101286868166582,0.0905050360386039,0.180328317591942
"21",0,1.80607827923374e-14,1.20327815260758e-12,3.53445366494625e-11,6.1714597087e-10,7.35603294819157e-09,6.55321976858265e-08,4.65056276588902e-07,2.73854789130022e-06,1.37147907648403e-05,5.9389660857966e-05,0.000224966133618412,0.00075051149927595,0.00221275884740776,0.005772865473673,0.0133106331681816,0.0270337823872751,0.0481263506154821,0.0746204188535157,0.100341721923123,0.117650272347172,0.122461603020187,0.116708200478404,0.115786683120445,0.254922850534504
"22",0,0,1.80607827923374e-14,1.20327815260758e-12,3.53445366494625e-11,6.1714597087e-10,7.35603294819157e-09,6.55321976858265e-08,4.65056276588902e-07,2.73854789130022e-06,1.37147907648403e-05,5.93896611658102e-05,0.000224966154580125,0.000750511684501983,0.00221276023979444,0.00577287320608174,0.0133106677688805,0.0270339648724073,0.048127072961625,0.0746548855202268,0.100508995734942,0.11809388496387,0.125258426383562,0.141562963930173,0.342411644981311
"23",0,0,0,1.80607827923374e-14,1.20327815260758e-12,3.53445366494625e-11,6.1714597087e-10,7.35603294819157e-09,6.55321976858265e-08,4.65056276588902e-07,2.73854840437389e-06,1.37148112833639e-05,5.9390075012548e-05,0.000224969582067509,0.000750535288701955,0.00221288492472694,0.00577341404989101,0.0133129567122792,0.0270419094781842,0.0482277968722515,0.0751014550491705,0.101663838589025,0.123879929149108,0.164899929218198,0.436833999053473
"24",0,0,0,0,1.80607827923374e-14,1.20327815260758e-12,3.53445366494625e-11,6.1714597087e-10,7.35603294819157e-09,6.55321976858265e-08,4.65072003476253e-07,2.73892064250704e-06,1.37195395877792e-05,5.94263815927949e-05,0.000225197262996526,0.000751669317479602,0.00221760669615535,0.00579141553338289,0.013370823566227,0.0273522583047545,0.0493615923583096,0.0778476839525825,0.112557305870012,0.182680703097821,0.527767320584508
"25",0,0,0,0,0,1.80607827923374e-14,1.20327815260758e-12,3.53445366494625e-11,6.1714597087e-10,7.35757216919036e-09,6.56196738033684e-08,4.66854674671375e-07,2.76139829524262e-06,1.38906172003585e-05,6.05001552888337e-05,0.00023055512764371,0.000774012158099986,0.00230057410842443,0.00605187285229031,0.0143151440094813,0.0301800967474838,0.0556285696622287,0.0970520642983128,0.193276634106305,0.600112784273311
