"","X0","X1","X2","X3","X4","X5","X6","X7","X8","X9","X10","X11","X12","X13","X14","X15","X16","X17","X18","X19","X20","X21","X22","X23","X24"
"1",0.214261921319574,0.135123903822686,0.105940129625911,0.093734619460764,0.0827429329623448,0.0731141139920058,0.063543095357405,0.0539733823366167,0.0446011257924194,0.035799624885958,0.0278976323433566,0.0211067580993614,0.0155068170687353,0.0110657000513521,0.00767205159492711,0.00516954846950243,0.00338646554155396,0.00215752010832927,0.00133752546881004,0.000807306043053853,0.000475278787678912,0.00027485371028293,0.000153918809946789,8.79779374306756e-05,6.57964099842973e-05
"2",0.212787761281959,0.134276272559786,0.105391537882353,0.093375217381925,0.082564725980433,0.0730962544943851,0.0636654596593154,0.0542096893376637,0.044920305710544,0.0361683251661005,0.0282838618885937,0.0214831256572887,0.0158526453594301,0.0113677956641371,0.007924287733284,0.00537162029823863,0.00354223669320014,0.00227333032630644,0.0014207485795039,0.00086521843471185,0.000514442175413448,0.000300895433231247,0.000170482977250359,9.87816586992814e-05,7.49776662378914e-05
"3",0.209797578447158,0.13255250024616,0.104269383289503,0.0926322205178684,0.0821856655807821,0.0730406188520467,0.0638945655208367,0.0546723972178593,0.0455554349344272,0.0369094342443539,0.0290664812434361,0.0222513319049004,0.0165635013413356,0.011993155961253,0.00845022162387045,0.00579612282957543,0.00387203810093663,0.00252053969646867,0.00159993460679456,0.000991046954027581,0.000600360172309177,0.000358638803643282,0.000207582999812815,0.000123248719063707,9.59961915679909e-05
"4",0.204941102269574,0.129742144730955,0.10242415394098,0.0913916051848159,0.0815272526808817,0.0729028111990119,0.0642196416399865,0.0553825472209653,0.0465558209988347,0.0380952152213289,0.0303341484309966,0.0235093628522739,0.0177399006261305,0.0130389499033837,0.00933916122471656,0.00652154230886582,0.00444208715346552,0.00295294218206095,0.00191728769054362,0.00121683611672659,0.000756682602770853,0.000465307482950719,0.000277097127869438,0.000169806852610537,0.000136592357291806
"5",0.197960471319572,0.125682602320116,0.0997294126316992,0.0895447612318342,0.0805001636576772,0.0726145495128662,0.0645966359493606,0.0563227757981257,0.0479316309512412,0.0397620192370945,0.0321458839637743,0.0253336657282084,0.0194694621098617,0.0145975173064016,0.0106822749773876,0.00763310964081909,0.00532835102753295,0.00363540453933576,0.00242609921808015,0.00158483140030567,0.00101589268238707,0.00064554209810623,0.000396607140260039,0.000251361211493456,0.000208974346449391
"6",0.188709460840288,0.120271076370486,0.0960907862456035,0.0869956692468769,0.0790092709330622,0.0720861986450781,0.0649479325913126,0.0574341136466146,0.0496479894924155,0.041902237736688,0.034521697287524,0.0277694001221706,0.0218177065013496,0.0167484678429942,0.0125664803964407,0.0092186716426396,0.00661432465270459,0.00464327364684326,0.00319139940592712,0.00214895397312727,0.00142122801917477,0.000933521213056713,0.000591332371789922,0.000387046137129923,0.00033176103869263
"7",0.177263596771048,0.113529772622251,0.0914908314200545,0.0836933085013632,0.0769735315339046,0.0712146997345609,0.0651587398535753,0.058601826957871,0.0516019421090292,0.0444346786818713,0.0374090478457967,0.0307957166774121,0.0247946292029291,0.0195285168391902,0.0150488559077819,0.0113483045708834,0.00837585499442752,0.00605194465529945,0.00428350801101758,0.00297143520647379,0.00202551567552418,0.00137327980250802,0.00089512193338279,0.000603563451590798,0.000531777040243097
"8",0.163908390980228,0.105602284938698,0.0859912731632045,0.0796385156165152,0.074336551544053,0.0698962416936619,0.0650900252723972,0.0596667480583533,0.0536306013729978,0.0472085068042094,0.0406822692770366,0.0343210686312987,0.0283468741819219,0.0229218296845116,0.0181465278116832,0.0140649427723866,0.0106733781882977,0.00793117364500279,0.00577452022029124,0.00412126684322568,0.00289119893632717,0.00201992991527975,0.00135215546424549,0.000937151372101464,0.000846573612060226
"9",0.149086985346782,0.0967270169293823,0.0797210085176833,0.0748824299427127,0.0710744352131747,0.0680413518070477,0.0645983438044944,0.0604470033055129,0.0555319666019663,0.0500207681622553,0.0441551675030933,0.0381901872464045,0.032359314667851,0.0268571788985754,0.0218308279485599,0.0173770931810153,0.0135445983848415,0.0103387844201701,0.00773368574610624,0.00567146725800797,0.00408937413945762,0.00294022042333968,0.00201829429335704,0.00143545823379464,0.00132703802440322
"10",0.133338564478177,0.0872048150415449,0.0728597483086571,0.0695215319537468,0.0672014640814234,0.065589330511452,0.0635567596177113,0.060762633445938,0.057090232816589,0.0526395420164341,0.0475997354043782,0.0421969422599621,0.0366616309012033,0.0312087370002321,0.0260235073945143,0.0212520730474112,0.0169964234881759,0.0133127672803366,0.0102207541863759,0.00769428022738129,0.00569700891425002,0.00421167749418847,0.00296146180143416,0.00215881024365764,0.00203956808481335
"11",0.117239385242069,0.0773669732655309,0.0656203130401386,0.063690060230363,0.0627723524604408,0.062519165276795,0.0618728925604814,0.060458631224398,0.058101219249864,0.0548289916537315,0.0507682731207093,0.0461015586558232,0.0410394871132436,0.0358010106219836,0.0305960826449988,0.0256110638709048,0.0209973626959014,0.0168626792717763,0.0132778041549357,0.0102544374205089,0.00779215949298504,0.00591991702369021,0.00426058021168012,0.00318037998128902,0.00306721951574706
"12",0.101344084938034,0.0675419732135474,0.0582280586776792,0.0575481743604489,0.0578793106217397,0.0588550420459729,0.0595021975304052,0.0594246662658508,0.058396569037488,0.0563755724669546,0.0534189568757759,0.0496530988832181,0.0452520379899268,0.0404202943453296,0.0353750703332856,0.0303287997606179,0.0254729671135892,0.0209624606747227,0.0169210734753702,0.0134013832223343,0.0104475333945415,0.00815402329632812,0.00600272457561099,0.00458477271258559,0.00450915418863101
"13",0.0861375177862914,0.0580268431042318,0.0509011762238017,0.0512681368709343,0.0526446586839777,0.0546657121860326,0.0564543487043359,0.0576082187824685,0.0578626667899159,0.0571110496133693,0.0553407266867674,0.0526137547123379,0.0490533015340604,0.044831305212204,0.0401528307235642,0.0352384428476036,0.0303053743140883,0.0255458935080057,0.0211338844293351,0.0171612267317093,0.0137227463205099,0.0109999121102682,0.00827815600237848,0.00646450254820335,0.0064776135735936
"14",0.0720036067905077,0.0490671348387403,0.0438348007533321,0.0450207531687489,0.047210386564077,0.0500581306563436,0.0527920468668172,0.0550193324483612,0.0564515144881755,0.0569288894391285,0.0563737930882026,0.0547814440821394,0.0522145072562701,0.0487970164713723,0.0447030688107248,0.040141658450314,0.0353377109120292,0.0305058827659191,0.0258619371897051,0.0215295081835129,0.0176559946831742,0.0145319410693827,0.0111731591580626,0.00891400732554303,0.00909177453940426
"15",0.0592115603347308,0.0408461847980932,0.0371900089324008,0.0389634806571468,0.0417262054325684,0.0451667575544295,0.0486231794789598,0.0517271906801684,0.0541828955853961,0.0557924939498597,0.0564235594819167,0.0560081671331256,0.054544934645132,0.0520996530834812,0.0487996883772605,0.0448234435760372,0.0403837137668225,0.0356985281838892,0.0310122559383078,0.0264660794712538,0.0222562136049295,0.0188034429606183,0.0147609907704817,0.0120211827066626,0.0124681888963165
"16",0.0479165405846686,0.0334825043569426,0.0310877099857221,0.0332310825830438,0.0363376564258101,0.0401404611130692,0.0440882712149712,0.0478500681262589,0.051138666520531,0.0537352077753882,0.0554669608983876,0.0562123630762964,0.0559090476437539,0.0545606229463895,0.0522371339741555,0.0490704987237058,0.0452421506658088,0.0409523200525595,0.0364566891103273,0.031893299506351,0.0274969466193108,0.0238372160043812,0.0190916675477904,0.0158568634321322,0.0167080511122332
"17",0.0381709911895266,0.0270335808857166,0.0256070040457807,0.0279293879882325,0.0311757080934345,0.0351290682451608,0.0393455566908087,0.0435408870829669,0.0474509142738139,0.0508530257948314,0.0535511552187865,0.0553842123777275,0.0562380666185851,0.0560570612106526,0.0548498493271505,0.0526911225404575,0.0497146702861221,0.0460818808706349,0.0420401503305457,0.0376983252112817,0.033313058200098,0.0296172241120663,0.0241817042497195,0.0204631771476178,0.0218822180082697
"18",0.0299429064331427,0.0215042791496438,0.0207873442301723,0.0231323868204573,0.0263489251426627,0.0302713487578847,0.034555940558283,0.0389708123814549,0.0432862166042443,0.0472916764766941,0.0507853853379111,0.053583685770895,0.0555347786004826,0.0565329856213697,0.0565283899052229,0.0555341227233574,0.0536249310259375,0.0509047605492658,0.047592920268715,0.0437396146359509,0.0396010559688711,0.0360827472561623,0.0300051320753615,0.0258421056523029,0.0280155480535427
"19",0.0231371666634565,0.0168577920497926,0.0166334725433179,0.0188824208156539,0.0219387870663244,0.0256857807328922,0.0298698520092748,0.03431334638656,0.0388286250624544,0.0432305029824458,0.0473278755667265,0.0509323487653139,0.053871573779031,0.0560040367772991,0.0572303352866128,0.0575043913083059,0.0568365665823139,0.0552591491294673,0.0529454914995673,0.049856903345971,0.0462230706480871,0.0431257498666746,0.0364868953856537,0.0319455724096253,0.0350722933371671
"20",0.0176170257551684,0.013027520490143,0.0131222064332732,0.01519311000999,0.0179984461124898,0.021465090570638,0.0254177086105428,0.0297312939929618,0.0342642248183679,0.0388662065537921,0.0433706904427437,0.0476013474144952,0.0513833140775316,0.0545563857155504,0.0569855165443491,0.0585737203456338,0.0592678979359754,0.059020107490079,0.057943614594003,0.0558826690624541,0.0530130477371259,0.0505906303149455,0.0434982777053126,0.0386670824821808,0.0429428647902416
"21",0.0132243573339279,0.00992914341407609,0.0102107483052459,0.0120551107153596,0.0145555917896759,0.0176759580617804,0.021306237918149,0.0253697731794976,0.0297713371896658,0.0344012389016735,0.0391277579814908,0.0438007759604659,0.0482597565675566,0.052343587158911,0.0558980092568099,0.0587877404540006,0.0609026408246127,0.0621120443605094,0.0624599945468517,0.0616506086800521,0.0597801210059527,0.0582709708986047,0.0508494289180015,0.0458303313033894,0.0514267352737282
"22",0.00980073932169287,0.00747453439759651,0.00784838883911842,0.00944716053303246,0.0116227323463026,0.0143683359680362,0.0176264994741848,0.0213626880632611,0.0255254070997172,0.03004737794482,0.0348377270313242,0.0397826390811991,0.0447494844729454,0.0495921212182498,0.0541534263473993,0.058274376964629,0.0617981177198276,0.0645146230880264,0.066395360333191,0.0669897446418167,0.066294355537659,0.0658853861007127,0.0582613093168265,0.053157153918081,0.0601903102403388
"23",0.00721916400685319,0.00559480880849823,0.00599903929155841,0.0073611860087146,0.00922553857245855,0.0116073961034955,0.0144893564140318,0.0178713679960304,0.0217402195085412,0.0260687492190202,0.0308078368543911,0.0358843779753736,0.041201566152671,0.0466392112671818,0.052050381715422,0.0572658945802946,0.0620944029042828,0.0662555913528313,0.0696517686396594,0.0716768605643461,0.0722187183665851,0.0729880410924801,0.0652726914247268,0.0601701334505986,0.0686456977299429
"24",0.00543897024907998,0.0042816259524571,0.00468354103131717,0.00585160527765575,0.00746102344573286,0.00954190225693667,0.0121044354007603,0.0151736911575354,0.0187658622371027,0.0228863586660214,0.0275217488179964,0.0326357000664934,0.038166073523127,0.0440208205585192,0.0500690967737859,0.056140974576171,0.0620230301070821,0.0673806167148921,0.0720595117822449,0.0753207270425766,0.076954263737139,0.0787750609986577,0.0710444832727427,0.0659927219396541,0.0757061544143079
"25",0.00454287624592774,0.00361484146286011,0.00400763816460997,0.00506735754511899,0.00653444237285646,0.00844624195549806,0.0108267563870709,0.0137140938114483,0.0171402393904416,0.0211286896988158,0.0256864186342417,0.0307987476746127,0.0364246594528987,0.0424901201074621,0.0488758731940738,0.0554141409350264,0.0618812697845123,0.0679133516049972,0.0733246364504124,0.0772998584992366,0.0795712800681506,0.0820103403345891,0.0742910110065547,0.0692842823309986,0.079710832887575
