"","X0","X1","X2","X3","X4","X5","X6","X7","X8","X9","X10","X11","X12","X13","X14","X15","X16","X17","X18","X19","X20","X21","X22","X23","X24"
"1",0.118983821030204,0.137006783802062,0.133617342138359,0.130544020583896,0.120032346298293,0.102066770684298,0.0813902370874567,0.0610809618770253,0.0432585110568102,0.0289933640267981,0.0184320791516565,0.0111354566430027,0.00640313589655065,0.00350961711768882,0.00183613771407904,0.000918115671884061,0.000439321593440822,0.000201413007218641,8.85762626600643e-05,3.74069175287203e-05,1.51861594901292e-05,5.93420704139564e-06,2.23138440583937e-06,8.18588435483173e-07,4.11099710693388e-07
"2",0.11750804556089,0.135424907903759,0.132293546140934,0.129568541450511,0.119525320910304,0.102078088967558,0.0818484519045294,0.0618450904716918,0.0441655951506874,0.0298992898740209,0.0192361339629551,0.0117861180262346,0.00689019022347273,0.0038499734439804,0.00205957883872573,0.00105655620246535,0.000520558721345063,0.00024668498028955,0.000112589097642162,4.95512614882905e-05,2.1051323348e-05,8.64432052895178e-06,3.42820512992273e-06,1.33512755336079e-06,7.2792995142321e-07
"3",0.114576595966639,0.132271305968652,0.12963293780198,0.127575413905385,0.118443240023386,0.102019238034508,0.0826879849579556,0.0633177925200894,0.0459555393979404,0.0317193553086129,0.020878479373462,0.0131372416998985,0.00791891824035805,0.00458174672541757,0.00254904055078375,0.0013658371727245,0.000705832011392532,0.000352194987217425,0.000169835724423706,7.91965091000005e-05,3.57260057101411e-05,1.5601912798659e-05,6.58366466338742e-06,2.73817568883923e-06,1.62336120760739e-06
"4",0.109960334645101,0.127278995253498,0.125371510138285,0.124307910901332,0.116563373096929,0.101732794934825,0.0838376236599019,0.065521274279417,0.0487355377688446,0.0346242409485794,0.0235647950366607,0.0154010666617525,0.00968535226028668,0.00587054437597205,0.00343409890269386,0.00194062635617844,0.00106009498031101,0.000559974990334509,0.000286053827787907,0.000141295393690469,6.74710936107189e-05,3.11602843838148e-05,1.38821992779083e-05,6.10717899640494e-06,3.88083134627485e-06
"5",0.10358326776795,0.120336590645554,0.119358691571173,0.11956562460814,0.11365034019499,0.100981706122539,0.0850994515457683,0.0683328022565919,0.0524782289538211,0.0386814184448274,0.0274385378867643,0.0187674068903473,0.0123942498127954,0.00791008719655398,0.00488065259164024,0.00291173246763363,0.00167931463365015,0.000935999919928231,0.000503962504684165,0.000262000954904253,0.000131473255936226,6.37174020098171e-05,2.97381099876746e-05,1.37353364723152e-05,9.26892533146695e-06
"6",0.0955184641046422,0.111489975904035,0.111569810060425,0.113229361397944,0.109489283290051,0.0994820201604959,0.0861710219440934,0.0714891351251738,0.0570069392160321,0.0438256047518395,0.0325446121901949,0.0233689383826496,0.0162321510771804,0.0109057460497381,0.00708447638238022,0.00444721050565655,0.00269600934874962,0.00157739940508709,0.000890246892863391,0.000484432094749488,0.000254103661348374,0.00012860591224065,6.26093472478623e-05,3.02533024037531e-05,2.15894927737862e-05
"7",0.0860642344079722,0.101031070842805,0.102193761236883,0.105345853771208,0.103957828777483,0.0969503250375426,0.0866598949112857,0.0745650160470773,0.0619416039757958,0.0497816159492536,0.0387421761795246,0.0291970634518405,0.0212964228456049,0.015022196163333,0.0102381729479302,0.00673577616470511,0.00427452736639441,0.00261483860319918,0.00154115426630369,0.000874877504226531,0.000478333708826598,0.000252227396783734,0.000127840716975682,6.45520895456371e-05,4.86356374949544e-05
"8",0.0756875070411652,0.0894446389733703,0.0916030379620891,0.0961287925411384,0.0970610351568904,0.0931666043481775,0.0861590395641589,0.0770423259908072,0.0667457395611259,0.0560808304018774,0.0456914391234521,0.0360672699201853,0.0275509184147766,0.020340502708859,0.0144973354310491,0.009965254272937,0.00660120573651983,0.00421154424779501,0.0025868527937255,0.00152938859898682,0.000870433643508147,0.000477749230210391,0.000251935112981116,0.000132934101394948,0.000105685122812854
"9",0.0649310487819962,0.0773137332567468,0.0802845870902391,0.0859251967155037,0.0889422677735105,0.0880299103747832,0.0843350300309664,0.0784106218379444,0.0708173687381449,0.0621251352923391,0.052882236642732,0.0436139127321227,0.0347962256161623,0.0268165680984938,0.0199391134570189,0.0142894724678171,0.00986315315580672,0.00655360502291252,0.00419051553339086,0.00257816983124548,0.0015266157518862,0.000871932060305782,0.000478347647077622,0.000263892142471832,0.000221339948375844
"10",0.0543273228604439,0.065228103829999,0.0687654338858499,0.0751666756056724,0.0798713490478106,0.0815897848813596,0.0809986415838816,0.0782635736153427,0.0735919162769429,0.0672760922936905,0.0596940491960761,0.0513142698975486,0.0426603324188677,0.0342481211660909,0.0265183321328399,0.0197852974591993,0.0142142096264996,0.00982822284163394,0.00653834396998517,0.00418454651746406,0.0025774450987764,0.00153197765799131,0.000874502211493296,0.00050480090894113,0.00044665501559335
"11",0.0443361458532884,0.0537140465693607,0.0575483982422414,0.0643157763590037,0.0702121302038082,0.0740456011914773,0.0761407862373888,0.0763685218898791,0.0746340501403853,0.0709516996222669,0.0654790532800276,0.058543372268663,0.0506187527844237,0.0422626631130628,0.0340327386599636,0.0264077119672072,0.0197313995632682,0.0141893710072665,0.00981768887044596,0.00653497712697409,0.00418694595858343,0.00259033942630199,0.00153902586484207,0.000930434136733081,0.000868369663130816
"12",0.0353021509307113,0.0431828519194942,0.0470580145616235,0.0538105679870381,0.0603740635417681,0.0657168740067856,0.0699322055281472,0.0727015074699077,0.073706060219671,0.0727173574932007,0.0696585026372436,0.0646571013120324,0.0580496568859835,0.0503379795284801,0.0421113084529972,0.033955345368685,0.026370211787567,0.0197143913112186,0.0141828321580352,0.00981733442465111,0.00654294010364721,0.00421451961074084,0.0026072654867617,0.00165252247462747,0.00162643479897528
"13",0.0274368674284405,0.0339047912798046,0.0376057529695567,0.0440189068943473,0.050759784080409,0.0569938621083618,0.062689920215275,0.0674418723862571,0.0707978742057365,0.0723500700338178,0.0718106209500061,0.069086533425911,0.0643157399978017,0.0578565936158579,0.0502344185860164,0.0420586315655202,0.0339300858539273,0.0263592970956576,0.0197116807319706,0.014186910442165,0.00983584344150667,0.00659845885263431,0.00425224323045751,0.00282855777261769,0.00293468283593743
"14",0.0208243643784964,0.0260091118210933,0.0293780406015025,0.0352098933493616,0.0417198161585004,0.0482810961302062,0.0548210100112091,0.0609309668080895,0.0661143792367711,0.0698624253878062,0.0717302652838937,0.0714226898950632,0.0688565437892951,0.0641864180714011,0.0577876171899751,0.050199630769075,0.0420424241405585,0.0339242601940249,0.0263612191203159,0.0197234809163262,0.0142254751335016,0.00994283372168057,0.00667778970285205,0.00466692015063572,0.00510132803835892
"15",0.015443165296001,0.0195033019080724,0.022443663985502,0.0275438930622917,0.0335215082476881,0.0399461327490484,0.0467586491335273,0.0536084099686701,0.0600275651574955,0.0654847554241729,0.0694491800249772,0.0714737042356823,0.0712716446013157,0.0687721625549777,0.0641417811150705,0.0577655689130874,0.0501903629889846,0.0420417305079383,0.0339333033988982,0.0263873810955073,0.01979930873865,0.0144238328407076,0.0101012023591225,0.00742454340302916,0.00854324828957629
"16",0.0111956891858313,0.0143026490091132,0.0167739871888892,0.0210783279557283,0.0263347587728848,0.0322822495278847,0.0389043308500575,0.0459422805730853,0.0530081119365728,0.0596138751398304,0.0652158698178636,0.0692836492926546,0.0713769931445339,0.071218081836677,0.0687443255130396,0.0641289597068298,0.0577624182968032,0.0501964894475801,0.0420633284724986,0.0339862674079874,0.026530155669576,0.0201536993206009,0.0147247952313869,0.0113932822640884,0.0137854244379964
"17",0.0079382607539607,0.0102624387560705,0.0122693730823011,0.0157845325139085,0.0202333185693159,0.0254888804449276,0.03158568778564,0.0383673712717794,0.0455526490458641,0.0527426872260195,0.0594430994468252,0.0651116933628435,0.0692233645415878,0.071344151969697,0.0712019329849439,0.0687389230635276,0.0641328767385897,0.0577798040076089,0.0502411482639887,0.0421651588072582,0.0342448781083281,0.0271406318370246,0.0206990255882833,0.0168723916324452,0.0214357201972543
"18",0.00550744200394645,0.00720767845545434,0.00878654396054234,0.0115705764341927,0.0152079128089373,0.0196690286881264,0.0250336658295417,0.0312405434365962,0.0381203017084663,0.0453863530842891,0.0526368612131129,0.0593792674578728,0.0650753836110789,0.0692045355246042,0.0713368791873491,0.0712042276453483,0.068753661273645,0.0641707003470264,0.0578665526482982,0.0504291734686015,0.042616474260008,0.0352588910938315,0.0280836220772718,0.024127137461304,0.032126586320548
"19",0.00374016114655681,0.00495697069760574,0.00616280180156167,0.00830518370686385,0.0111862017473737,0.0148398958424969,0.0193782176893163,0.0248168844890472,0.031087565466193,0.03801872380859,0.0453226583297366,0.0525992919633427,0.0593590730024533,0.0650671288680542,0.0692062147860347,0.0713506065982063,0.0712387275336959,0.0688296184329437,0.0643327488382043,0.0582014025872732,0.0511885190733641,0.0442402182320267,0.0368155477825045,0.0333365579152903,0.0464190796612584
"20",0.00248707466664551,0.00333933241350626,0.00423492108799839,0.00583922332441094,0.0080548816995011,0.0109516478653527,0.0146584916210606,0.01924553952622,0.0247249990963999,0.0310280257924758,0.0379829747799124,0.0453037528970222,0.0525927088885779,0.0593631892868064,0.0650839596678976,0.0692432424565277,0.0714253444244328,0.0713872780313994,0.0691245390911863,0.0649100262120474,0.0594337938710588,0.0536933459829486,0.0466911358735276,0.0445338743088289,0.0646666971342487
"21",0.00161989092413742,0.0022043233841436,0.00285216478001805,0.00402287614507834,0.00568050144006239,0.00790964749952003,0.0108425425865934,0.014581526372209,0.0191953008674572,0.0246964623790328,0.0310166831327025,0.0379859352297396,0.045320462621101,0.0526257893097155,0.0594199826674752,0.0651797717891088,0.0694084945020963,0.0717180064320932,0.0719176851019282,0.0700928504267526,0.0668395965582136,0.0631481381850119,0.0573605880639214,0.0575349693549273,0.0868258102469543
"22",0.00103431473717555,0.00142711653878157,0.00188446815611025,0.00271862961119178,0.00392797790520088,0.0055979802269746,0.00785379731111268,0.0108113964428474,0.0145731323016443,0.019208846099654,0.0247323314586979,0.0310772285185296,0.0380761944440911,0.045449322039074,0.0528082392568435,0.0596817155770083,0.0655670211692635,0.0700044727636226,0.0726750343396489,0.0735059151440133,0.0730003782601001,0.0721007812763444,0.068308809188017,0.0718217875467797,0.112153109687267
"23",0.000651120895931522,0.000911461298297011,0.00122879546648972,0.00181325416578061,0.00268009816547277,0.00390783660846872,0.00560867347554649,0.0078991052883293,0.0108968021575813,0.0147064795807835,0.0194001908402365,0.02499412373968,0.0314244336626801,0.0385269002133719,0.0460266293775957,0.0535451035545369,0.0606325188480621,0.0668272445294068,0.0717497861620484,0.0752215499404273,0.0776791462442736,0.0800002998109392,0.0787497696908702,0.0862884065141071,0.138630269769077
"24",0.000418164574673435,0.00059405113132062,0.000817643097586656,0.00123354067254977,0.00186373161429051,0.00277758084424391,0.004073660784212,0.0058625560304157,0.008265517101704,0.011404742337679,0.0153880148484855,0.0202883733411403,0.0261201243679066,0.0328146226427997,0.0402011331026354,0.0480002906055218,0.0558401127935386,0.0632992092883353,0.0699909345347021,0.0756845656957532,0.0807839476476943,0.0861084542953173,0.0873648298061599,0.0987818253261436,0.162022373515185
"25",0.000310895308449235,0.000446566737778308,0.000624061980083109,0.000956592594566854,0.00146794672442659,0.00222144355534595,0.0033071628090509,0.00483047473324185,0.00691184042846561,0.00967966507947017,0.0132576990399437,0.0177469654754234,0.0232028184429484,0.0296096961377245,0.0368581497556438,0.0447314476923173,0.0529124621540514,0.0610167034736607,0.0686687828215678,0.0756220087435975,0.0822711014417914,0.0894023381935508,0.0922108707127793,0.106005594842934,0.175726711121183
