"","X0","X1","X2","X3","X4","X5","X6","X7","X8","X9","X10","X11","X12","X13","X14","X15","X16","X17","X18","X19","X20","X21","X22","X23","X24"
"1",0.190934454422641,0.139512985327056,0.11388863655219,0.0972223724151727,0.0838547703688642,0.0733971879374243,0.0636227524564442,0.0541249254465042,0.0449458903934815,0.0363366951262123,0.028568613480515,0.0218360120360177,0.0162258201893516,0.0117236704034839,0.00823849015844195,0.00563219477774805,0.00374701877266914,0.00242674403176625,0.00153069274087033,0.000940979262305814,0.000564591416695685,0.000331587090275697,0.000191451870896426,0.000112890090230923,8.85732327323813e-05
"2",0.189661736735116,0.138652469541962,0.113291705732387,0.0968391408188881,0.0836625086200007,0.0733656194367336,0.0637287654373163,0.0543421974871258,0.0452446900495518,0.0366856954568727,0.0289377386330783,0.022199199598327,0.0165629521524445,0.0120213971430645,0.0084900054267169,0.00583623321153395,0.00390642791762008,0.0025469636459194,0.00161839375434479,0.00100300164194998,0.000607245743719492,0.000360238579948468,0.000210313439055428,0.000125586788475576,9.97730078386998e-05
"3",0.18707799857007,0.136901851880944,0.112071593491391,0.0960484037373419,0.083255971483249,0.0732834496177953,0.063926009510545,0.0547674171634744,0.0458392397173715,0.0373871412009008,0.0296854900384322,0.0229401098113569,0.0172553572421906,0.0126369933142766,0.00901362674542267,0.0062640295792967,0.00424312199238261,0.00280284711469443,0.00180657961312929,0.00113722975883317,0.000700400865239232,0.000423421448511739,0.00025232669231774,0.000154168737143458,0.000125220673679504
"4",0.182876428459621,0.134046159538789,0.110067450462024,0.0947316362707806,0.0825553740466936,0.0731055916502036,0.0642024953436048,0.055419438824177,0.0467756383728259,0.0385093253230775,0.0308962162119716,0.0241525394009132,0.0183998818498489,0.0136647578627645,0.00989672435391324,0.00699305762949237,0.0048231133775737,0.00324860866366276,0.00213828260924131,0.00137676589424078,0.000868828495994923,0.000539251987159078,0.000330451003822921,0.000208111899939517,0.000173870467654615
"5",0.176827402598916,0.129918152144898,0.107144521344054,0.092777778405171,0.0814720767283044,0.0727653695710666,0.0645155563005535,0.0562813866293835,0.04806327951716,0.0400865341300182,0.0326258157181921,0.0259091666594077,0.0200802113403136,0.0151933885702872,0.0112274692768888,0.00810640181165496,0.00572112611436021,0.0039487039368088,0.00266703841979516,0.00176458279018072,0.00114601662424375,0.00073318865345084,0.000463562902938185,0.000301693935250807,0.00025957587669205
"6",0.16879551473475,0.124410544817048,0.103203634588856,0.0900904589536458,0.0799134401944873,0.0721768811022341,0.0647915118415215,0.0572975826591989,0.0496692753539283,0.0421114844045741,0.0348929314028284,0.0282523613386438,0.0223581337121021,0.0172983939636104,0.0130888595918525,0.00968860285758217,0.00701822260359004,0.00497701240984509,0.00345728711641887,0.00235476803395724,0.00157590728825289,0.00103997062413658,0.000678351276538633,0.000455776337028552,0.000403092793358908
"7",0.158835544873249,0.117542410742574,0.0982295335339619,0.0866217922854416,0.0778031845144354,0.0712433070172267,0.0649226958920435,0.0583604101578201,0.0514968047314655,0.0445073180686067,0.0376470798978314,0.0311609930311828,0.025241349184707,0.0200127779203038,0.015533566472789,0.0118053262460735,0.00878638359133406,0.00640596595523117,0.00457738910571242,0.00320862044693182,0.00221125392419451,0.00150349029790597,0.00101005609808791,0.000699001304215981,0.000633744706664281
"8",0.147183828034724,0.109455937335306,0.0922926023963114,0.0823785375752185,0.0750910070303077,0.0698684714533913,0.0647792661563713,0.0593206824998924,0.0533926203764732,0.0471313206706317,0.0407682792329202,0.0345462950416135,0.0286764098490308,0.0233182056499789,0.018574555893505,0.0144945383938839,0.011081059484763,0.00830094988415091,0.00609601302929582,0.00439288555751003,0.00311338437190502,0.00217766892676102,0.00150398700859874,0.00106966115563235,0.000991832991812065
"9",0.134214772655399,0.10038996976498,0.0855351028200255,0.0774192415813015,0.0717591014743842,0.067970377384788,0.0642273082577345,0.060007663619708,0.0551664028179095,0.0497914187454906,0.044079170417138,0.0382589172148345,0.0325508341711456,0.0271429856015132,0.0221801733106431,0.0177600802145958,0.0139345186161759,0.0107144319412519,0.0080776835415181,0.00597698561227164,0.00435106534125854,0.00312668086136758,0.0022166622299803,0.00161741588506481,0.00153103591950959
"10",0.120389188652979,0.0906476635564062,0.0781528583127172,0.0718480195139477,0.0678266541474449,0.0654942120643966,0.0631480586568936,0.0602518614174191,0.0566143345758878,0.0522679221841403,0.0473628268758118,0.0421014677485273,0.036699925622919,0.0313635417946036,0.0262712961799868,0.0215659090877963,0.0173486835225693,0.0136787437647546,0.0105765335803538,0.00802836051303313,0.0059976512888162,0.00442379168886521,0.0032159388514732,0.00240432323803054,0.00232023316021581
"11",0.106204334926169,0.0805643983532691,0.0703757932694105,0.0658060290812317,0.063351329368232,0.0624222741672214,0.0614546400105807,0.0599064893743206,0.0575428517624625,0.0543370177760355,0.0503836518544181,0.0458449979201501,0.0409177731041271,0.0358096907839236,0.0307214207212931,0.0258321166031319,0.0212885284096909,0.0171983574885306,0.0136287723785243,0.0106060869900468,0.00812639228395821,0.00614847878544424,0.00457969976641749,0.00350470276368614,0.00344417205771353
"12",0.0921435201849518,0.0704742274702537,0.0624456925738909,0.0594589614477089,0.0584259880619724,0.0587790012512433,0.0591045191817199,0.0588659960993772,0.0577913575457287,0.0557953777924521,0.0529114564701116,0.0492503148039931,0.0449740641077801,0.0402759436433128,0.0353622521610487,0.0304353601487449,0.0256784769760944,0.0212436875075587,0.017245365344856,0.0137537065885876,0.0108043136688367,0.00838183361882408,0.0063928258036132,0.00500339789713955,0.00500235965018839
"13",0.078634094006875,0.0606808048160551,0.054595207247707,0.0529829222964333,0.0531714241054093,0.0546304288937519,0.0561057057553414,0.0570786105089062,0.0572501313659615,0.0564818430625248,0.0547448647433429,0.0520908637536448,0.0486343358985165,0.0445374662383815,0.0399943928817019,0.035214073644861,0.0304026574683759,0.0257474630916512,0.0214058938328872,0.0174919652183441,0.0140850125155296,0.0112002329345074,0.00874216657524289,0.00699195687353133,0.00710548227050451
"14",0.0660195525650017,0.0514368587151943,0.0470311939017416,0.0465509400540388,0.0477264442850194,0.0500784370320843,0.0525160068919312,0.0545511960336111,0.0558708478163906,0.056292988313616,0.0557306187295874,0.0541739274824915,0.0516809557632849,0.0483687969065937,0.0444021476882595,0.0399783465241477,0.0353095868956621,0.0306046551883834,0.0260546978897429,0.0218124358813381,0.0180010411035019,0.0146675789177914,0.0117094797541339,0.00956244317483418,0.00986882249160691
"15",0.0545462816599867,0.042932934267375,0.0399234274709269,0.0403213991558876,0.0422366703876244,0.0452509935614009,0.0484361122801445,0.0513465282722546,0.053669039794811,0.0551911457851949,0.0557767715731622,0.05535783222649,0.0539325751787359,0.0515634576199434,0.0483712235690693,0.0445240034396746,0.0402215346837849,0.035676758863139,0.0311004084788938,0.0266731744588445,0.0225568520202747,0.0188267740625197,0.0153626721956629,0.0127989212113507,0.0134025077828366
"16",0.044362673646091,0.0352942994542181,0.0333985674110714,0.0344291272478964,0.0368434390952153,0.0402901083204926,0.0439982159906892,0.047574351585044,0.0507192242526311,0.0532047997801991,0.0548588632893363,0.0555635883405268,0.0552600996503193,0.0539524656371834,0.0517076376827596,0.048649763313092,0.044948133692415,0.0408006646018019,0.0364196177648382,0.0319974480430109,0.0277233999141168,0.0236913918621743,0.0197460655514026,0.0167670961078566,0.0177989577656068
"17",0.035527569812991,0.0285843412887001,0.0275388239021477,0.0289795761545587,0.0316740753646968,0.0353393422394731,0.0393522737434296,0.0433782109301437,0.0471442366234241,0.0504221681911432,0.0530190099106995,0.0547800153277015,0.0555975112040807,0.0554196663208966,0.0542557001361049,0.0521756399030735,0.0493029613776712,0.0458015341456984,0.041864783494226,0.037676178724535,0.0334353873059304,0.0292386612260046,0.0248707516414391,0.0215030522484493,0.0231185287827694
"18",0.0280249817864156,0.022812677664632,0.0223845591897954,0.0240462513140286,0.0268345273291228,0.0305325176756488,0.0346519727120795,0.0389202733139668,0.0431007921476704,0.0469794684118654,0.0503586254827829,0.0530621573755244,0.0549464561057008,0.055912083560394,0.0559128536579341,0.0549603162615514,0.0531211258675566,0.0505082882320492,0.0472756903369775,0.0435741438693417,0.039591800736845,0.0354048282228706,0.0307062874432839,0.0270024019551018,0.0293749193468493
"19",0.0217818380828565,0.0179459510017583,0.0179397047181255,0.0196711140608733,0.0224049057726685,0.0259849052339062,0.0300422952176578,0.0343664221232527,0.0387636809347352,0.0430460739969882,0.0470264622287122,0.0505238958254012,0.0533745846998287,0.0554443664141977,0.0566397073203104,0.0569153804259931,0.0562756520079805,0.0547697596406163,0.0524930565624058,0.0495392113376139,0.0460597277052454,0.0420834973465642,0.0371747326627884,0.0332110976381165,0.0365219770413921
"20",0.0166862733929498,0.0139196940078355,0.0141790252886321,0.015867609112694,0.0184382448961545,0.0217878852411121,0.0256503483565444,0.0298738904186107,0.0343112868584843,0.0388094196088637,0.0432046783552625,0.0473269934038203,0.0510091244176272,0.0540978829195183,0.0564648492902574,0.0580151547814562,0.0586907861711629,0.0584693300016716,0.0573721269365336,0.0554127421624621,0.0526800507550493,0.0491260696010765,0.0441466106196366,0.0400178424296146,0.0444420809729588
"21",0.0126052969481517,0.0106505635212636,0.0110569277201143,0.012626483350131,0.0149632400250796,0.0180085517475954,0.021581746857503,0.0255845847158182,0.0299163934102713,0.0344642573480746,0.0390978854145847,0.0436714842528682,0.0480301264410372,0.0520180046507825,0.0554867377824633,0.0583029538837408,0.0603515263043987,0.0615359204566633,0.0617929050123526,0.0610369037464441,0.0592701891660018,0.0563392186238446,0.0514338955006218,0.0472434339635896,0.0529307691565929
"22",0.00940387817757412,0.00805076789647605,0.00851989515970881,0.00992704155492741,0.0119944480553234,0.0146988627388292,0.0179284991583409,0.0216315437655495,0.0257512345535775,0.0302165796434782,0.0349364838069879,0.0397991342017778,0.0446747612440121,0.0494197162112154,0.0538806346516206,0.0578987064519347,0.061310603108949,0.0639484423179967,0.0656599293816777,0.0662478874158089,0.0656095905032775,0.0634627833869572,0.0587626197921931,0.0546093741380142,0.0616565826837809
"23",0.00697474948099702,0.00605250422153393,0.00653062479266439,0.00776306109117147,0.00956091507788219,0.0119275826515033,0.0148042765639316,0.0181772220882847,0.0220282301017797,0.0263260340141501,0.0310197709382614,0.0360359956008373,0.0412777310344022,0.0466238635538913,0.0519281793549545,0.0570188882451352,0.0616955284307968,0.0657268051441064,0.0688746665946062,0.0708284485505162,0.071372959985504,0.0700868435302008,0.065681459615279,0.0616410474112847,0.0700426119263148
"24",0.00529075959847486,0.004652116761941,0.00511353391667948,0.00619393553986972,0.00776525990697128,0.00984895822889387,0.0124231293618014,0.0155018024053012,0.0190965410240863,0.023208421474004,0.0278210975096911,0.032895938775225,0.0383679395890429,0.0441409041667811,0.0500815990503267,0.056014423772255,0.0617138722997758,0.0668994827902874,0.0712623146551878,0.0743940343442136,0.075979281903163,0.0754718218201086,0.0713690680730837,0.0674681325928566,0.0770256304399681
"25",0.00444005207770429,0.00393954984505487,0.00438469578801211,0.00537765992332083,0.00682079421446472,0.00874446285871049,0.0111453828491239,0.0140520642731798,0.0174921025925758,0.0214845721616356,0.0260329100272021,0.0311190415275948,0.0366975103862485,0.0426881950677502,0.0489675065043372,0.0553600205294683,0.0616280598828451,0.0674646263403528,0.0725209278600877,0.0763323855118452,0.0785248399988239,0.0784783845388407,0.0745656542786803,0.0707586283187826,0.080979972643348
