"","X0","X1","X2","X3","X4","X5","X6","X7","X8","X9","X10","X11","X12","X13","X14","X15","X16","X17","X18","X19","X20","X21","X22","X23","X24"
"1",0.201195922795221,0.142349201122658,0.112929391687288,0.0958032127564826,0.0826328324113551,0.0719569746251869,0.0621635956966443,0.0527420397212373,0.0437114985271921,0.0352916166945452,0.0277247639945977,0.0211839779967867,0.0157426655814428,0.0113799787308877,0.00800371286831046,0.00547823333199823,0.00365019115398916,0.00236846237517644,0.00149724725354911,0.000922822340571507,0.000555387960648792,0.000327608352176596,0.000191273207052297,0.000113230066012316,8.41587489818223e-05
"2",0.199882864231448,0.141489692535276,0.112356717014152,0.0954447969487741,0.0824602414063007,0.0719419576469035,0.0622812588840371,0.0529655844726681,0.0440114239185382,0.035637421853451,0.0280875645173399,0.0215390067232307,0.0160709906289278,0.0116691888104028,0.00824763406689814,0.00567593499967977,0.00380461058234632,0.0024849570564116,0.00158230649417934,0.000983066548763263,0.000596905332918625,0.000355600813509496,0.000209928937231295,0.000125780812141033,9.45647644618352e-05
"3",0.19721577635848,0.139740220937992,0.111185232506959,0.0947041527109766,0.0820937353008319,0.0718938519179873,0.0625029178454308,0.0534044905182265,0.0446092623368898,0.036333302794665,0.0288232121465895,0.022263843466815,0.0167457475388527,0.0122674941654676,0.00875565933628469,0.00609057434576615,0.00413083123303107,0.00273293457384998,0.00176482009501206,0.00111342956828728,0.00068755489163153,0.000417307895853297,0.000251469225259835,0.000154008792231502,0.000118169496618619
"4",0.192875151152899,0.13688420606044,0.109258650085462,0.0934681084277404,0.0814584160764306,0.0717724538307105,0.0628209137505041,0.0540810557096573,0.045553450784386,0.0374487122251092,0.0300161046044683,0.0234514017653519,0.0178622138610727,0.0132672095950144,0.00961301382710069,0.00679752884158476,0.00469296814975661,0.00316499908787189,0.00208653086586687,0.00134603692777049,0.000851402751043464,0.00053038012973963,0.000328679826680002,0.000207218597263744,0.0001631930660664
"5",0.18661934767401,0.132751607093667,0.106444469431799,0.0916289712572652,0.0804692944566696,0.0715153699135945,0.063197011388361,0.0549825744109074,0.0468569119532918,0.0390205410334895,0.0317236715198775,0.0251748122616526,0.0195035703223876,0.0147557833752043,0.0109061309086191,0.00787791384333068,0.00556376674148799,0.00384378445182412,0.00259941264182637,0.00172260562375075,0.0011209764895867,0.000719605809408899,0.00046017416993852,0.00029939628291938,0.000242296945120284
"6",0.178302431268713,0.127231262761408,0.10264317596078,0.0890913472234674,0.079035709483847,0.0710399157731315,0.063561638798159,0.0560579402874712,0.0484912949600195,0.0410455327280063,0.0339676980415218,0.0274784816506308,0.021732485876225,0.0168085516281804,0.0127169969065421,0.00941469073568494,0.00682242011990736,0.0048412540887719,0.00336612496564694,0.00229569384063342,0.00153897451172746,0.00101880497055011,0.000672265320126356,0.00045093456328883,0.000374373535550899
"7",0.167973772268896,0.120337546953026,0.0978349129759325,0.0858040587754781,0.0770800075516946,0.0702498222132221,0.0638095808611687,0.0572035570750524,0.050364816907391,0.0434522217000423,0.0367027959139157,0.0303455471190839,0.0245597623431187,0.0194603298831773,0.0150988745562035,0.0114731087873244,0.00853977535654182,0.00622829505639022,0.00445334277972284,0.00312498304452646,0.00215670858585041,0.00147071767936572,0.000999701253492593,0.00068976805875225,0.000585992300620065
"8",0.155870157455564,0.112207739882673,0.0920817544192802,0.0817665930365601,0.0745471164722711,0.0690464545528937,0.0638112005671826,0.0582729708367227,0.0523290064525245,0.0461039798149793,0.0398155427185126,0.0336934844644445,0.0279372533642003,0.0226967561557241,0.01806723700341,0.0140922578034202,0.0107712609061356,0.0080694468152319,0.00592839556097028,0.00427567934496438,0.00303394966635815,0.00212789595325954,0.00148718595631328,0.00105316748222383,0.000913513314169206
"9",0.14237209218426,0.103076331547531,0.0855152741437769,0.0770273313599448,0.0714116545478194,0.0673425106800215,0.0634302598930227,0.0590962361001912,0.0541971636355045,0.0488145391562155,0.0431357022804661,0.0373804525815316,0.0317595306435471,0.0264520960876737,0.0215949114857111,0.0172788702154506,0.0135505553662747,0.0104173705483486,0.00785511914173893,0.00581597668137443,0.00423793696431038,0.0030529880217085,0.0021905438754313,0.00158938245110735,0.00140517040702752
"10",0.127951522397325,0.093243393548265,0.078319738631269,0.0716786649879216,0.0676832909999126,0.065075474842569,0.0625431074095806,0.0595022219763032,0.0557670958083721,0.0513686951289828,0.0464529617645326,0.0412168827678723,0.035869981729309,0.0306102825514875,0.0256090874260438,0.0210016612600937,0.0168826905410792,0.0133059827808907,0.0102879689651944,0.00781270937319481,0.00584075018934122,0.00431769858956829,0.0031769082111711,0.00235861237925023,0.00212261574045971
"11",0.113120983303926,0.0830430257217999,0.0707140424742453,0.0658498091106705,0.0634092293344419,0.0622182276281865,0.0610556722323013,0.0593398830830038,0.0568442722513394,0.0535449014285462,0.0495367747829975,0.0449809114657289,0.0400709015406898,0.0350095269447327,0.029991027567454,0.0251872541740443,0.0207375889119317,0.01674302734977,0.0132648530800577,0.0103253286198163,0.0079149067206128,0.00600009554667949,0.00452350132624526,0.00343284515274302,0.00314141024802556
"12",0.0983818336785666,0.0728100756300796,0.0629307220166593,0.0596956224088533,0.0586720578817009,0.0587850231228553,0.0589165439105238,0.0584970006975537,0.0572643147773429,0.055139263844086,0.0521595351566165,0.0484386413708997,0.0441392609464897,0.0394527212801313,0.0345810006994847,0.0297202413377373,0.0250463689670822,0.0207040097002101,0.0168000895474578,0.013399065715518,0.0105275561465495,0.00818024692006124,0.00631473043565374,0.00489414798792211,0.00454992581995368
"13",0.0841806748133223,0.0628510366859206,0.0551958576298187,0.053383571561973,0.0535835496058793,0.0548319949730483,0.0561240491167884,0.0569133146550383,0.0569111147996164,0.0559870214295492,0.0541194046965997,0.0513661653284935,0.0478459530669211,0.043722396278246,0.0391881043062492,0.0344477613026407,0.0297012409916604,0.0251284737200657,0.0208783796136541,0.0170579143292669,0.0137335661575122,0.0109341487079774,0.00863729867608886,0.00683095167518815,0.00644605587847061
"14",0.0708799336279084,0.0534232175340324,0.0477128341283008,0.0470809185405135,0.0482755671331352,0.0504523725183622,0.0527264919323808,0.0545862418082602,0.0557279634192906,0.0559783717219827,0.0552594843791758,0.0535702611975129,0.0509759843559343,0.0475984937559605,0.0436041133661605,0.0391885416397701,0.0345595690437853,0.0299195619466147,0.0254508293207673,0.0212983256648737,0.0175681038492098,0.0143262012903174,0.0115732777504455,0.00933205331083008,0.00893128676446431
"15",0.0587432906598091,0.0447229778738544,0.0406510172935884,0.0409433954299557,0.0428893669652511,0.0457674909037195,0.0488161846512452,0.0515691556833939,0.053720925111138,0.0550671702022808,0.0554813393706574,0.0549055343386719,0.053347486076848,0.0508772367031039,0.0476202666006086,0.0437460361570806,0.0394523940800297,0.0349476534097941,0.0304340782991937,0.02608469670445,0.0220396166623353,0.0184008469183276,0.0151914444233073,0.0124783859429373,0.0121020095384079
"16",0.0479337839175167,0.0368820242753957,0.0341393246091452,0.0351061445606743,0.0375646602335177,0.0409152297694744,0.0445188471884519,0.0479634266139617,0.0509550197693035,0.0532722966633191,0.0547519105172503,0.0552864421284834,0.0548276599918814,0.053389222538,0.0510454409666442,0.0479246610848834,0.0441970771189589,0.0400583555148918,0.0357132802054817,0.0313476514428342,0.0271242515196004,0.0231742765340706,0.0195375708623941,0.0163330203163034,0.0160384216575513
"17",0.0385215968477739,0.0299701914233336,0.0282642622545338,0.0296774526829681,0.0324297327345061,0.0360376912332518,0.0399803777823899,0.043906074111692,0.0475445899832766,0.0506723413793267,0.0531036166436792,0.0546931846311934,0.055344000403021,0.0550147314824099,0.0537236994402483,0.0515474304810642,0.0486129139483129,0.0450843621192606,0.0411490832983724,0.0369857673320977,0.03276267599152,0.0286272855125711,0.024624708509925,0.0209303111611047,0.0207919186121558
"18",0.030498502376473,0.0240030167106075,0.0230717884251718,0.0247355401150526,0.0275936738038106,0.0312697750490335,0.0353530243925794,0.0395551400663698,0.0436397210586943,0.0473949364279286,0.0506282035555255,0.0531711420931146,0.0548896405677438,0.0556944529276869,0.0555490667661548,0.0544728436571585,0.0525378978482368,0.0498599203821757,0.0465880404262318,0.0428708536592263,0.0388599702298542,0.0347003313542129,0.0304247055208572,0.0262654517932654,0.026372360792823
"19",0.0237956751594745,0.0189521329415292,0.0185720041466294,0.0203282493152387,0.0231413515472427,0.0267299878136043,0.030782849956784,0.0350750191005752,0.0394110158043223,0.0436027882815291,0.0474658522883378,0.0508245996356362,0.0535226804802556,0.0554346374508247,0.0564758690558423,0.0566089766251456,0.0558445391001754,0.0542360974139014,0.0518751711875305,0.0488561691585852,0.0452886477721251,0.0412914201867175,0.0368619718966641,0.0322856420871932,0.0327366515941255
"20",0.0183023425460288,0.0147569076371489,0.0147458013772853,0.0164753991448715,0.0191315621458222,0.022514584136391,0.0264002327596918,0.0306240341625719,0.0350353780336318,0.0394791734268143,0.043792110539186,0.0478068191105479,0.0513608002062721,0.0543070750217363,0.0565241213769503,0.057923471217227,0.0584528827088878,0.0580947364498136,0.0568666160546356,0.0547858147049743,0.0518934887397022,0.0482559970651907,0.0438091024321979,0.0388827983141449,0.039778750688265
"21",0.0138841126889546,0.0113366736423459,0.0115532602295196,0.0131740931179375,0.0155992496220436,0.0186966577374196,0.022315829314093,0.0263475166479066,0.0306868212572525,0.0352174819138782,0.039807501488503,0.0443111988069911,0.0485753661783614,0.0524471755563573,0.05578199079419,0.0584500096622342,0.0603398311896197,0.0613588335123062,0.0614389609183259,0.0605010293126723,0.0584933975684315,0.0554038610243641,0.0510794941873186,0.0458832827779201,0.0473163708510431
"22",0.0104032723005265,0.00860554223925096,0.00894603697479168,0.0104098255114898,0.0125655201712028,0.0153350471573951,0.0186282117563536,0.0223840671155895,0.0265414244188009,0.031025181872541,0.035741037641678,0.0405750045587477,0.045396000754488,0.0500597328638202,0.0544126333286264,0.058295483141867,0.0615452716098733,0.063995778662114,0.0654876024607418,0.0658320273962091,0.064865869262932,0.0624765892837711,0.0583995699267188,0.0530175498447069,0.0550557197457529
"23",0.00775128245740721,0.00649811706717818,0.00689219046259054,0.00818301957872303,0.0100668882833207,0.012506790338282,0.0154595299363474,0.0189040869431071,0.0228181418089232,0.0271660960544108,0.0318929223938943,0.0369211756827186,0.0421498172147543,0.0474534846389645,0.0526815168454854,0.0576571239692875,0.0621758834788053,0.0660049092462999,0.0688958346896071,0.0705478112022293,0.0706786574882342,0.0690644272704692,0.0653169615364976,0.0598264407064778,0.0624868907059745
"24",0.00590638541957517,0.00501635935310485,0.00542345125173475,0.00656192083109525,0.00821617225373889,0.0103774416131082,0.0130355896573534,0.0161990237272089,0.0198757014463304,0.0240624886084777,0.0287383820766698,0.0338594845160455,0.0393545800647779,0.0451201986962641,0.0510149005819791,0.0568538345973254,0.062403380412476,0.0673781083397597,0.071455449869432,0.074237588612949,0.0753365454944531,0.0744267787927319,0.0710074980480279,0.0654679735581999,0.0686707621771711
"25",0.0049722099330675,0.0042607313569312,0.0046661370438391,0.00571644442732391,0.00724038309403824,0.00924331548430458,0.0117319033173413,0.0147299709609098,0.0182618933265598,0.022342703785838,0.0269710069382147,0.0321228327725712,0.0377453528729815,0.0437494593526505,0.0500011625521258,0.0563132451996533,0.0624373706766936,0.068059437897081,0.0728149318280801,0.0762500380359553,0.0779147190583225,0.0774230134722141,0.0742071136723071,0.0686533878533335,0.0721712350876526
