"","X0","X1","X2","X3","X4","X5","X6","X7","X8","X9","X10","X11","X12","X13","X14","X15","X16","X17","X18","X19","X20","X21","X22","X23","X24"
"1",0.157616843167224,0.123712507211001,0.125090931412583,0.121471895739633,0.111219388402296,0.0959920755487133,0.0782527103970194,0.0604106393520842,0.0442633697860421,0.0308481497196837,0.0204868908135459,0.0129869853518838,0.00786971279297508,0.00456445450777635,0.00253694062722753,0.00135268789314867,0.00069262245123431,0.000340902407984929,0.000161436266305423,7.36200168842993e-05,3.23597663631839e-05,1.37254272519747e-05,5.6576057392473e-06,2.27523758111197e-06,1.21809781389542e-06
"2",0.155815726721006,0.122426265572093,0.123993710745295,0.12067915083323,0.110821847098922,0.0960093587761086,0.0786321931299515,0.0610483415535013,0.0450355255096307,0.0316401948070318,0.0212128209212546,0.0135964558886963,0.00834506564586745,0.00491194862988531,0.00277649402924189,0.00150911699952945,0.000789711180101063,0.000398329641586539,0.000193877930160391,9.11549510481422e-05,4.14429587279982e-05,1.82439356466885e-05,7.84184630228908e-06,3.30221318099912e-06,1.87848199645455e-06
"3",0.152224131221795,0.119849901657537,0.121777373864703,0.119051572183108,0.109968391968003,0.0959789138087537,0.0793319692094803,0.0622816819581805,0.046561731803755,0.0332311000252656,0.0226921831175067,0.0148562420692544,0.00934195346295451,0.00565172567720906,0.00329454804594135,0.0018530203581928,0.00100686932807589,0.000529116109281051,0.0002691678568609,0.000132657942987458,6.33872039972939e-05,2.93971774585866e-05,1.33610335520948e-05,5.96148942506162e-06,3.64142671539001e-06
"4",0.14653616505333,0.115743116221344,0.118201283225371,0.116364340473778,0.108473109539012,0.0957750610940527,0.0803008156210427,0.0641374270205728,0.0489388289454264,0.0357705209524662,0.0251050935307737,0.0169543479968176,0.0110375318738402,0.006937504640497,0.00421535516017468,0.00247866404978382,0.00141157764355859,0.000779022806447137,0.000416793865730316,0.000216230888184988,0.000108804551965712,5.31454938415321e-05,2.54789290542016e-05,1.1987363267175e-05,7.79305966273275e-06
"5",0.1386219391493,0.109981832452991,0.113107910888088,0.112428522981204,0.106131438031329,0.0952034142231342,0.0813838221540633,0.0665247296442246,0.0521531318997919,0.0393206159780679,0.0285753633845221,0.0200540311720922,0.0136103256099535,0.00894210941090604,0.00569137271692515,0.00351055436325663,0.00209889592693209,0.0012163560880523,0.000683173716046139,0.000371816722065576,0.000196093070569341,0.00010030188052796,5.03986555682232e-05,2.48269662329294e-05,1.70229141513041e-05
"6",0.12852969157916,0.10256531017358,0.106437539847355,0.10711294634323,0.102745503715996,0.0940235803165546,0.0823361174349873,0.0692356934723429,0.0560673078024643,0.0438323761964759,0.0331417484233538,0.0242658242944061,0.0172175640357602,0.0118424513058877,0.00789601985676895,0.00510252549743417,0.00319472671182211,0.00193728379887495,0.0011373817165673,0.000646324149478421,0.000355512098269224,0.000189507507206598,9.93473940512322e-05,5.10153564890535e-05,3.67009714784451e-05
"7",0.116587389017803,0.0936957679079339,0.0983074975910636,0.100417093897343,0.098182160967032,0.0919843003394743,0.0828296769237072,0.0719226652626977,0.0603718014327213,0.0490789588268078,0.0386832549373536,0.0295748323362042,0.0219323741708981,0.0157712037291432,0.0109909558132661,0.0074190001210584,0.00484785027211372,0.0030650002848934,0.00187420534661552,0.00110817610968248,0.000633739809193538,0.000351082151136946,0.000191600392350082,0.000102349130491773,7.70632290095911e-05
"8",0.103343040303436,0.083743787104976,0.088995983235403,0.0924789201164014,0.0924053813272474,0.0888742863997925,0.0825112678041979,0.0741501869865624,0.0646199374800736,0.0546682757439044,0.0449097093486713,0.0358148349235892,0.0277095839652814,0.0207823952813501,0.0150974596947386,0.0106151896715244,0.00721922252102258,0.00474651754704105,0.00301599810123801,0.00185183069680779,0.00109921936707457,0.000632062504568572,0.00035882833163269,0.000199247904946901,0.000156833638511898
"9",0.089457986155886,0.0731780299940308,0.0788925034553853,0.0835553854995735,0.0854921818452737,0.0845710864535529,0.08107414898438,0.0754744575252907,0.0682993375405837,0.0600940264494337,0.0513863413710533,0.0426672456625082,0.0343653095987193,0.0268205772521496,0.0202639636095856,0.0148095270671577,0.0104627142207891,0.00714222676130149,0.00470960370640513,0.00299972681713543,0.00184680476808139,0.00110176749561888,0.000650695079343832,0.000375533028461073,0.000308819658294106
"10",0.0756033366040056,0.0624932463174904,0.0684406770473183,0.0739893385815176,0.0776312865112961,0.0790736446289837,0.0783196812700653,0.0755228518181153,0.0709145527711205,0.0648067344150897,0.0575822718692683,0.0496822394600195,0.0415724500048189,0.0336974467994427,0.0264329462442095,0.0200495989745045,0.0146964980989958,0.0104060054603594,0.00711557886823516,0.00469908824429059,0.00299979274705751,0.00185676317879589,0.00114130209023635,0.000684688106911809,0.00058797988784563
"11",0.0623803791762091,0.0521511188446993,0.058084968699968,0.0641691962563535,0.0691039877088838,0.0725104464413733,0.0741943697880694,0.0740556031611227,0.0720635504142292,0.0682917137797251,0.0629365036430582,0.0563226559585367,0.0488781084044281,0.0410846050407193,0.0334156832251429,0.0262778423132837,0.0199682675494385,0.0146562202231614,0.0103881462707317,0.00711118745502398,0.0047070041689437,0.00302348294164473,0.00193551664203906,0.00120728020093176,0.0010821616922772
"12",0.0502616616368694,0.0425327094679814,0.0482218020459214,0.0544832073010363,0.0602490426233334,0.0651232945516279,0.0687990684387305,0.0710027429337441,0.0714988198676814,0.0701449894281892,0.0669355681135733,0.0620299537557274,0.0557476687329749,0.0485312557642878,0.040885299171704,0.0333065552597523,0.0262211479853396,0.0199411338596205,0.0146464079306873,0.0103916167917572,0.00713261659085935,0.00475627301172421,0.00317353891227192,0.00205860145385064,0.00192502437074836
"13",0.039560727927767,0.0339098652505099,0.0391638703910934,0.0452778868018617,0.0514202347662272,0.0572320376866524,0.0623701462108256,0.0664694292310632,0.0691601917144964,0.0701307233677915,0.0691865384776341,0.0662997766503284,0.0616293846493814,0.0555074564753888,0.0483940093497893,0.0408107276010715,0.0332686388887582,0.0262048700343215,0.0199399506559155,0.0146619293998652,0.010437254418835,0.00722858549888718,0.00503144407454153,0.00339479409527233,0.00330952638171571
"14",0.0304312283324845,0.0264377956567042,0.0311223121221528,0.0368279401334536,0.0429457372667358,0.0491892805034781,0.0552389165796018,0.0607107545483645,0.0651738805285918,0.068208551149666,0.0694701086388557,0.0687517820003051,0.0660277701358554,0.0614673153803528,0.0554155401271075,0.0483448357401479,0.0407872660691385,0.0332623980346403,0.0262150966725058,0.0199758709107621,0.0147507694073201,0.0106158428677252,0.00771521465775513,0.00541494403959159,0.00549884849669779
"15",0.0228879524461891,0.020164820396292,0.0242056508488046,0.0293204874530423,0.0350962316292227,0.0413351499690187,0.0477802538662414,0.0540847740108807,0.0598214388789218,0.0645277898823692,0.0677642530702875,0.0691801171992765,0.0685717031187383,0.0659213128508575,0.0614077184035494,0.0553849776209195,0.0483333377669834,0.0407923839751266,0.0332903828546081,0.0262865379040819,0.0201399455541714,0.0150702841244875,0.011446265103012,0.00835617070698364,0.00883006036592825
"16",0.016839747515259,0.015052797619071,0.0184312956449425,0.0228529301473616,0.0280655956467455,0.0339603926703233,0.0403618726959937,0.0469959788133823,0.0534884645254311,0.0593930702683873,0.0642360692834523,0.0675755097027939,0.0690639321214928,0.0685038589137599,0.0658845413550714,0.0613914324546082,0.0553852575587763,0.0483543732482826,0.0408501734716751,0.0334230579140657,0.0265773464416297,0.0206906728694848,0.016437851900108,0.012478972675672,0.0137048045422242
"17",0.0121257185796755,0.0110021262617417,0.013744667809942,0.0174417648204581,0.021964866889516,0.0272826638502998,0.0333031914492493,0.0398409523878895,0.0466052490599604,0.0532110138674391,0.0592060560272793,0.064116272946454,0.0675026987451836,0.0690225910441836,0.0684837218709386,0.0658809029014285,0.0614064741887588,0.0554317783863965,0.0484628765377905,0.0410856092670156,0.033919595414684,0.0274924362857307,0.0228639560623146,0.0180412951543683,0.0205615201912956
"18",0.00854890786804049,0.00787674749723303,0.0100414940655489,0.0130386746151066,0.0168276518025144,0.0214371448062602,0.0268486837713215,0.0329648937151102,0.0395907180714565,0.0464297188373732,0.0530940658575296,0.0591321845834005,0.0640725817712288,0.06748002461532,0.0690161962714591,0.0684944815587899,0.0659184104561831,0.0614958326311339,0.0556252425421786,0.0488650683089496,0.0419033860852056,0.0353855585106437,0.030824655105073,0.0252619047660629,0.0298257718868702
"19",0.00590356854977639,0.00552572774277716,0.00718936020136166,0.00954982334962135,0.0126235069634889,0.0164797251421947,0.0211568578309467,0.0266339106004278,0.0328083822987614,0.0394824955622384,0.0463588489962616,0.0530506918648183,0.0591087980452633,0.0640650039460613,0.067488609723933,0.0690482775358249,0.0685698685191588,0.0660802342976064,0.0618280883667281,0.0562885733600315,0.0501647702848704,0.0441671700058987,0.0403134604482362,0.0342758146240189,0.0418384317396884
"20",0.00399458154346819,0.00379973243869259,0.00504599884043884,0.00685497194348872,0.00927544159909733,0.0123992674854799,0.0163029565781882,0.0210240523960366,0.0265391038294644,0.0327446244040953,0.0394428945427514,0.0463378801430135,0.0530452140448028,0.0591192729724493,0.0640975692536888,0.0675592434979208,0.069191412183966,0.0688543579401592,0.0666340584723155,0.0628863977845331,0.0582819292130135,0.0535320924322642,0.0511903795928344,0.0450842254561955,0.056762341411636
"21",0.00264934687725757,0.00256212099907551,0.003473197820071,0.00482424477896796,0.00667837754842244,0.00913529344815612,0.0122921894385582,0.0162257059377848,0.0209725425429214,0.026509316185914,0.0327332982946111,0.0394485238457199,0.0463618098439669,0.0530933887663052,0.0592054886886779,0.0642497717465109,0.0678318927752225,0.0696874140989587,0.0697577175854825,0.0682709585281348,0.0658342275714708,0.0630959509313706,0.0631554652602521,0.0574934635221318,0.0744582929640493
"22",0.00172396351564717,0.00169575349479825,0.00234688716439709,0.00333235182355601,0.00471756317738642,0.00659955970982883,0.00908218004167895,0.0122634902228444,0.0162204733059615,0.0209907840439336,0.0265525317104855,0.0328053599042719,0.0395569430358161,0.0465200362788102,0.0533252370797729,0.0595536049763788,0.0647918918605178,0.0687089280951811,0.0711439949162414,0.072215895892634,0.0724589388843129,0.072406833235051,0.0756923621850795,0.071010825854947,0.0942836095904617
"23",0.0011071129057829,0.00110828239952394,0.00156639241828842,0.00227351825003987,0.00329059521679803,0.00470597492781716,0.00662065996372775,0.00914051437618822,0.012365375589536,0.01637431522346,0.021207271561797,0.0268450364050677,0.0331907627166237,0.0400576712786503,0.0471687328097108,0.0541744576624628,0.0606951533450283,0.0663903705850497,0.0710494599049028,0.0747175893272724,0.0778661402548473,0.0808860126204914,0.0879009429236247,0.084610505022592,0.114687152310711
"24",0.0007257573646093,0.000739512538958401,0.00106710442022003,0.00158223715719879,0.00233922986406416,0.00341642289957058,0.00490788108220645,0.00691917876540485,0.00956027453738121,0.0129344046938863,0.0171226409865892,0.0221650510587148,0.0280406194658665,0.0346497862465919,0.0418052238517064,0.0492378567970828,0.0566268264623641,0.0636592854221072,0.0701167818876436,0.0760083699037163,0.0817633297229825,0.0876375334145831,0.0981508971178375,0.0963053597209713,0.132518434617737
"25",0.00054799149245329,0.000565727280088743,0.000828667829404011,0.00124745095786226,0.00187189867317009,0.00277393270230494,0.0040423613912607,0.00578053286927004,0.00810132473972764,0.011118272389988,0.0149321843807112,0.0196136185360213,0.0251827580716075,0.0315899534998861,0.0387022475216531,0.0463031062193458,0.054115121893811,0.0618531925217218,0.0693065615084766,0.0764734441251265,0.0837639519059308,0.0913529121752265,0.103980540050424,0.10305155226671,0.142900694997813
