"","X0","X1","X2","X3","X4","X5","X6","X7","X8","X9","X10","X11","X12","X13","X14","X15","X16","X17","X18","X19","X20","X21","X22","X23","X24","X25","X26","X27"
"1",0.218279846638455,0.172782106179518,0.136981120062086,0.114545346222836,0.0948489576869256,0.076068257975476,0.0586432235661703,0.0433437147610664,0.0306871766903241,0.0208070990200238,0.013512286551232,0.00840728654592904,0.00501451915909279,0.00286913790059957,0.00157602736301634,0.00083181015126591,0.000422172373078666,0.000206207629830114,9.70047359893366e-05,4.39798773574878e-05,1.92292093813543e-05,8.11265902960689e-06,3.30435067403151e-06,1.30011853937928e-06,4.94781675615042e-07,1.81856406196164e-07,6.64975196274484e-08,2.94365048033623e-08
"2",0.20703277530496,0.16503231638642,0.132415294597959,0.112639396873325,0.0952349391229809,0.0782317475545585,0.0619476424778173,0.0471442634324934,0.0344419670724939,0.0241427406254612,0.016235520652567,0.0104758216417712,0.00648793861901792,0.0038587002893662,0.00220519524619672,0.00121170322712176,0.000640561496228023,0.000325989940877567,0.000159799713519815,7.54935080177698e-05,3.43891642464911e-05,1.51117048556307e-05,6.40879971933686e-06,2.62453105145114e-06,1.03932457587227e-06,3.97271620685903e-07,1.51414452764016e-07,7.00063273105643e-08
"3",0.187750815545921,0.151587395198867,0.124267242757059,0.108912781595621,0.0953878053421549,0.0814930057232274,0.0673186653236893,0.0535673846110243,0.0409837665403607,0.0301175103878981,0.0212462121077676,0.0143851807481861,0.00934875536476806,0.00583326441991,0.00349587400041822,0.00201318464473003,0.00111457370822157,0.000593542288344669,0.000304181839999006,0.000150096847578876,7.13475506805599e-05,3.26861030685745e-05,1.44387926485434e-05,6.1540346234391e-06,2.53493619221949e-06,1.00703473167663e-06,3.99771502212826e-07,1.92780807988476e-07
"4",0.16295391812795,0.133982064143248,0.1131479671479,0.103190515289309,0.0945333440311669,0.0847327523994654,0.0735603767213218,0.0615617370002409,0.0495397289869545,0.0382762806881525,0.0283713749888659,0.0201673180218967,0.0137473447360203,0.00898827676504378,0.00563858239199186,0.00339539115522949,0.00196359616526553,0.00109115823236946,0.000582953825027497,0.00029959227570136,0.000148188388307454,7.05861569514944e-05,3.23955022834551e-05,1.43363113561919e-05,6.12931269179762e-06,2.52560693910035e-06,1.04244912519497e-06,5.23179227559677e-07
"5",0.135409678285446,0.113952146812998,0.0998220370915706,0.095394802722227,0.091913136719444,0.0867507855472882,0.0793073557526177,0.0698502673774217,0.0591012262689366,0.047962435898328,0.0373004288051469,0.0277897561803328,0.0198340863883339,0.0135641690848483,0.00889180548856088,0.00558994192469124,0.00337191881599807,0.00195275359514411,0.00108636212951897,0.000580921472957215,0.0002987675490172,0.000147869717108443,7.04722865949707e-05,3.23688108043382e-05,1.43602510099086e-05,6.13642921871903e-06,2.63358828876313e-06,1.37500615009936e-06
"6",0.107860087416596,0.0933192018458616,0.085244714559957,0.0857123662763631,0.087031512515393,0.0865251570731062,0.0832319625072184,0.0770432135352319,0.0684313421325273,0.0582374761802772,0.0474520653173328,0.0370081428484724,0.0276279172696921,0.0197476864897926,0.0135198027637521,0.0088699309565598,0.00557959782364934,0.00336722994855795,0.00195071692383513,0.0010855153203842,0.000580586843409357,0.000298647834970816,0.000147841523084038,7.05023692290618e-05,3.24693490238027e-05,1.43944093294874e-05,6.42712014071144e-06,3.49084625551074e-06
"7",0.0824720662049468,0.0736412698513297,0.0704045778532534,0.0746105416011917,0.0798200700736964,0.0834780181245934,0.0843476499211958,0.0819138515436884,0.0762643109810272,0.0679829531606651,0.0579858278695889,0.0473143999443621,0.0369348764449325,0.0275900985367814,0.019728814089833,0.0135107232906267,0.00886572856823567,0.00557772958560505,0.00336643406889327,0.00195039521340918,0.00108539923276887,0.000580567106525858,0.000298685204251659,0.000147963042341241,7.07805075224933e-05,3.2571343045707e-05,1.51410756974165e-05,8.55555999392718e-06
"8",0.0606156790229062,0.0560378546415953,0.0561976181779744,0.0627701372140484,0.0706508653744386,0.0775784771774237,0.0821861128935201,0.0836108711053908,0.0815034041908967,0.0760414113386646,0.0678646877440303,0.0579244079818801,0.0472831891321938,0.0369193960874756,0.0275826305489755,0.0197253227713697,0.0135091469105725,0.00886504417395773,0.00557744796109886,0.00336633315965598,0.00195038526975256,0.00108546134004999,0.000580710095797382,0.00029901833253173,0.000148675968268188,7.10606427125613e-05,3.44176961773708e-05,2.02330466441209e-05
"9",0.0428777965347227,0.0411446354764032,0.0433290924414387,0.0509564432864138,0.0602235510273949,0.0692942986499254,0.0768412174422752,0.0817889964832579,0.0834019652049942,0.0813963983476401,0.0759878840863041,0.0678384353119734,0.0579117583342855,0.0472772051589278,0.0369166251222996,0.0275813799400759,0.0197247763724081,0.0135089206937948,0.00886496598397699,0.00557745167053071,0.0033664132653065,0.00195058840615184,0.00108584921789279,0.000581559386816457,0.000300772941343187,0.000149409982115415,7.54593003630747e-05,4.6149930970468e-05
"10",0.0292230104930218,0.0291635964534316,0.0322575153384036,0.0398771559081849,0.049384705563232,0.0594341440628216,0.068888777871434,0.0766343364558225,0.081685925287949,0.0833520671632155,0.0813728678256501,0.0759770181843638,0.0678334994774914,0.0579095487146492,0.0472762319155681,0.0369162064345825,0.0275812093355473,0.0197247225017128,0.0135089389313476,0.0088650653219979,0.0055776942061791,0.00336694399959405,0.00195157171191648,0.00108792908947342,0.000585723683649274,0.000302615807057022,0.000159501434188748,0.000101476827517462
"11",0.0192083244932741,0.0199650860081725,0.0231849306060102,0.0300706414887302,0.0389440973085816,0.0489422003406177,0.0592188792424244,0.0687845005514946,0.0765849678907655,0.0816632559283943,0.0833419636483187,0.0813684744235814,0.0759751428799705,0.0678327107535798,0.0579092232179533,0.0472761053627213,0.0369161733813928,0.0275812404917948,0.0197248392716494,0.0135092206350681,0.0088656862660478,0.00557900595898496,0.00336933889959821,0.00195648217270888,0.00109746060652425,0.00059015866230706,0.000324896588897384,0.000214992920439147
"12",0.0121876000725477,0.013207044527773,0.0160887381747867,0.0218494307830985,0.0295368654855601,0.0387047948446299,0.0488318141616601,0.0591680099788845,0.0687615457294923,0.0765749289787871,0.0816590088881229,0.0833402192820804,0.0813677751645941,0.0759748696822673,0.0678326118979263,0.0579092047273064,0.0472761467610262,0.0369163045294513,0.0275815560381646,0.0197255463745048,0.0135107340323236,0.00886880748968718,0.00558462593947896,0.00338051495467734,0.00197751076214681,0.00110768829959865,0.000637465621445427,0.000438636817980411
"13",0.00747098617988599,0.00844599168824554,0.0107812476645211,0.0153011613792204,0.0215547082776713,0.0294118504884899,0.0386500661637308,0.0488077951424869,0.059157656745324,0.0687572176311043,0.0765731827060012,0.0816583287838953,0.0833399646225146,0.0813676890494984,0.0759748594442941,0.0678326605781244,0.0579093477752777,0.047276489755719,0.0369170838652503,0.0275832548353285,0.0197291004780559,0.0135178955444065,0.00888151273244154,0.00560913330325191,0.00342520382092707,0.00200010199556118,0.00120419905039183,0.000861310298382946
"14",0.00442808048922661,0.00522419297563119,0.00697900477963781,0.0103320699529547,0.0151438888917805,0.0214915422788263,0.0293855918902259,0.0386390866466878,0.0488032693895398,0.0591558438075385,0.0687565179296475,0.0765729253680565,0.081658244924344,0.0833399577768851,0.0813677425417107,0.0759750120799804,0.067833026621018,0.0579101845026746,0.0472783392244918,0.0369210207692373,0.0275913054605464,0.0197449420801156,0.0135455536766931,0.00893325748495355,0.00570054738259361,0.00347296738163364,0.00218911031992339,0.00162677337344844
"15",0.00253956813906456,0.00312701833286794,0.00436600437949421,0.00673093508922912,0.010250865858754,0.0151129871732013,0.021479337907125,0.0293807306079272,0.0386371704240269,0.048802533768978,0.0591555739464131,0.0687564305847277,0.0765729187632954,0.0816583012540589,0.0833401178536975,0.0813681272690502,0.0759758957515211,0.0678349922927309,0.057914421857894,0.0472871445164585,0.0369386061702827,0.0276250740165914,0.0198028867708148,0.0136506761533606,0.00911310599806382,0.00579712990697754,0.00382793970475249,0.00295350550864367
"16",0.00141033598673398,0.0018122039716632,0.0026409408696649,0.00423319150165923,0.00669032595483239,0.0102362144465887,0.0151074868263601,0.0214772517555105,0.0293799455999895,0.0386368841004278,0.0488024405873311,0.0591555657461316,0.0687564879148538,0.0765730836115093,0.081658699536902,0.0833410369975696,0.0813701828868152,0.0759803547224222,0.067844365115076,0.0579334217251113,0.0473241707238136,0.0370079355475484,0.0277418338543712,0.0200082207900969,0.0139906980754457,0.00929971209425409,0.00643571561844353,0.00515129343887709
"17",0.000758922753535096,0.00101735520935124,0.00154544087284432,0.00257194261420643,0.00421350493137868,0.0066835879451247,0.0102338084937473,0.0151066190579046,0.0214769427805269,0.0293798452205921,0.0386368731353132,0.0488024969053107,0.0591557315204454,0.0687568922152397,0.0765740231025825,0.0816608134787994,0.0833456507030962,0.0813799444024002,0.0760003570529061,0.0678838940540481,0.0580085247764953,0.0474611809078648,0.0372340746786078,0.0281271484223169,0.0206253969391563,0.0143347976571918,0.010398717530156,0.00862551263886093
"18",0.000395968550861485,0.00055353897281074,0.00087540591861536,0.00151062831865846,0.00256268395852226,0.00421049742446357,0.00668256630273921,0.0102334603257097,0.0151065080546763,0.0214769276940391,0.0293798981964886,0.0386370346957166,0.0488028963626613,0.0591566694109063,0.0687590211017324,0.0765787055468553,0.0816707935263406,0.0833662506267551,0.081421088314136,0.076079586714676,0.068030546755254,0.0582689691614862,0.0478818519840732,0.0379281178127749,0.0292015785408032,0.0212301788481853,0.0161416198537123,0.013857007026349
"19",0.000200433127283454,0.000292045239313525,0.000480259512430456,0.000858335089677268,0.00150640131221709,0.0025613809690372,0.00421007777005507,0.00668243659386233,0.0102334386258953,0.0151065550251017,0.0214770790937022,0.0293802792744806,0.0386379418372103,0.0488049806733489,0.0591613036599347,0.0687689946632302,0.0765994779943318,0.0817126390658047,0.083447722186508,0.0815739212086709,0.0763550222809904,0.0685063680045744,0.0590199661637929,0.0490807248981948,0.0397201597206139,0.0302131775082682,0.0240633398284438,0.0213455386730285
"20",9.84834371592637e-05,0.000149481568362409,0.000255325762839896,0.000472118714744301,0.000856461064723037,0.00150585461789465,0.00256121841728626,0.00421004523149033,0.0066824746561082,0.0102335740505638,0.015106903624661,0.0214779227195707,0.0293822472396015,0.0386423794279877,0.0488146551055406,0.05918169246495,0.0688105194567046,0.0766811600129024,0.0818677088836807,0.0837310846483904,0.0820709371673304,0.0771896884975384,0.0697918357342726,0.0610039818041163,0.051941117173327,0.0413276851182172,0.0344427048039527,0.031510738596086
"21",4.69962117626438e-05,7.42611014081206e-05,0.000131613771633642,0.000251548534193187,0.000471312604254855,0.000856242267766367,0.00150580511156425,0.00256124471393339,0.00421016014844121,0.00668277912317882,0.0102343244329886,0.0151086840964474,0.0214820040560109,0.0293912860500699,0.038661713473474,0.0488545828813509,0.0592612648114452,0.0689634512176831,0.076964384754272,0.0823719181307176,0.0845916345151019,0.0834751258288519,0.0792971623307962,0.0729341039472338,0.0653680870386386,0.05436319710433,0.0473271744761519,0.0445579372663017
"22",2.17907533255635e-05,3.58230769911365e-05,6.58147990195869e-05,0.000129908620887483,0.000251214553035629,0.000471236727700873,0.000856254323381457,0.00150589740836681,0.00256149899826294,0.00421079859545428,0.00668432003692721,0.0102379173729379,0.0151167777399686,0.021499608723758,0.0294282385299176,0.0387365178342104,0.0490005248482623,0.059535448967976,0.0694590101961172,0.07782407167717,0.0837995660477132,0.0868543613246897,0.0867807283551672,0.0840547219776225,0.0792907300736623,0.068820416776009,0.06243139591224,0.0603354057492275
"23",9.82158477641593e-06,1.6787203862611e-05,3.19436949250225e-05,6.50675916877454e-05,0.000129781259716244,0.000251209786437298,0.000471307476897726,0.000856460442824444,0.00150642334994051,0.00256278606908721,0.00421384373711852,0.00669128627438608,0.0102533149506505,0.0151496329042814,0.0215672290359519,0.029562357229778,0.038992627629357,0.0494708716548417,0.0603651862029366,0.0708617694776922,0.0800905134191861,0.087287674738404,0.0918091125531602,0.093658800303609,0.0928829021719841,0.0839329738363871,0.0790810470218182,0.0782272683983045
"24",4.30517577580875e-06,7.64571788705586e-06,1.50571800587245e-05,3.16307734122914e-05,6.50375301205247e-05,0.000129834479421245,0.000251378713550388,0.0004717422721998,0.000857529855642448,0.00150897076081474,0.00256866538921615,0.00422697857480831,0.0067196598139837,0.0103125115417426,0.015268774899865,0.0217982723171423,0.0299935037828881,0.0397657492179809,0.0508009910737092,0.0625553074624483,0.0743026950039795,0.0852297986662074,0.0943772181383409,0.10129262356968,0.105332614116737,0.0987489607430734,0.0962326052829835,0.0971299379463329
"25",1.83691746833384e-06,3.38791512745402e-06,6.90150331989386e-06,1.49457403249648e-05,3.16701084406198e-05,6.5187701006311e-05,0.000130219863684576,0.000252317829482421,0.000473963519049026,0.00086263537329823,0.00152036402078644,0.00259331963086836,0.00427864342733407,0.00682436047337641,0.0105173986015584,0.015655336866665,0.022500289099298,0.0312184600987534,0.0418154324562428,0.0540806490031012,0.0675565354815481,0.0815401967673757,0.0949066618249589,0.106831024426034,0.115960891835436,0.112250011855149,0.112572941550802,0.115534416109513
"26",7.66791194613814e-07,1.46892845845005e-06,3.09576391609966e-06,6.91306220605967e-06,1.51031994148381e-05,3.20707814238969e-05,6.61415899380636e-05,0.000132425849974583,0.00025728579522915,0.000484853565950534,0.000885850394704188,0.00156843942809977,0.00268991198423922,0.00446666498460285,0.00717837987409824,0.0111610356259765,0.0167830847504391,0.0244005347500942,0.0342903043105399,0.0465644019923588,0.0610747109389321,0.0773211012404269,0.0941406984859253,0.110450818999838,0.124271672467437,0.123446081763365,0.126642365249048,0.13166381743217
"27",3.27614267416473e-07,6.5311651588762e-07,1.42646216763347e-06,3.29003838882167e-06,7.42341518585522e-06,1.62898977505471e-05,3.47446700488186e-05,7.2004152838509e-05,0.0001449340148462,0.000283245341859716,0.00053723331830815,0.000988531181136623,0.00176382484062602,0.00305040822729772,0.0051107514485448,0.00829098814478824,0.01301580896486,0.0197605109091855,0.0289912312834819,0.0410655256243617,0.056094771909413,0.0737801083420218,0.09298916003658,0.112492771444131,0.129855745477143,0.131327243438476,0.136828651334723,0.143492395351055
"28",1.82483693504062e-07,3.76451599427462e-07,8.47384945899759e-07,2.00781769597646e-06,4.65203897743711e-06,1.0483654627653e-05,2.29671114942495e-05,4.88965326169552e-05,0.000101128884748023,0.000203110425517112,0.000395975534485793,0.000749006797979349,0.00137393658916588,0.00244270001558718,0.00420656630569735,0.00701195277644435,0.0113048566818579,0.0176125078051846,0.0264891985249477,0.0384128509224087,0.0536286315585858,0.0719494224672048,0.0922743283077541,0.113316308076434,0.132422139715723,0.135056418031591,0.141730667171011,0.149227879932024
