"","X0","X1","X2","X3","X4","X5","X6","X7","X8","X9","X10","X11","X12","X13","X14","X15","X16","X17","X18","X19","X20","X21","X22","X23","X24","X25","X26","X27"
"1",0.224738180574939,0.170131525878301,0.152172595943742,0.128281591741462,0.103157802166225,0.0779862219186558,0.0552725107306544,0.0367459732969987,0.0229544146906999,0.013504343672407,0.00750048949868693,0.00394205958793812,0.00196462548177897,0.000930132837346453,0.000418972861953028,0.000179787741696564,7.35744344620942e-05,2.87381853110414e-05,1.07214758697001e-05,3.82246930375573e-06,1.30287104967801e-06,4.24668330892587e-07,1.32393620494675e-07,3.94812538220734e-08,1.12627546484215e-08,3.07590735554585e-09,8.05492912240867e-10,2.53159546241997e-10
"2",0.207463458727414,0.159189801049117,0.145661445224452,0.126630114994068,0.105583683437001,0.0831497765873965,0.0616379429396645,0.0430067766120581,0.0282769713046982,0.0175500674758256,0.0103007936071694,0.00572743298813073,0.00302145205501188,0.00151432266774401,0.000721884793193057,0.000327637417693508,0.000141698163617799,5.84382067834704e-05,2.29965333100723e-05,8.63953338545256e-06,3.1000744275273e-06,1.06282899937382e-06,3.48245196665155e-07,1.09075358973859e-07,3.26644037943315e-08,9.36308793837089e-09,2.5740400040593e-09,8.56752866358054e-10
"3",0.178993867050554,0.14071268567491,0.133961454585305,0.122627885378845,0.108374095664686,0.0908805204075019,0.0719541490848493,0.0537149364411505,0.0378124684725191,0.0251208351521633,0.0157680752607074,0.00936248802624557,0.00526490960032435,0.00280723087940614,0.00142078548152214,0.000683264817708249,0.000312518269625463,0.000136072249600444,5.64440435164006e-05,2.23218916897297e-05,8.4213288064949e-06,3.03250461798913e-06,1.0427738191283e-06,3.42537580329211e-07,1.0752765784871e-07,3.23057586746452e-08,9.31145788301498e-09,3.27747363003251e-09
"4",0.144543084938789,0.117532358621853,0.117975939212226,0.115290260339756,0.109275052796418,0.0984761813233966,0.083811278499948,0.067197127752753,0.0507228385469972,0.036059325476411,0.0241640232955366,0.0152807489336995,0.00913022689456215,0.00516102357355081,0.0027635008314463,0.00140341607477656,0.000676739011184673,0.000310193808568755,0.000135285588269742,5.61905765905915e-05,2.22439862004245e-05,8.39844570852722e-06,3.02607363847434e-06,1.04105418221064e-06,3.42145208354562e-07,1.0762485763797e-07,3.24918680911614e-08,1.20816045911464e-08
"5",0.109302529317179,0.092697414251422,0.0990548457728977,0.104121283122527,0.106315382033654,0.10316088434277,0.0943938520100528,0.081205681053278,0.0656257437823046,0.0498339321687944,0.0355891436344516,0.0239315202137294,0.0151731208037013,0.00908349729468493,0.00514195538887525,0.00275617383151647,0.00140076002502161,0.00067582914288066,0.000309898792715974,0.000135194912513878,5.61641201303607e-05,2.2236651432233e-05,8.3965256259012e-06,3.02565044113906e-06,1.04116629033206e-06,3.42933850551873e-07,1.08454181798665e-07,4.26030784135745e-08
"6",0.0775433629182445,0.069054408460373,0.0790189979863156,0.0895747240035615,0.0985324991884651,0.102817979508723,0.100985766374281,0.0930819083037792,0.0804485694987826,0.0652122254508866,0.0496215456522718,0.0354868234150386,0.0238852906548143,0.0151535145637791,0.00907568203121169,0.00513902343259393,0.00275513724235525,0.00140041422424127,0.000675720172439323,0.00030986632177418,0.000135185758618155,5.61616913424151e-05,2.22361061928737e-05,8.39663615694517e-06,3.02650190707357e-06,1.04419926302997e-06,3.46057179212282e-07,1.43645410175072e-07
"7",0.0517292270767423,0.048621229183445,0.0597446782903399,0.0729954892641387,0.0863270754019588,0.0966652220842392,0.101740766405341,0.100375285048612,0.0927464211340246,0.0802721987314704,0.0651243940669379,0.0495803268002981,0.0354686299289588,0.0238777398720369,0.015150566604424,0.00907459855541426,0.00513864825730583,0.00275501474889282,0.00140037648730406,0.000675709200321694,0.000309863327502405,0.00013518505395107,5.61617976419458e-05,2.22370576915443e-05,8.39989413556289e-06,3.03732616529784e-06,1.0553471312691e-06,4.63053576213793e-07
"8",0.0325266779386746,0.0323860061911468,0.0427520222588416,0.0561703910749228,0.0712238270866201,0.0853896039437325,0.096165193342613,0.101476175033313,0.100237703296792,0.0926771426114255,0.0802388546736092,0.0651091782913124,0.049573770200738,0.0354659664365881,0.0238767203818022,0.0151501989277666,0.00907447358814034,0.00513860821646411,0.00275500265591199,0.00140037306516547,0.000675708368924083,0.000309863411199219,0.000135186138254606,5.61654415912322e-05,2.22485846234403e-05,8.43671974026466e-06,3.07525387451952e-06,1.42686621406117e-06
"9",0.0193209648845778,0.0204270187351365,0.0289371149397758,0.0407615804755773,0.0552587151560961,0.0707785035210966,0.0851703746515022,0.0960575358308983,0.101423605965115,0.100212515971342,0.0926654839867742,0.0802336991074207,0.0651070140231989,0.0495729105351391,0.035465643888729,0.0238766061714238,0.0151501607826907,0.00907446158002496,0.00513860467818142,0.00275500176801489,0.00140037318360014,0.000675709528860285,0.000309867560706278,0.000135198974746273,5.6204335631135e-05,2.2368238451176e-05,8.55975586690035e-06,4.20176942330961e-06
"10",0.0108636713241208,0.0122123984870169,0.0185282901972801,0.0278926931480037,0.0403173946113005,0.0550575900295867,0.0706871028586308,0.0851289297138355,0.0960386851057664,0.101415082229264,0.100208747529475,0.0926638775897501,0.0802330446504738,0.0651067604812802,0.0495728174174678,0.0354656115340406,0.0238765955561097,0.0151501575219421,0.00907446073930763,0.00513860484488118,0.0027550031401422,0.00140037765250578,0.000675724067907655,0.000309910683602303,0.000135324416610552,5.65756306033142e-05,2.27487168274478e-05,1.18201222688903e-05
"11",0.00579229546965712,0.00692759010187617,0.011229015212286,0.0180102338278754,0.0276872182072402,0.0402307249705724,0.0550211495743003,0.0706718920066373,0.0851225346919043,0.0960359812879086,0.101413950351179,0.100208285856682,0.0926636961343721,0.080232976394046,0.0651067360196412,0.0495728090978888,0.0354656088782238,0.0238765948572325,0.0151501577425333,0.00907446226274393,0.00513860999745511,0.00275501878633785,0.00140042619442536,0.000675862559256311,0.000310297387596083,0.000136424463919597,5.76968514415397e-05,3.17508147694559e-05
"12",0.00293304435439063,0.00373235209349976,0.00644687211635435,0.0109854759600437,0.017919810594349,0.0276515011762062,0.0402167740483728,0.0550157910821437,0.0706698219431286,0.0851217237451095,0.0960356629968094,0.101413827291145,0.100208239584657,0.0926636793516466,0.0802329705600511,0.0651067341041457,0.0495728085915176,0.0354656091302841,0.0238765964331032,0.0151501632792809,0.00907447991075064,0.00513866203209906,0.00275517359060404,0.00140085129655749,0.000677001623167049,0.000313407911008945,0.000139571481759413,8.13937178158918e-05
"13",0.00141239698087478,0.00191172205371499,0.00350997073191321,0.00633814875763462,0.0109475705253502,0.0179057173330642,0.0276463598067482,0.0402149527470618,0.0550151465884596,0.0706695897346017,0.0851216391076981,0.0960356323032317,0.101413816367442,0.100208235805056,0.0926636781033759,0.0802329702399471,0.0651067343588702,0.0495728100716309,0.0354656146564192,0.0238766149083254,0.015150220667204,0.00907464474221352,0.00513913338788621,0.00275642006220708,0.00140405567519243,0.00068539164640496,0.000321815564584673,0.000198997072887611
"14",0.00064752886718918,0.00093177427093464,0.00181417031745477,0.00346380632200269,0.0063230000898598,0.0109422443094375,0.0179038917864528,0.0276457607724015,0.0402147585885617,0.0550150825362532,0.0706695682130153,0.085121631858048,0.0960356298922226,0.101413815594349,0.100208235624612,0.0926636783396042,0.0802329715228158,0.0651067393999512,0.0495728280228604,0.0354656732317993,0.0238767925309315,0.0151507179142876,0.00907601407133229,0.00514262230921815,0.00276502402229973,0.00142562931326178,0.000706755126179106,0.000463655152665727
"15",0.000282907615064405,0.000432527593101281,0.000891131043720115,0.00179550539741886,0.00345803223772186,0.00632107265555054,0.0109416199970846,0.017903700979795,0.0276457039977952,0.040214741461932,0.0550150772513006,0.0706695665717885,0.0851216313634261,0.0960356297951314,0.101413815800723,0.100208236682284,0.0926636826241598,0.0802329875639719,0.0651067949135586,0.0495730048562528,0.0354661964932959,0.0238782204060235,0.0151545102802434,0.00908532868578717,0.005164655718372,0.00281786600581778,0.0014772083091761,0.00102864369950463
"16",0.000117886186380102,0.000191368933871252,0.000416425492032735,0.000883939021129773,0.00179340603086857,0.00345736479480258,0.0063208672329544,0.0109415611829604,0.0179036848591024,0.0276456995486214,0.0402147402028505,0.0550150768991897,0.0706695665139628,0.0851216315354533,0.0960356306435286,0.101413819287866,0.10020825013385,0.0926637312947359,0.080233151217504,0.0651073032039329,0.0495744715449729,0.0354700971908378,0.0238882241872131,0.0151782071787922,0.00913909353823334,0.00528783395189639,0.00293605630198158,0.00217091189047697
"17",4.68811729538001e-05,8.07568312050172e-05,0.000185297253688086,0.000413782791643736,0.000883210976454944,0.00179318505615181,0.00345729985282014,0.00632084971563771,0.0109415567440212,0.0179036837384448,0.0276456992631803,0.0402147401590427,0.0550150770335824,0.0706695671785815,0.085121634292428,0.096035641468233,0.101413859530821,0.10020839094868,0.0926641909541294,0.0802345416623889,0.0651112126990757,0.0495846016663634,0.035495206144306,0.0239456092711791,0.0153030850374624,0.00941207124755205,0.0055445299481665,0.00435383736180834
"18",1.78021982258262e-05,3.25227323992024e-05,7.85763787866046e-05,0.000184370856413187,0.00041354202955117,0.000883141103061766,0.00179316536100035,0.00345729481996948,0.0063208485329101,0.0109415564746918,0.0179036836962046,0.0276456993589163,0.0402147406557689,0.0550150791410986,0.0706695755915251,0.0851216661951353,0.0960357560465936,0.101414247473204,0.100209619770327,0.0926678079340564,0.0802444438494888,0.0651362000186875,0.0496444987062822,0.0356273211217111,0.0242213552418837,0.0158775071436105,0.00993968318422115,0.00828829438427782
"19",6.45729676702715e-06,1.2505335685777e-05,3.17766618922522e-05,7.82664879137213e-05,0.000184294960987183,0.000413520952996659,0.000883135382862304,0.00179316396888377,0.00345729451754888,0.0063208484831003,0.0109415565350475,0.0179036840421473,0.0276457008841078,0.040214746917398,0.0550151034112053,0.0706696647430393,0.0851219760809574,0.0960367721108937,0.10141737014238,0.10021855755683,0.0926916166629356,0.0803029217716589,0.065271823345252,0.0499332671609041,0.0362053700930457,0.0253675286497303,0.0169019830295227,0.0149590928143081
"20",2.23786410401023e-06,4.59254843836242e-06,1.22620544752971e-05,3.16777310763538e-05,7.82436933996033e-05,0.000184288904658247,0.000413519365182174,0.000883135014096903,0.00179316390187564,0.00345729454976786,0.00632084870869364,0.0109415575728871,0.0179036884550671,0.0276457184985176,0.0402148132341928,0.0550153396145239,0.0706704601512885,0.0851245030211383,0.0960443062536607,0.101438326706913,0.100272838845544,0.0928213071240674,0.080593994050874,0.0658701368431375,0.0510818871697591,0.0383706887084742,0.0272429991777381,0.0255661702364498
"21",7.41086911231621e-07,1.61123598060623e-06,4.51694254269965e-06,1.22319132556831e-05,3.16712120222204e-05,7.82420382950918e-05,0.000184288485333975,0.000413519276941527,0.000883135027185263,0.00179316404994232,0.00345729524326742,0.00632085171744285,0.0109415698704848,0.0179037358665256,0.0276458912012713,0.0402154085189171,0.0550172798542183,0.0706764288150866,0.0851417547233438,0.0960908960939961,0.101555558695618,0.100545076645226,0.0934125495807404,0.0817672092318288,0.0680298882610531,0.0549483752880862,0.0416003280138986,0.0413267811105857
"22",2.3450235331804e-07,5.40076235841468e-07,1.58884506957132e-06,4.5081798127275e-06,1.22301392598511e-05,3.16707836897278e-05,7.82419383171806e-05,0.0001842884893468,0.000413519392864676,0.00088313554716083,0.00179316623515421,0.00345730405867454,0.00632088569505909,0.0109416945668418,0.0179041708516466,0.0276473321884797,0.040219933373888,0.0550307150324884,0.0707139813700523,0.0852400123996775,0.0963306726279826,0.102095999429985,0.101680209946397,0.0955861251446753,0.0856029765368223,0.0745437318054687,0.060166294344271,0.0631148364983268
"23",7.08927982215467e-08,1.72954117683202e-07,5.33758899745746e-07,1.58641506588689e-06,4.5077222452415e-06,1.2230040958359e-05,3.16707895601981e-05,7.82420604255509e-05,0.000184288995046096,0.000413521356804727,0.000883142968941773,0.0017931934859875,0.00345740085839031,0.00632121690326305,0.0109427820698557,0.0179075867075606,0.0276575601295664,0.0402490193911375,0.0551088715945326,0.0709112119890262,0.0857051452386921,0.0973454861557186,0.104154189046252,0.105479177342647,0.102008410842269,0.0959352395013588,0.0824278925200541,0.090985648268826
"24",2.0469759329995e-08,5.2908089568242e-08,1.71257244857381e-07,5.33118282351056e-07,1.58631180503751e-06,4.50773813305365e-06,1.22301961039672e-05,3.16714008490025e-05,7.82443044317609e-05,0.000184296941341641,0.000413548627793449,0.000883233821357021,0.00179348729634548,0.00345832197807898,0.00632401003170783,0.0109509501251897,0.0179305337298056,0.0277192148785261,0.0404065297088519,0.0554888368550562,0.0717712351959022,0.087511867571196,0.100871171351045,0.110411660494331,0.115596276734545,0.117401622836607,0.107027231720873,0.123726952396748
"25",5.64302160134325e-09,1.545692402563e-08,5.24768740311066e-08,1.71107647838918e-07,5.33144308966532e-07,1.58651542638181e-06,4.5085295194198e-06,1.22330612793975e-05,3.16813035325475e-05,7.82771124423266e-05,0.000184401432664456,0.000413869378675677,0.000884184760156399,0.00179621410075145,0.00346588898345506,0.00634432344567913,0.0110036068042642,0.0180619234653857,0.0280332017629669,0.0411202545394917,0.0570207529337952,0.0748401747818894,0.093232962608877,0.110583732996529,0.125375050198881,0.137062578376606,0.131823325517714,0.158624489561242
"26",1.4855106562703e-09,4.31469681752875e-09,1.53699835496155e-08,5.25151829528525e-08,1.71406728574133e-07,5.34289130943117e-07,1.59061756259185e-06,4.5225327980859e-06,1.22786867410223e-05,3.18233697416761e-05,7.87004396417432e-05,0.000185610411163814,0.000417183876236613,0.000892922318907553,0.00181839697885126,0.00352019694265552,0.00647261041539548,0.0112958561636226,0.0187024617370342,0.029377549933812,0.0438045333001404,0.0620631868785768,0.0836976322000231,0.107462620338473,0.131303857903078,0.153221588117067,0.154109617882841,0.191524479574404
"27",3.8138426603078e-10,1.17815112416954e-09,4.41459345445573e-09,1.5846631947345e-08,5.43214868735717e-08,1.7782031912667e-07,5.55990985148234e-07,1.66066350233902e-06,4.73826050847952e-06,1.29128424994015e-05,3.36032485058563e-05,8.34718737786249e-05,0.000197833191280598,0.000447121011672748,0.000963084167434263,0.0019758870262436,0.00385912322752484,0.00717250086698603,0.0126828462542043,0.0213364415589697,0.0341546826874033,0.0520119080575525,0.0753317652697093,0.10345407528074,0.134174127339884,0.164419621378219,0.170725767803115,0.216956018036715
"28",1.27293783485626e-10,4.19468859924627e-10,1.65610127278374e-09,6.25161642417115e-09,2.25108488011797e-08,7.73325166840597e-08,2.53544465500003e-07,7.93535020812662e-07,2.37105591021461e-06,6.76351840747967e-06,1.84162298636343e-05,4.78544412946409e-05,0.00011862965957171,0.000280438473729683,0.000631914270541628,0.00135660353702005,0.00277352017795767,0.00539798404241442,0.00999813785074492,0.0176178924480865,0.0295216029189712,0.0469828376219861,0.0709116232760178,0.101025750190851,0.135130888224219,0.169646629405141,0.178855171745574,0.229673815534366
