"","X0","X1","X2","X3","X4","X5","X6","X7","X8","X9","X10","X11","X12","X13","X14","X15","X16","X17","X18","X19","X20","X21","X22","X23","X24","X25","X26","X27"
"1",0.235770497656611,0.208489519088348,0.192218446814325,0.146813839926659,0.0982733978112422,0.058728104546452,0.0318174486307329,0.0157833813041453,0.00721315297165299,0.00304924104294107,0.00119538468745995,0.000435292511440859,0.000147370920932986,4.64076002294498e-05,1.35936881120836e-05,3.70292930291848e-06,9.37505069995644e-07,2.20416288337524e-07,4.80641459047207e-08,9.70483883521786e-09,1.81055330270299e-09,3.11242140364417e-10,4.91299068397533e-11,7.0903116661402e-12,9.30426860135405e-13,1.10254043835443e-13,1.16944299623874e-14,1.19276591678974e-15
"2",0.204512430125214,0.187965336098413,0.183467662406462,0.151207797260023,0.110629746439022,0.0728800954256913,0.0436953506455353,0.0239905551818406,0.0121076626934608,0.00563214908444565,0.00241990446630967,0.000962029608436091,0.000354367169756305,0.00012107900527374,3.84037773556544e-05,1.13127653764384e-05,3.09532825476224e-06,7.86474891507896e-07,1.85452521425961e-07,4.05412517940196e-08,8.20394526103738e-09,1.53364711349176e-09,2.64153318660243e-10,4.17782653836418e-11,6.04170632641282e-12,7.94612732270969e-13,9.44116104688193e-14,1.10563520955522e-14
"3",0.15771244600496,0.154553529225164,0.165379564026491,0.153070494338772,0.127055514428038,0.0950899005498157,0.064460063634505,0.0397102710755072,0.022303260304077,0.0114586797893989,0.00540262811309329,0.00234457208508976,0.000938902489036598,0.000347690655155944,0.000119261244595978,3.79368625329835e-05,1.11997931548256e-05,3.06965097606249e-06,7.81010819385128e-07,1.84367744689744e-07,4.03410799568942e-08,8.1697490313617e-09,1.52826287238789e-09,2.63376020738651e-10,4.1676018019163e-11,6.02961456989729e-12,7.93467427927781e-13,1.05107856776393e-13
"4",0.108651396460649,0.115508772922988,0.138128716608142,0.145927649950264,0.138762590223962,0.118382370330002,0.0906580159582651,0.0624887851303767,0.0389301681071847,0.0220247749906554,0.0113679616315276,0.00537539934735277,0.00233696460293642,0.000936905999173698,0.000347194781839794,0.000119144186002583,3.7910579995873e-05,1.11941935162667e-05,3.06852380663727e-06,7.8079755295056e-07,1.84330026143688e-07,4.03348795235683e-08,8.16880741978216e-09,1.52813167303911e-09,2.63359437184202e-10,4.16749747106556e-11,6.03130771435204e-12,8.95751378458894e-13
"5",0.0670473744757139,0.0781671894136572,0.105241947094271,0.12716966971829,0.13840584549543,0.134430942893143,0.116276144736595,0.08976908716587,0.0621567532333203,0.0388191762270409,0.0219912823640243,0.0113587781211645,0.00537309213012206,0.00233642878875045,0.000936789798045684,0.000347171028707601,0.000119139577705361,3.79097286533297e-05,1.11940438724872e-05,3.06849885919497e-06,7.80793627581803e-07,1.84329446298576e-07,4.03347995979013e-08,8.16879724157954e-09,1.52813114597282e-09,2.63368251399315e-10,4.16953421631089e-11,6.89702979302572e-12
"6",0.037233741180873,0.0478759070017641,0.0725490650595165,0.0997505761558107,0.123632568028964,0.13645706912125,0.133521532649812,0.115908068296916,0.0896375433656586,0.0621148482178745,0.0388071999433709,0.0219882005188455,0.0113580600712878,0.00537293970294361,0.00233639903298762,0.000936784400653286,0.000347170109840809,0.000119139429794392,3.79097060989555e-05,1.11940406207049e-05,3.06849841841218e-06,7.80793571745278e-07,1.84329439771175e-07,4.03347992801607e-08,8.16880409887154e-09,1.52821353130405e-09,2.63561597991612e-10,4.83092745491834e-11
"7",0.0186971410101226,0.0265810275574428,0.0451460745450326,0.0700818038690728,0.0982556809521841,0.122841852920732,0.13610149339265,0.133382874487339,0.115860384518992,0.0896229607629091,0.0621108634898776,0.038806226083288,0.0219879870348877,0.01135801796441,0.00537293217557115,0.00233639780100299,0.000936784213730189,0.000347170083219646,0.000119139426214443,3.79097056440334e-05,1.11940405664556e-05,3.06849841238952e-06,7.80793571534502e-07,1.84329443886228e-07,4.03348624999152e-08,8.16948371429846e-09,1.52984529657288e-09,3.09491678240288e-10
"8",0.00852674980783655,0.0134130149600184,0.0253931901686202,0.044146734845566,0.0695119161841075,0.0979656502069772,0.122715822694707,0.136054000142884,0.133367102224573,0.115855732929337,0.089621738328068,0.0621105776312202,0.0388061666013343,0.0219879760292634,0.0113580161464262,0.00537293190539497,0.00233639776439681,0.000936784209126234,0.000347170082675616,0.000119139426153677,3.79097056376823e-05,1.11940405659095e-05,3.06849841616544e-06,7.80793610114787e-07,1.84329959776067e-07,4.03399240027098e-08,8.18185317547803e-09,1.82134763432576e-09
"9",0.00354388298606361,0.00616879135832491,0.0129475144399871,0.0250270571446583,0.0439504538787852,0.0694156997570188,0.0979251719975587,0.122701051432083,0.136049251268106,0.133365747079541,0.11585538886156,0.0896216608788823,0.0621105622183518,0.0388061639034027,0.0219879756141204,0.0113580160901281,0.00537293189859442,0.00233639776364861,0.0009367842090497,0.00034717008266821,0.000119139426153018,3.79097056383184e-05,1.11940405976116e-05,3.06849873123536e-06,7.80797403883424e-07,1.84364219864794e-07,4.04247767019717e-08,9.87994678136072e-09
"10",0.00134574450554288,0.00259215314589267,0.00600391642279279,0.0128259579202205,0.0249659873045302,0.043921621754501,0.0694039443122446,0.0979210131685268,0.122699755156569,0.136048892529267,0.133365658766093,0.115855369623873,0.0896216571906427,0.0621105616019592,0.0388061638141412,0.021987975602977,0.0113580160889248,0.00537293189847952,0.0023363977636386,0.000936784209048864,0.000347170082668205,0.000119139426158962,3.79097058727957e-05,1.11940428952318e-05,3.06852403459664e-06,7.8100925354672e-07,1.84894063438967e-07,4.95351887782873e-08
"11",0.000467671284334135,0.000997035409878898,0.00253927665721565,0.00596731912412208,0.0128088157792683,0.0249582030702645,0.0439185454069873,0.0694028890733077,0.0979206942046715,0.122699669471343,0.136048872032862,0.133365654428149,0.11585536881762,0.0896216570608595,0.0621105615840718,0.0388061638120608,0.0219879756027747,0.0113580160889082,0.00537293189847832,0.00233639776363851,0.000936784209049429,0.000347170082713648,0.000119139427721981,3.7909720964602e-05,1.11941967371806e-05,3.0697256316724e-06,7.8403478717763e-07,2.30031578718457e-07
"12",0.00014886243381763,0.000351441895543003,0.000981671455826911,0.00252928380754032,0.00596298683512978,0.0128069284392079,0.0249574805156076,0.0439183053048212,0.0694028187647042,0.097920675883171,0.12269966521132,0.136048871154983,0.133365654269244,0.115855368792796,0.0896216570575668,0.0621105615837099,0.0388061638120287,0.0219879756027724,0.011358016088908,0.00537293189847836,0.00233639776364333,0.000936784209360601,0.00034717009216978,0.000119139517610805,3.7910577062992e-05,1.12004681818078e-05,3.08558208670842e-06,9.90982706849911e-07
"13",4.3409890341689e-05,0.000113581386840142,0.000347398488916693,0.000979197483283896,0.0025283004207581,0.00596257742353061,0.0128067767698878,0.024957431771473,0.0439182915072474,0.0694028152851911,0.0979206750980973,0.122699665053808,0.13604887112715,0.133365654265001,0.115855368792249,0.0896216570575092,0.0621105615837051,0.0388061638120284,0.0219879756027724,0.0113580160889085,0.00537293189851478,0.00233639776557131,0.000936784261573687,0.000347170580248241,0.000119143892269854,3.79407720999135e-05,1.12769555046255e-05,3.96496551832793e-06
"14",1.15933439796726e-05,3.36538716360967e-05,0.000112618482085291,0.000346843358125559,0.000978997554274704,0.00252822130100747,0.00596254910181808,0.0128067679856539,0.0249574293755391,0.0439182909248819,0.0694028151581973,0.0979206750733594,0.122699665049542,0.136048871126514,0.133365654264921,0.115855368792241,0.0896216570575085,0.0621105615837051,0.0388061638120286,0.0219879756027775,0.0113580160891599,0.00537293190941623,0.00233639802995507,0.000936786688046542,0.00034719116176714,0.0001192782588184,3.82810935830207e-05,1.47439494577129e-05
"15",2.83328294293013e-06,9.13647858210428e-06,3.34466876969294e-05,0.000112505638929997,0.000346807068326152,0.000978984003383113,0.00252821662145611,0.00596254770451515,0.0128067676198239,0.0249574292903167,0.0439182909070387,0.0694028151548428,0.0979206750727971,0.12269966504946,0.136048871126504,0.13336565426492,0.115855368792241,0.0896216570575088,0.0621105615837085,0.0388061638120812,0.0219879756044118,0.0113580161459551,0.00537293314258371,0.00233640911526747,0.000936876027184038,0.000347744572317412,0.000120677170006785,5.09710051987113e-05
"16",6.32800439326633e-07,2.27028074887995e-06,9.0962851208012e-06,3.34259218639509e-05,0.000112499779707517,0.000346805025110594,0.000978983323888994,0.00252821642661638,0.00596254765575586,0.0128067676090149,0.0249574292881647,0.0439182909066523,0.0694028151547804,0.0979206750727882,0.122699665049459,0.136048871126504,0.133365654264921,0.115855368792248,0.089621657057567,0.0621105615842789,0.0388061638224949,0.0219879758806174,0.0113580214702886,0.00537297983433345,0.00233676753066788,0.000938987721997674,0.000353062583382162,0.000163807750587968
"17",1.28927604580568e-07,5.15562879800936e-07,2.26327015730436e-06,9.09282894919687e-06,3.34250839877397e-05,0.000112499510882408,0.000346804939192431,0.000978983300288974,0.00252821642099386,0.00596254765457947,0.0128067676087951,0.0249574292881277,0.0439182909066466,0.0694028151547796,0.0979206750727882,0.122699665049461,0.136048871126517,0.133365654265028,0.11585536879304,0.0896216570634865,0.0621105616513463,0.0388061650989708,0.0219879972918978,0.0113582033951368,0.00537431074589153,0.00234423728810708,0.000957695092731432,0.000489157607733736
"18",2.39039903919513e-08,1.06786901786201e-07,5.14467631189631e-07,2.26275070735482e-06,9.09272333174576e-06,3.34250534949945e-05,0.000112499501541142,0.000346804936740163,0.000978983299734437,0.00252821642088521,0.00596254765456072,0.0128067676087922,0.0249574292881273,0.0439182909066466,0.0694028151547813,0.0979206750728078,0.122699665049641,0.136048871127897,0.133365654274159,0.115855368850078,0.089621657506553,0.0621105674011052,0.0388062460265654,0.0219886555727902,0.0113627841422399,0.00539881259788669,0.00240513788963766,0.00135612403077202
"19",4.02035552832028e-09,2.0122190283511e-08,1.06634412067898e-07,5.14397305729893e-07,2.26273902808381e-06,9.09272039916301e-06,3.34250526372977e-05,0.000112499501326444,0.000346804936694108,0.000978983299726026,0.00252821642088389,0.00596254765456055,0.0128067676087923,0.0249574292881293,0.0439182909066719,0.069402815155034,0.0979206750749022,0.122699665064282,0.136048871216499,0.133365654763025,0.115855371766413,0.0896216833554012,0.0621108585581192,0.0388084693148934,0.0220032911706,0.011437311701128,0.00558221624932457,0.00348615130726623
"20",6.10880786353629e-10,3.43825716250703e-09,2.0103396078116e-08,1.0662586998893e-07,5.14396177137753e-07,2.2627387944772e-06,9.09272033439377e-06,3.34250526218949e-05,0.000112499501323302,0.000346804936693573,0.000978983299725959,0.00252821642088406,0.00596254765456324,0.012806767608825,0.0249574292884625,0.0439182909095637,0.0694028151764439,0.0979206752111313,0.122699665819687,0.136048874979401,0.133365673381197,0.11585548969432,0.0896226980524077,0.0621179179075448,0.0388519647048781,0.0222134671622209,0.0119477930604892,0.0082959995439057
"21",8.34208024514634e-11,5.30532290549727e-10,3.4362248903076e-09,2.01024710707797e-08,1.06625774808869e-07,5.14396162218244e-07,2.26273879061293e-06,9.09272033352964e-06,3.34250526217275e-05,0.00011249950132329,0.000346804936693834,0.000978983299729716,0.00252821642092843,0.00596254765500934,0.0128067676127029,0.0249574293178086,0.0439182911033139,0.0694028162954187,0.0979206808998696,0.122699691706297,0.136048986660062,0.133366216126001,0.115858978447894,0.0896439714686935,0.0622384877866092,0.0394013256895187,0.0235247253135908,0.0182371540722043
"22",1.01695882573177e-11,7.35381233785979e-11,5.30341777501259e-10,3.4361364645223e-09,2.01024640471675e-08,1.06625774076417e-07,5.14396162046513e-07,2.26273879057838e-06,9.09272033353791e-06,3.34250526220337e-05,0.000112499501328065,0.000346804936752953,0.000978983300337044,0.00252821642624893,0.00596254769549211,0.0128067678832046,0.0249574309139118,0.0439182994452226,0.0694028550474696,0.0979208423462319,0.122700314557622,0.136051461643963,0.133378219715898,0.115920547158804,0.0899569542170935,0.0635688411102507,0.042502753913984,0.0369402344998525
"23",1.09721048433437e-12,9.0954532136185e-12,7.35228873231962e-11,5.30334426001852e-10,3.43613600970672e-09,2.01024640205424e-08,1.06625774071242e-07,5.14396162053655e-07,2.2627387908009e-06,9.09272033774391e-06,3.34250526818255e-05,0.000112499502006402,0.000346804943131204,0.000978983351354512,0.00252821677984889,0.00596254984639154,0.0128067794604379,0.0249574863367281,0.0439185363269166,0.0694037642242369,0.0979240329391702,0.122711207322526,0.136092841746264,0.133551380679743,0.116685383673983,0.0929402590173079,0.0703014972640208,0.0687323508995362
"24",1.03601594274851e-13,9.95172424868187e-13,9.09443606051767e-12,7.35223673042096e-11,5.30334400485752e-10,3.43613600909997e-09,2.01024640248075e-08,1.06625774204521e-07,5.14396164978937e-07,2.2627388387326e-06,9.09272095171336e-06,3.3425059067567e-05,0.000112499557478776,0.00034680535416598,0.000978985990671333,0.0025282316412707,0.0059626238620331,0.0128071074941028,0.0249587858104927,0.0439231586160122,0.0694186826519804,0.0979692648823955,0.122852245540939,0.136569643383767,0.135321427701171,0.122875716829766,0.106289928442788,0.117039466547519
"25",8.43637642788763e-15,9.52518172923476e-14,9.95117401103348e-13,9.09440599491243e-12,7.35223705848009e-11,5.30334458340594e-10,3.43613668166107e-09,2.01024713983463e-08,1.066258523912e-07,5.14396956214134e-07,2.26274623733857e-06,9.09278318016761e-06,3.34255232782936e-05,0.000112502615784482,0.000346823167445215,0.000979078020509935,0.00252865497190028,0.00596436365427527,0.0128135141112266,0.024979982970625,0.0439865157167141,0.0695928602227857,0.0984340990315431,0.124136079602748,0.140469620981758,0.147188742061862,0.146874085296127,0.181547651346534
"26",5.81019905830502e-16,7.85916282441628e-15,9.52504156776456e-14,9.95132915727008e-13,9.09465472151033e-12,7.35254197798258e-11,5.30366620120142e-10,3.43643587808299e-09,2.01049736683562e-08,1.06644920532193e-07,5.14530347812545e-07,2.26360471609147e-06,9.09785798124453e-06,3.34529851088451e-05,0.00011263816663263,0.000347431661686732,0.000981557035002427,0.00253780762493084,0.00599495485611695,0.0129059992894687,0.0252329965081444,0.0446168668649504,0.0710619798937684,0.101799589525457,0.132345918135109,0.161409730500384,0.185791280453392,0.254815789706388
"27",3.29844930390094e-17,5.48883791863676e-16,7.87546679941999e-15,9.55406380681392e-14,9.9927262880635e-13,9.14391034096365e-12,7.4027113182089e-11,5.34824618720811e-10,3.4714902029012e-09,2.03515217636256e-08,1.08208312525116e-07,5.23518932263899e-07,2.3106369010095e-06,9.32231561086845e-06,3.4431007791026e-05,0.000116529515131405,0.000361562606737414,0.00102834311107341,0.0026788203706999,0.00638101934404447,0.0138637390983964,0.027384213636409,0.0490299060000666,0.0795583393445615,0.118271205227468,0.166016529482251,0.215501403295833,0.319761668837671
"28",1.64319625965501e-18,3.59904722164804e-17,6.45978000681169e-16,9.51977064372317e-15,1.18252545332373e-13,1.26283526378653e-12,1.17699915225724e-11,9.68592274140958e-11,7.10165827787738e-10,4.67188372379377e-09,2.77286276398444e-08,1.49117797769628e-07,7.29002125763696e-07,3.24794831224715e-06,1.32116792971292e-05,4.91251866856781e-05,0.000167083472080229,0.000519854768934092,0.00147878571017465,0.0038408436629481,0.00908857401776142,0.0195370584037242,0.038059610074212,0.0672217950024441,0.10888199879998,0.166095628150413,0.230031874924583,0.355010396857829
