"","X0","X1","X2","X3","X4","X5","X6","X7","X8","X9","X10","X11","X12","X13","X14","X15","X16","X17","X18","X19","X20","X21","X22","X23","X24","X25","X26","X27"
"1",0.205368943514934,0.185324962653424,0.168717909668436,0.143827700968728,0.110450865277137,0.0770546609230648,0.0492567299406108,0.0290658218913181,0.0159268249694532,0.00814270463529319,0.00389895198280645,0.00175366463780015,0.000742580573640871,0.00029653297052689,0.000111808420805667,3.98413186507803e-05,1.34249328397555e-05,4.27926564345664e-06,1.29055861076978e-06,3.68242100221121e-07,9.93942407624578e-08,2.53698109993491e-08,6.12051875863851e-09,1.3947241351958e-09,2.99953473547911e-10,6.08238269281853e-11,1.16606328722557e-11,2.44444315519404e-12
"2",0.183679258643361,0.169551166173329,0.160157833525727,0.142936943827211,0.115927870759187,0.0860276720925976,0.0588156166158528,0.0372586798660694,0.0219660785501642,0.012093612219121,0.00623470609649208,0.00301623291055949,0.00137167693846203,0.000587199673841788,0.0002369006207106,9.01575291449219e-05,3.23908984596394e-05,1.09922348448324e-05,3.52515376434393e-06,1.06860645318534e-06,3.06235344579357e-07,8.29604777908865e-08,2.12409842282304e-08,5.13806890879283e-09,1.17355580170474e-09,2.52937018288032e-10,5.16409877580966e-11,1.16387047593892e-11
"3",0.149608155296582,0.143655592310093,0.144404360195405,0.138819570025031,0.122472293173032,0.0994218643207464,0.0745121861626172,0.0517089849543294,0.0333140121585133,0.0199734696053157,0.0111693878783506,0.00583810806880092,0.00285778428451391,0.00131241909258121,0.000566358340474259,0.000229980403532102,8.7981194349718e-05,3.17410039178688e-05,1.08076220593487e-05,3.47521284369977e-06,1.05573601910425e-06,3.03076291242181e-07,8.22225798204794e-08,2.10771629134736e-08,5.10357416195303e-09,1.16688307550717e-09,2.53201647356444e-10,6.11995875634914e-11
"4",0.111273309525922,0.112649693913601,0.122618898754494,0.12904076038891,0.125459235190894,0.112385750408853,0.0927407251469014,0.0705724886452527,0.0496144424202517,0.0323007290985529,0.0195242205052417,0.010985673165571,0.00576842482737596,0.00283314478127895,0.00130426011753891,0.00056381755307697,0.000229233368541691,8.77730590158709e-05,3.16858703992301e-05,1.07936985829855e-05,3.47185381444155e-06,1.05496104657497e-06,3.0290528807011e-07,8.21865315865222e-08,2.10700433452847e-08,5.10348443659958e-09,1.17537745798209e-09,3.04159092398603e-10
"5",0.0756701883080936,0.0816061519953977,0.0971849566641265,0.112737983834755,0.121207332978429,0.119913978077413,0.108890303523768,0.0907639443899163,0.0695606841474915,0.0491426998424761,0.032099389571404,0.0194451750660437,0.0109570046161895,0.00575878200237807,0.00283012645094357,0.00130337813886771,0.000563576236497977,0.000229171356494577,8.77580446856775e-05,3.16824338563799e-05,1.07929525011253e-05,3.47169968722868e-06,1.05493067248084e-06,3.02899626267157e-07,8.21863036120824e-08,2.10771830693345e-08,5.14940789424157e-09,1.42539081128482e-09
"6",0.0472012825170636,0.0546168027123284,0.0714677163959122,0.0914463309438807,0.108574601775487,0.118442868538606,0.118254240775992,0.107987807713777,0.0903171941978759,0.0693586293677211,0.049058981218576,0.0320675032006977,0.0194339755592446,0.0109533662109367,0.00575768587996023,0.00282981954903301,0.00130329812025079,0.000563556770585663,0.000229166929002433,8.77571008907365e-05,3.16822447812664e-05,1.07929167972209e-05,3.47169334097137e-06,1.0549299594676e-06,3.02903952886472e-07,8.22249384938905e-08,2.13043462224191e-08,6.30406277276999e-09
"7",0.027108406356073,0.0338092708806412,0.0486173413437217,0.0684293142186793,0.089424515992371,0.107317653348977,0.117725606810661,0.117879591351714,0.107808333364221,0.0902382886948768,0.0693267887943903,0.0490471665423499,0.0320634636465718,0.0194327000084584,0.0109529935292313,0.00575758497885846,0.002829794205544,0.00130329220911126,0.000563555488986665,0.000229166670379823,8.77570522354584e-05,3.16822362624252e-05,1.07929156023039e-05,3.47169519528454e-06,1.05495353916527e-06,3.03095835072441e-07,8.32828584422782e-08,2.63326550803323e-08
"8",0.0143885567497611,0.0193932130217581,0.0305766316735966,0.0471403223586681,0.067526048091366,0.0889000525057645,0.107034224901972,0.117583784107249,0.117813914869153,0.107780251255265,0.0902272349509397,0.0693227834567229,0.0490458293906667,0.0320630517420068,0.0194325827744474,0.0109529626740486,0.00575757746606397,0.00282979251311974,0.00130329185639513,0.000563555420983639,0.000229166658287774,8.77570504933607e-05,3.16822373140845e-05,1.07929266026115e-05,3.47181145528425e-06,1.05584924958858e-06,3.07741271463356e-07,1.03945378679102e-07
"9",0.00708245650076819,0.0103296497077012,0.0177961552069908,0.0299136720051919,0.0467669262350148,0.06732412950386,0.0887972195839503,0.106985155603439,0.117561878471812,0.117804812867706,0.107776754672404,0.0902259959669286,0.0693223787847738,0.0490457074699654,0.0320630178324948,0.0194325740650392,0.0109529606086903,0.00575757701417299,0.0028297924220008,0.00130329183952533,0.000563555418394935,0.000229166659506223,8.77570584333547e-05,3.16822930095325e-05,1.07934649691952e-05,3.47574758890588e-06,1.07509614034991e-06,3.8789952921007e-07
"10",0.00324243654924548,0.00511980021237938,0.00960226030547099,0.0175201712150476,0.0297701501252903,0.0466948308328896,0.0672897365446088,0.0887816726775545,0.106978497411126,0.11755919643679,0.117803807966693,0.107776406299339,0.0902258845187104,0.0693223458892,0.0490456985090862,0.0320630155798805,0.0194325735428128,0.010952960497192,0.00575757699232693,0.00282979241834575,0.00130329184068795,0.000563555428033289,0.000229166703514418,8.77573246975024e-05,3.16846410944645e-05,1.08097611413374e-05,3.55102386913871e-06,1.3687529740655e-06
"11",0.00138390337584703,0.00236578277859974,0.00481309553439506,0.00949533835572485,0.0174686653059116,0.0297461556647014,0.0466841788313644,0.0672852150479799,0.0887798289805869,0.106977780622546,0.11755893504395,0.117803719363714,0.107776378532239,0.090225876483931,0.0693223437430048,0.0490456979800918,0.0320630154596853,0.0194325735177063,0.0109529604925952,0.00575757699313607,0.00282979242836915,0.00130329189316865,0.000563555654057566,0.000229167910053288,8.77669840208761e-05,3.17482428697962e-05,1.10877541306652e-05,4.56702562126604e-06
"12",0.000551664407784349,0.00102080541080652,0.00224567686884575,0.00477444681851078,0.00947802189023641,0.0174611833426413,0.029743083113912,0.0466829670348125,0.0672847495910038,0.0887796555738967,0.106977719315945,0.117558914762664,0.117803713143084,0.107776376768326,0.0902258760219107,0.0693223436312908,0.0490456979551974,0.03206301545472,0.0194325735180047,0.0109529605013507,0.00575757704581481,0.00282979269089032,0.0013032929765264,0.000563560834837282,0.000229205428615372,8.80010805191215e-05,3.271767113303e-05,1.44071467206764e-05
"13",0.00020565562163453,0.00041180990572458,0.000977021206515883,0.00223262038439133,0.00476897922052323,0.00947582549894644,0.0174603522227843,0.0297427819558797,0.0466828596040806,0.0672847116471276,0.0887796426508338,0.106977715157062,0.117558913516695,0.117803712797381,0.107776376679637,0.0902258760008964,0.0693223436267669,0.0490456979550403,0.0320630154610213,0.0194325735623462,0.0109529607545986,0.00575757826477222,0.00282979753770805,0.00130331403736841,0.000563698540177601,0.000230018177687128,9.11929507667947e-05,4.29550616335518e-05
"14",7.17545657913352e-05,0.000155458733869255,0.000396927229778777,0.000972895180870302,0.00223099691605511,0.00476836992450166,0.0094756131230271,0.0174602822083238,0.0297427591565942,0.0466828520865443,0.0672847092046401,0.0887796418899931,0.106977714935107,0.11755891345659,0.117803712782315,0.107776376676172,0.0902258760005167,0.0693223436303732,0.0490456979856826,0.0320630156650945,0.0194325746908399,0.0109529660154609,0.00575759850299964,0.00282987848658025,0.00130379184995393,0.000566360276637868,0.000239937372928516,0.000120981452759173
"15",2.3439394107673e-05,5.49431996365339e-05,0.000150737364020686,0.000395707361462919,0.00097244184206354,0.00223083687658887,0.00476831833230641,0.00947559773306833,0.0174602777168345,0.0297427578028777,0.046682851673185,0.0672847090809336,0.0887796418550059,0.106977714925893,0.117558913454348,0.11780371278194,0.107776376677777,0.0902258760174278,0.0693223437647431,0.0490456988550366,0.0320630203329939,0.0194325958103486,0.0109530448753799,0.00575789220808796,0.00283144599857618,0.00131201323486202,0.000595438861724242,0.000321651968770542
"16",7.16780628927992e-06,1.81822352473119e-05,5.35448216819439e-05,0.000150400133153857,0.000395588450340918,0.000972402050146299,0.00223082491655161,0.00476831509966499,0.00947559690045075,0.0174602774934875,0.0297427577402261,0.046682851655376,0.0672847090760799,0.0887796418537705,0.106977714925638,0.117558913454887,0.117803712789329,0.107776376748593,0.0902258765631386,0.0693223471999768,0.0490457167937723,0.0320630992337032,0.0194328825009951,0.0109540490740829,0.00576275284563362,0.00285538623512126,0.0013923670392122,0.000806544363451435
"17",2.0509216501874e-06,5.63261668583741e-06,1.77956438925017e-05,5.34577511694801e-05,0.000150370899196238,0.000395579107314552,0.000972399404235885,0.00223082426271879,0.00476831495202423,0.00947559686620699,0.0174602774849569,0.0297427577379644,0.0466828516547884,0.0672847090759504,0.0887796418539336,0.106977714928277,0.117558913485038,0.117803713065616,0.107776378809315,0.0902258891766643,0.0693224113049429,0.0490459912091637,0.0320640713613641,0.0194361120905329,0.0109682861861641,0.00582843525769449,0.00306448403499345,0.00190533885754658
"18",5.48598162462041e-07,1.63246648523882e-06,5.53293106686223e-06,1.77746822217024e-05,5.34510346517434e-05,0.00015036883595872,0.000395578550743097,0.000972399276649239,0.00223082423729536,0.00476831494703934,0.00947559686515462,0.0174602774847064,0.0297427577379189,0.0466828516548989,0.0672847090770677,0.0887796418656736,0.106977715046444,0.117558914500908,0.117803720338983,0.107776421960367,0.0902261024634839,0.0693233002253969,0.0490490649924991,0.0320738238575219,0.0194754629333584,0.0111379290435061,0.00634020435888461,0.0042350800329536
"19",1.37017356853337e-07,4.42226895722081e-07,1.60851936535049e-06,5.52823534480354e-06,1.77732450255162e-05,5.34506082652043e-05,0.000150368725347835,0.000395578526832417,0.000972399272364494,0.00223082423658869,0.00476831494692274,0.0094755968651545,0.0174602774848653,0.0297427577389617,0.0466828516619468,0.0672847091321588,0.0887796423258526,0.106977718627743,0.117558938706127,0.117803858488144,0.107777084071923,0.0902287865968139,0.0693323621816467,0.0490766707227662,0.0321763190216652,0.0198874707548646,0.0123143018682813,0.00884422819077645
"20",3.19044976113917e-08,1.1183337161375e-07,4.3687595839015e-07,1.60754286728325e-06,5.52794997595542e-06,1.77731630092551e-05,5.34505876564852e-05,0.000150368721084678,0.000395578526128535,0.000972399272269379,0.0022308242366111,0.00476831494716157,0.00947559686663035,0.0174602774932381,0.0297427577857231,0.0466828519428167,0.0672847109892993,0.0887796547766443,0.106977795771042,0.117559356010331,0.117805784121022,0.107784652867616,0.0902537063420157,0.0694055100280383,0.0493278456429874,0.0331159577925481,0.0224226746708885,0.0173244413385683
"21",6.91345243689888e-09,2.63604385691931e-08,1.10723379665432e-07,4.36687949766864e-07,1.60749049115624e-06,5.52793537254652e-06,1.77731594381043e-05,5.34505869423287e-05,0.000150368720979464,0.000395578526163264,0.000972399272606576,0.00223082423872673,0.00476831495913772,0.00947559692887649,0.0174602777998214,0.0297427593025163,0.0466828599142148,0.0672847551506698,0.0887798958637118,0.10697900160298,0.117564641922392,0.117825788773933,0.107848661598132,0.0904349928034973,0.0699836431293882,0.0513368739739868,0.038228097698019,0.0317757279627827
"22",1.39119850990632e-09,5.78088184717227e-09,2.61471699674553e-08,1.10689965083367e-07,4.36679100226338e-07,1.60748809749507e-06,5.52793480237976e-06,1.77731593352615e-05,5.34505869929215e-05,0.000150368721449631,0.000395578529152929,0.00097239928977646,0.00223082432856008,0.0047683153905688,0.00947559886134267,0.0174602861385101,0.0297427956124663,0.0466830244457196,0.0672855174163932,0.0887833028320076,0.106992877506771,0.117614553914372,0.117979866103423,0.10826897850063,0.091682822983712,0.0740028875989106,0.0609593740103782,0.0544716879583132
"23",2.59348139344207e-10,1.1769986210975e-09,5.74302949325468e-09,2.61417059987666e-08,1.10688594743653e-07,4.36678742120562e-07,1.60748802400391e-06,5.52793486956368e-06,1.77731599370284e-05,5.34505909310972e-05,0.000150368744655653,0.000395578653407512,0.000972399897269081,0.00223082705540701,0.00476832672891693,0.00947564329104711,0.017460455016129,0.0297434393673599,0.046685524335299,0.067295187856061,0.088818831667807,0.107111866858908,0.11796434586322,0.118893244452212,0.110791460938059,0.0991898491061396,0.0908618220006076,0.0871118883053143
"24",4.46655899614563e-11,2.21944665997163e-10,1.17081167810555e-09,5.74221060718803e-09,2.61415134455748e-08,1.10688555886537e-07,4.36678819746504e-07,1.60748870346052e-06,5.52793952835667e-06,1.77731885333723e-05,5.34507496116139e-05,0.000150369545291549,0.000395582344753741,0.000972415522385633,0.00223088813267325,0.00476854928312866,0.00947641143074206,0.0174630247160899,0.0297519630390212,0.0467137064629734,0.0673860500557612,0.0890947217668801,0.107868818822294,0.119832814496302,0.123666848079174,0.123847490357441,0.126582486628337,0.129718919261854
"25",7.0839367559594e-12,3.86541237209988e-11,2.21016865795229e-10,1.17070100389875e-09,5.74219817511974e-09,2.61416105746933e-08,1.10689338017243e-07,4.36684216620258e-07,1.60752243423525e-06,5.52813114736851e-06,1.77741807979639e-05,5.34554482278965e-05,0.00015038995581336,0.000395663940362727,0.00097271679595638,0.00223192068036054,0.00477186096641078,0.00948647942107077,0.0174925275300055,0.0298364437528561,0.0469499888230282,0.0680208245870123,0.090679471347635,0.111494161327893,0.128295411890889,0.144739145714491,0.164905444795489,0.1794986024933
"26",1.0308833873097e-12,6.19841094366916e-12,3.85311506371116e-11,2.21035629180534e-10,1.17093350742217e-09,5.74377135388899e-09,2.61513911233637e-08,1.10745811914559e-07,4.3698695539337e-07,1.60902807249503e-06,5.53507561584472e-06,1.78038857100919e-05,5.35733281611908e-05,0.000150824202580654,0.000397150240288947,0.000977450522498032,0.00224598993579849,0.00481109047746497,0.00958998089933622,0.0177536313214154,0.0304708302679971,0.0484324648311042,0.0712965701687396,0.0974326074307076,0.125579896766811,0.159692871491834,0.20098367454175,0.230105864518455
"27",1.37947077832278e-13,9.18953852479666e-13,6.24118669525941e-12,3.89569703209043e-11,2.23886436137144e-10,1.18841981905364e-09,5.84273428248251e-09,2.66696702202039e-08,1.13262995875535e-07,4.48343460951376e-07,1.65668242215148e-06,5.72124408393813e-06,1.84814636865419e-05,5.58718969470457e-05,0.00015809361191017,0.000418585865190707,0.00103640363285917,0.00239737248142282,0.00517497079644427,0.0104123633002421,0.0195102930679587,0.0340304718984103,0.0552469698224771,0.0835530776511705,0.119508269025253,0.16831238439869,0.228715259631153,0.271443157952257
"28",2.13862645189833e-14,1.60772664020013e-13,1.21123451213927e-12,8.33788862463617e-12,5.26042353512959e-11,3.05319424900921e-10,1.63553370281463e-09,8.10850089018304e-09,3.72935102578995e-08,1.59449714396739e-07,6.34833154524779e-07,2.3569614693553e-06,8.16909161913225e-06,2.64512106904591e-05,8.00444436535166e-05,0.000226376698113285,0.000598131595466753,0.00147556431744019,0.00339619380204027,0.00728779653214978,0.0145723768014889,0.027140887047309,0.0470426796322686,0.0758267971467775,0.115308420550821,0.171697122490682,0.242506743889668,0.292803046100274
