"","X0","X1","X2","X3","X4","X5","X6","X7","X8","X9","X10","X11","X12","X13","X14","X15","X16","X17","X18","X19","X20","X21","X22","X23","X24","X25","X26","X27"
"1",0.217581469985255,0.151293050663943,0.141039366271736,0.122336735226603,0.102088415883949,0.0811530244142986,0.0614549299016304,0.0443235020048,0.0304343011539049,0.0198947234045222,0.0123871731307867,0.0073527317835522,0.00416528558766458,0.00225462519751047,0.00116748044745319,0.000578972524514166,0.000275264023809154,0.00012558306648838,5.50256377828376e-05,2.31723383507691e-05,9.38474039263671e-06,3.65730094311463e-06,1.37211260522238e-06,4.95789060654943e-07,1.72654556257767e-07,5.8133946542378e-08,1.91818667179597e-08,7.43807690709655e-09
"2",0.204406593127937,0.143389509236293,0.135517904997271,0.119898614450763,0.102532849658321,0.0838702361379878,0.0655757538643582,0.0489682054857832,0.034895576157189,0.0237233557604299,0.0153897593422847,0.00953243939941667,0.00564219606445549,0.00319413011077548,0.00173103208809735,0.000898824397996432,0.000447511254886336,0.000213798597604718,9.80754563767554e-05,4.32240222782703e-05,1.83116763602956e-05,7.46060513551046e-06,2.92447558155215e-06,1.10340309242003e-06,4.01021114967083e-07,1.40918620072312e-07,4.8586801736775e-08,1.97027896167297e-08
"3",0.182129206134933,0.129821777196384,0.125729288616532,0.115119746948019,0.102565252922762,0.0878579677165202,0.072187792145148,0.0567743977843035,0.0426712432385483,0.030621176360977,0.0209754278382887,0.0137181540142922,0.00857003207643912,0.00511723486675413,0.00292243495142117,0.00159738571428673,0.000836233137116563,0.000419553511718749,0.000201868516155283,9.32044469518045e-05,4.13182766219018e-05,1.75962564760408e-05,7.20264642509592e-06,2.83522386023539e-06,1.07429962779996e-06,3.93555475984892e-07,1.41635941606801e-07,5.99680216637622e-08
"4",0.154085083102718,0.112347324207717,0.112520859330986,0.107796530644514,0.101135835754695,0.0915839824500043,0.0796818103775915,0.0663798047587241,0.0528224981289915,0.040099950063613,0.0290270031007035,0.0200362411535286,0.0131930951428589,0.00829153263490645,0.0049769990139501,0.00285532834023727,0.00156682972226633,0.000822976059446548,0.000414065392852767,0.000199697731962011,9.23829780695654e-05,4.10205638144387e-05,1.74930088696809e-05,7.16897921882323e-06,2.82675517040644e-06,1.07783409460957e-06,4.04334802088985e-07,1.7843369604617e-07
"5",0.123824396443366,0.0929166644551308,0.0969580356945065,0.0979150650297307,0.0972882715770319,0.0934627865832129,0.0862461427052304,0.0761191280460682,0.0640843230501336,0.0513961602959531,0.039249076539698,0.0285419015453211,0.0197727471290275,0.0130569596841598,0.00822466598320361,0.00494576885864965,0.00284144996940102,0.00156095651116987,0.000820606852846926,0.000413153507494217,0.000199362605882511,9.2265511077105e-05,4.0981966839272e-05,1.74832027316082e-05,7.17337392007655e-06,2.84718360650048e-06,1.11360488394907e-06,5.12089725209755e-07
"6",0.0946517135684076,0.0734862375421837,0.0803334453892947,0.0858680328417938,0.0905174083064387,0.0922473413388435,0.090183944624833,0.0841948418656788,0.0748730443738814,0.0633483062764463,0.0509752248743342,0.0390173191575544,0.0284196510783904,0.0197111628775025,0.0130273856456435,0.00821113780708453,0.00493987481652349,0.00283900335023277,0.00155998841154191,0.000820241554590253,0.000413022249750863,0.000199318473012687,9.22539142220372e-05,4.09865324810048e-05,1.75072196308804e-05,7.23741308046072e-06,2.95329066878069e-06,1.41520595574099e-06
"7",0.0689382177727585,0.0556218564369157,0.0639288097036755,0.0724334169061658,0.0809629444998302,0.087386020149864,0.0903391304242371,0.0890663116915771,0.0835575386775937,0.0745173692230305,0.0631544707505751,0.0508726796643069,0.038964979356526,0.0283940011352771,0.0196991329108016,0.0130219964604057,0.00820883407684494,0.00493893547836484,0.00283863809748077,0.00155985324225937,0.000820194837114134,0.000413009749904943,0.000199323477953115,9.2280193226698e-05,4.10607301147717e-05,1.76921009550317e-05,7.53782431448566e-06,3.76442792833283e-06
"8",0.0479225419008582,0.040323745910411,0.0488238868764218,0.0586200197709417,0.0693563095017031,0.0791153272151861,0.0863276463373114,0.0897582926176563,0.0887562338149533,0.0833949460736224,0.0744335151055443,0.0631121291300618,0.050851884421712,0.0389551067195522,0.0283894919510646,0.0196971581214064,0.0130211689401943,0.00820850278200408,0.00493880916616997,0.00283859322913924,0.0015598412624071,0.000820200960022899,0.000413038669544,0.000199403957081768,9.24910929114054e-05,4.15715098808826e-05,1.85088017414915e-05,9.63416049826761e-06
"9",0.0318454832760231,0.0280201164564589,0.0357663570938587,0.0454424301413854,0.0567867106343859,0.0683173804295242,0.0785535974764135,0.0860379684231578,0.089613559808492,0.0886852171401808,0.083360519767674,0.0744170514421433,0.0631044055084318,0.0508483538924734,0.0389535438074089,0.0283888251185582,0.0196968849484309,0.0130210620826658,0.00820846397537152,0.00493879918934774,0.00283860092080205,0.00155987361513718,0.000820288562170894,0.000413264916017594,0.00019997777548019,9.38469328353267e-05,4.37040901461856e-05,2.37125750265037e-05
"10",0.0202578204656743,0.0186751301061739,0.0251257742984825,0.0337166610652295,0.0444017687586162,0.0562286224042309,0.068031379040218,0.0784144218693074,0.0859727449748194,0.0895836569083071,0.0886716636364089,0.0833544288901666,0.0744143455314597,0.0631032242402143,0.0508478505662552,0.0389533358601168,0.0283887425867659,0.0196968547112095,0.0130210551885933,0.00820847350024487,0.00493883489498191,0.00283869725350592,0.00156011760766891,0.000820897637692234,0.000414765619709596,0.000203435982312026,9.91931905215429e-05,5.61032111154724e-05
"11",0.0123515147184698,0.0119459432662439,0.0169269541096429,0.0239395172463988,0.0331523397422828,0.0441148713003685,0.056088753487804,0.0679668390698804,0.0783859310295531,0.0859605213975198,0.0895784895016352,0.088669495202904,0.0833535246683174,0.0744139722092081,0.0631030726699463,0.050847790850547,0.0389533143689182,0.0283887391140015,0.0196968662295714,0.0130210939307817,0.00820857794143225,0.00493910042825666,0.0028393485870609,0.0015616945744556,0.000824670622395287,0.00042323730809562,0.000216295816917288,0.000127530607393551
"12",0.00722645803572046,0.0073386753572453,0.0109386667885359,0.0162696938998987,0.0236465082501244,0.0330110047820239,0.0440491335224436,0.0560598547194059,0.0679547569079269,0.0783810596910574,0.0859585985673451,0.0895777383760788,0.0886692033279006,0.0833534119594125,0.0744139295506991,0.0631030582409421,0.0508477904002852,0.0389533278573147,0.0283887808361303,0.019696977847729,0.013021379323983,0.00820928055106942,0.00494077359556849,0.00284327589579322,0.00157080983765494,0.000844592096848935,0.00045289650865952,0.00027836327220465
"13",0.00406128057192572,0.0043324810769731,0.00678368372073705,0.0105892693100173,0.0161237306588547,0.0235797082788415,0.0329813079465212,0.044036646413098,0.0560548826502255,0.067952862087922,0.0783803583283276,0.0859583432984784,0.08957764640016,0.0886691708578257,0.0833534021423406,0.0744139312890228,0.0631030734340232,0.0508478350738776,0.0389534464642626,0.028389083926264,0.0196977276524061,0.0130231697338629,0.00821341696261393,0.00495017791710961,0.00286442649135107,0.00161574921889689,0.000910127862384019,0.00058306023167855
"14",0.00219458777351547,0.0024595915030416,0.00403950081135576,0.00660515283373387,0.010519382581314,0.0160934069174102,0.0235668131870595,0.0329761062687283,0.0440346640677255,0.0560541642286297,0.0679526112294923,0.0783802730182439,0.0859583152565623,0.089577638927536,0.0886691738554389,0.083353418541046,0.0744139785095992,0.0631031986864849,0.0508481550143471,0.0389542382616425,0.0283909818798871,0.0197021208757229,0.0130330072946635,0.00823505947591063,0.00499728521512079,0.00296160587821092,0.00175436220160109,0.001171205705978
"15",0.00114126020100843,0.00134364133587131,0.00231117113103292,0.00395168506963193,0.00657293861200093,0.0105061467145359,0.0160880240870635,0.0235647263514642,0.0329753421009021,0.044034399305355,0.056054076597306,0.0679525836774114,0.0783802662195819,0.0859583186897127,0.089577655827072,0.0886692225934794,0.0833535487928263,0.0744143129983678,0.0631040284100877,0.0508501467739395,0.0389588645497374,0.0284013562701258,0.0197246165253504,0.0130808467188233,0.00833570078154411,0.00519857134534921,0.00324195488955013,0.00225459343087037
"16",0.000571633838107472,0.000706775363675401,0.0012713928678687,0.002269537568521,0.00393736780603529,0.00656737709525126,0.0105039860219459,0.0160872184335083,0.0235644421031192,0.0329752476642056,0.044034369940087,0.0560540693977499,0.0679525868901645,0.0783802827829329,0.0859583672688665,0.0895777876374415,0.0886695652391883,0.0833544061426243,0.0744163815066076,0.0631088480932702,0.0508609958950298,0.0389824239659767,0.0284507838441847,0.0198261177115578,0.0132869389469152,0.00873468809358237,0.00574016489884724,0.00415624298273731
"17",0.000275983652500605,0.000358206170894222,0.000672942852516509,0.00125234772305601,0.00226339375210097,0.00393511541559073,0.00656654269839037,0.0105036868941268,0.0160871166660401,0.0235644099481486,0.0329752394576768,0.0440343724507354,0.0560540847839395,0.0679526332520325,0.0783804111913433,0.0859587071504019,0.0895786510403442,0.0886716730003599,0.0833593569494051,0.0744275862265721,0.063133298418871,0.0509123983836902,0.0390866914631669,0.0286573336526155,0.0202303030248465,0.0140430451198976,0.00973279986205693,0.00733166879868157
"18",0.000128523471358156,0.000175025987772965,0.000342950496809178,0.000664529391083805,0.00124979892711506,0.00226251337648405,0.00393480524489905,0.00656643600166145,0.0105036521610236,0.0160871072388695,0.023564411451687,0.032975252965963,0.0440344145889282,0.0560542042819638,0.067952956523119,0.0783812490491315,0.0859607891259588,0.0895836140075572,0.0886830316129885,0.0833843456693939,0.0744804706848196,0.063240927877509,0.0511233658476105,0.0394894593180525,0.0294157852502749,0.0215987158255079,0.0157953350371437,0.0123663285853158
"19",5.77680299729152e-05,8.24971513446025e-05,0.000168396457327806,0.000339358577150395,0.000663505998113857,0.00124946639535987,0.00226240236182769,0.00393476891842898,0.0065664255116576,0.0105036525378109,0.016087118414157,0.0235644478216963,0.032975358710013,0.044034707467112,0.0560549809567515,0.0679549289945425,0.0783860461882649,0.0859719632274796,0.0896085528559774,0.0887364057669556,0.0834939586423784,0.0746964566441567,0.0636498762811278,0.0518751778243772,0.0408498231461934,0.0317781918579181,0.0245247461176696,0.0199290171442363
"20",2.5075067148784e-05,3.75295883765527e-05,7.9718720637694e-05,0.000166913634368328,0.000338960494116929,0.000663384499263822,0.00124942827367041,0.00226239116643689,0.00393476823817857,0.00656643419792847,0.0105036823219242,0.0160872072284173,0.0235646997104406,0.0329760428060965,0.0440364865953558,0.0560594094506131,0.0679654744540871,0.0784100626277517,0.086024270615838,0.0897175430617932,0.0889537491097596,0.0839087221786644,0.0754549061510714,0.0649916297605145,0.0542047163814769,0.0447353701997379,0.0364175432370314,0.0306638802293014
"21",1.05162509087585e-05,1.64861435283054e-05,3.64058996171096e-05,7.91265447977683e-05,0.000166763533024278,0.000338917616555175,0.000663372371348832,0.00124942672357292,0.00226239752119015,0.00393479146650868,0.00656650517493909,0.0105038881510797,0.0160877791955202,0.0235662228137984,0.0329799263779199,0.0440459599478401,0.0560814992321074,0.0680146767067397,0.0785146924156767,0.0862366605150831,0.0901290714740921,0.0897146414529575,0.0852525241637244,0.0777413878453592,0.0687956151180544,0.0602851986223741,0.0517070451392037,0.0450185015824799
"22",4.26315308073358e-06,6.996261831244e-06,1.60473723154651e-05,3.61770726523021e-05,7.90717395002159e-05,0.00016674922598473,0.000338915193970787,0.00066337682684307,0.00124944429130624,0.00226245225914932,0.00393495297658314,0.00656696252881628,0.0105051313210196,0.0160910195108564,0.0235743121732904,0.0329992456475657,0.0440900455320609,0.0561775125532574,0.0682140406769389,0.0789090779465319,0.0869794975932748,0.0914603014705823,0.0919855367542367,0.088967586022504,0.0836568885512958,0.0778366694257911,0.0701946292653395,0.0630330966534228
"23",1.67113716010742e-06,2.86936119434168e-06,6.83079909983673e-06,1.59618731958808e-05,3.6157956264921e-05,7.90681386231573e-05,0.000166752327331512,0.000338928743584611,0.000663419278912838,0.00124957014368345,0.0022628115521616,0.00393594096891234,0.00656957579146664,0.0105117697614978,0.0161071894810882,0.0236120176693731,0.0330832753827473,0.0442687253167994,0.0565394533839611,0.068911493549186,0.0801859685345016,0.0891975670372809,0.0951149544691997,0.097732215590669,0.0977158370293131,0.0964116752694588,0.0911297897488022,0.0841485097045321
"24",6.33642268322282e-07,1.13771589566508e-06,2.80916336680128e-06,6.80017551640295e-06,1.59563784683068e-05,3.61602533519332e-05,7.9079761598451e-05,0.000166788188337261,0.000339033276351732,0.000663714205660161,0.00125037590750562,0.00226493997370325,0.00394136670732239,0.00658289730136077,0.0105432070381707,0.0161783444038077,0.0237661440623212,0.0334020507361914,0.0448968545014598,0.0577160841161052,0.0710024996454048,0.0837036991098038,0.0947925056151222,0.103565727870959,0.110016787452382,0.114760252545379,0.113194833758978,0.107109316493209
"25",2.32496771703056e-07,4.36358935978406e-07,1.11690597771909e-06,2.79965484678473e-06,6.80208323167305e-06,1.59682387916352e-05,3.61959060125746e-05,7.91803605076565e-05,0.000167063512449417,0.000339765549245487,0.000665605512784275,0.00125511359171296,0.00227643178140264,0.00396830674324206,0.00664380137403315,0.0106756657806339,0.0164547580471775,0.0243180526303054,0.0344533662344667,0.0468017784387747,0.0609894988257157,0.0763204091045715,0.0918506421899097,0.106592210570982,0.119913855475809,0.131538961848563,0.134615778742689,0.130016202040458
"26",8.27806369652327e-08,1.62412761432016e-07,4.30926083740684e-07,1.118584925467e-06,2.81446016135488e-06,6.84554594102906e-06,1.6087028648717e-05,3.65100949363672e-05,7.99870113281976e-05,0.000169074428918114,0.000344632581118103,0.00067703728152538,0.00128115159574957,0.00233387510730712,0.0040908567262777,0.00689611332631992,0.0111757329364365,0.0174060539990086,0.0260493244258949,0.0374568115815077,0.0517494581355946,0.0686964611817117,0.087627339660608,0.107479804532732,0.127141986200176,0.145460247376756,0.153333257891792,0.150486742185145
"27",2.96650197001273e-08,6.09776388408373e-08,1.68005746512188e-07,4.5243879191903e-07,1.18110394766483e-06,2.98209915280679e-06,7.27923887232954e-06,1.71727894546681e-05,3.91413298513205e-05,8.61599107441954e-05,0.000183093719493951,0.000375452770503705,0.000742609603827383,0.00141610765040845,0.00260236659390021,0.00460661041388458,0.00785115060627202,0.012876734755916,0.0203117986555522,0.0307935078227653,0.0448291652532245,0.0625999095344917,0.0837415151753382,0.107241474165417,0.131688657876953,0.155249133934028,0.167025807649525,0.165710276259279
"28",1.40132544002048e-08,3.00781363875655e-08,8.57706988073761e-08,2.38756226621686e-07,6.43994242143756e-07,1.67987905575813e-06,4.23645155188076e-06,1.03262072559697e-05,2.43201630080397e-05,5.53269429903678e-05,0.000121533109690017,0.000257673570923015,0.000527082216051069,0.00103973047463584,0.0019768737590025,0.00362083735672053,0.00638455525777449,0.0108295814859923,0.017654253008356,0.0276282210566294,0.0414502078906372,0.0595190067993101,0.0816485028511035,0.10688182633649,0.133681204191953,0.159875094642692,0.173654533037614,0.173152380698006
