"","X0","X1","X2","X3","X4","X5","X6","X7","X8","X9","X10","X11","X12","X13","X14","X15","X16","X17","X18","X19","X20","X21","X22","X23","X24","X25","X26","X27"
"1",0.237417440453617,0.248449458767475,0.208095054532671,0.1407476967374,0.0839174769587596,0.0446354209378901,0.0214911927389354,0.00942376842989887,0.00377433219784181,0.00138507524484454,0.000465690060703892,0.000143443800976401,4.04355963704427e-05,1.04181540885033e-05,2.44890573590948e-06,5.23835982051313e-07,1.01615044604151e-07,1.7792422547724e-08,2.79494080607211e-09,3.90691272902726e-10,4.80768577896151e-11,5.13166793878812e-12,4.65438964172803e-13,3.47982096651944e-14,2.0457177181981e-15,8.71834049122364e-17,2.28169300495271e-18,2.48786121313431e-20
"2",0.199921384440458,0.220790925964215,0.201071173809248,0.151830271734146,0.102253629205404,0.0617128405074734,0.0336403694097888,0.016611269775095,0.00744774686783287,0.00304015460359012,0.00113142963252004,0.000384376052065833,0.000119269253286894,3.38039164882706e-05,8.74584050662473e-06,2.06264946228566e-06,4.42444818867745e-07,8.60371225099286e-08,1.50997848338257e-08,2.37752269328092e-09,3.3320269205984e-10,4.11264016648074e-11,4.40652691845187e-12,4.01668872440373e-13,3.02428887937979e-14,1.79658677170101e-15,7.79056543590153e-17,2.13321872357912e-18
"3",0.146490659519657,0.176092702708526,0.182516578639251,0.161599580513501,0.127853742897593,0.0898786078722461,0.0563065680893746,0.031544457314924,0.0158774034202642,0.00721448723753125,0.0029708688689627,0.00111216658253597,0.000379332737874401,0.000118036267792841,3.35243770277931e-05,8.68743297479201e-06,2.05147875866286e-06,4.4050131248657e-07,8.57321297089459e-08,1.50569929722233e-08,2.37222592663742e-09,3.32632800269893e-10,4.10743717985569e-11,4.40261342673532e-12,4.01439214375057e-13,3.02330755683597e-14,1.79633071602797e-15,8.00340887341076e-17
"4",0.0942300449399512,0.12535014377661,0.150677085748887,0.158522699783975,0.14822035071311,0.12143843519354,0.0873030846132841,0.0553944350392657,0.0312561065142682,0.0157961272204882,0.00719313575208899,0.00296560434452604,0.00111092232263875,0.00037905350061703,0.000117977329215073,3.35127738717643e-05,8.68532497462237e-06,2.05112820577002e-06,4.40448607153336e-07,8.5725042670743e-08,1.50561562348964e-08,2.37214078491066e-09,3.32625586767879e-10,4.10738851881942e-11,4.40258986258142e-12,4.01438545432391e-13,3.02331004469718e-14,1.87633992614994e-15
"5",0.0534959556837494,0.0793432737759245,0.110805034499738,0.137851134463575,0.151889926665384,0.145231576262542,0.120324386935495,0.0869385764479815,0.0552897315260489,0.0312301516578095,0.0157902690742385,0.00719192671243382,0.00296536489199742,0.00111087707292957,0.000379045409882811,0.000117975963761057,3.35125590442303e-05,8.68529355223378e-06,2.05112400223813e-06,4.40448095451969e-07,8.57249874255696e-08,1.50561509992938e-08,2.37214036763006e-09,3.32625559673611e-10,4.10738839259423e-11,4.40258982672199e-12,4.01440653772503e-13,3.21073320330103e-14
"6",0.0269886712244843,0.0447148922679649,0.0720583956822477,0.104714714669404,0.134904887966609,0.150628675710081,0.144789597565739,0.120188136115822,0.0869020899348926,0.0552815293472674,0.0312285077700184,0.0157899776480549,0.00719187721908792,0.00296535688663795,0.00111087586022861,0.000379045236985521,0.00011797594106205,3.35125562828875e-05,8.68529325101136e-06,2.05112397249801e-06,4.40448092942408e-07,8.57249872408398e-08,1.50561509882864e-08,2.3721403670571e-09,3.32625559653886e-10,4.10738839378212e-11,4.40266758453998e-12,4.33470215548216e-13
"7",0.0121705693207671,0.0225156853881244,0.0414828097673969,0.0694708286816427,0.103538284954427,0.134423877348255,0.150469528760624,0.14474296899732,0.120176364795163,0.0868996598009213,0.0552810911702544,0.0312284407354562,0.0157899677822279,0.00719187582607998,0.0029653567048239,0.00111087583784712,0.000379045234481338,0.000117975940800182,3.35125562589146e-05,8.68529324901438e-06,2.05112397236706e-06,4.40448092935389e-07,8.57249872406078e-08,1.50561509882786e-08,2.3721403670571e-09,3.32625560652079e-10,4.10756677755122e-11,4.83435296420399e-12
"8",0.00492708858353206,0.010170555547376,0.021237005639347,0.0404947978476433,0.0690472886755233,0.103372250827016,0.134371911681386,0.150454969008457,0.144739477918101,0.120175697500424,0.0868995508699312,0.0552810769382431,0.0312284389345674,0.0157899675589501,0.00719187580108007,0.00296535670217911,0.00111087583759929,0.000379045234459064,0.000117975940798477,3.35125562587881e-05,8.68529324900755e-06,2.05112397236678e-06,4.40448092935386e-07,8.57249872406077e-08,1.50561509883408e-08,2.37214040315144e-09,3.3265533057453e-10,4.58802146607339e-11
"9",0.00179516833129459,0.00413434866645084,0.00971787696260886,0.0208973252810426,0.040357222256494,0.0689954353347158,0.103356892626213,0.1343677750596,0.150454020791903,0.144739308683872,0.120175672323001,0.0868995481103205,0.0552810766447926,0.0312284389025581,0.0157899675559204,0.00719187580081054,0.00296535670215938,0.00111087583759786,0.000379045234458986,0.000117975940798472,3.35125562587879e-05,8.68529324900754e-06,2.05112397236678e-06,4.40448092935386e-07,8.57249872453499e-08,1.50561518557235e-08,2.37253161194268e-09,3.78143464319186e-10
"10",0.000589083860456049,0.00151509722408015,0.00399078072140789,0.00961274443059851,0.0208570640181615,0.0403426064769334,0.0689913441985521,0.103355828544875,0.134367540485056,0.150453981298434,0.144739303271437,0.120175671833765,0.0868995480681849,0.0552810766407186,0.0312284389022336,0.015789967555896,0.00719187580080923,0.00296535670215931,0.00111087583759786,0.000379045234458986,0.000117975940798472,3.35125562587879e-05,8.68529324900754e-06,2.05112397236678e-06,4.40448093086098e-07,8.57250029416961e-08,1.50603952407423e-08,2.74641584418497e-09
"11",0.000173974041354016,0.000500685456925388,0.00147433606230669,0.00396153803455212,0.00960215971791855,0.0208533607803464,0.0403416304887546,0.0689910982922948,0.103355776171045,0.134367532076304,0.150453980221762,0.144739303192113,0.120175671828559,0.0868995480677375,0.055281076640689,0.0312284389022317,0.0157899675558959,0.00719187580080922,0.00296535670215931,0.00111087583759786,0.000379045234458986,0.000117975940798472,3.35125562587879e-05,8.68529324900995e-06,2.05112397530816e-06,4.40448315988491e-07,8.57641533603677e-08,1.77674348200108e-08
"12",4.6152730470611e-05,0.000149047711199083,0.000490348332239183,0.00146704666491185,0.00395904739827967,0.00960132024936318,0.0208531538389077,0.0403415799120871,0.0689910878591749,0.103355774557342,0.134367531880181,0.150453980209988,0.144739303191575,0.120175671828518,0.0868995480677354,0.0552810766406889,0.0312284389022317,0.0157899675558959,0.00719187580080922,0.00296535670215931,0.00111087583759786,0.000379045234458986,0.000117975940798481,3.35125562590237e-05,8.68529329226871e-06,2.05112655791064e-06,4.407619273651e-07,1.03215350697804e-07
"13",1.09666858018285e-05,3.98837586080449e-05,0.000146714126294758,0.000488725922769054,0.00146652433436776,0.00395887799034833,0.0096012815698638,0.0208531446763018,0.0403415780819666,0.0689910875841628,0.103355774525136,0.134367531878584,0.150453980209942,0.144739303191572,0.120175671828518,0.0868995480677353,0.0552810766406889,0.0312284389022317,0.0157899675558959,0.00719187580080922,0.00296535670215931,0.00111087583759787,0.000379045234459427,0.00011797594080795,3.35125567969564e-05,8.68531847284946e-06,2.05333968077371e-06,5.41738426768594e-07
"14",2.32540804129679e-06,9.56450199112752e-06,3.94169932337718e-05,0.000146393185085343,0.000488628766542103,0.00146649405897942,0.00395887167408798,0.00960128012435333,0.0208531443978146,0.0403415780410621,0.0689910875794918,0.103355774524941,0.134367531878581,0.150453980209942,0.144739303191572,0.120175671828518,0.0868995480677353,0.0552810766406889,0.0312284389022317,0.0157899675558959,0.0071918758008093,0.00296535670216007,0.00111087583761157,0.000379045234681653,0.000117975946766981,3.3512768472346e-05,8.69922428551467e-06,2.58095442369314e-06
"15",4.37949367111975e-07,2.04760388759027e-06,9.48228254058881e-06,3.93608931906282e-05,0.000146377252153361,0.000488624003566875,0.00146649316707146,0.0039588714781001,0.00960128008824618,0.0208531443926107,0.0403415780404776,0.0689910875794709,0.103355774524941,0.134367531878581,0.150453980209942,0.144739303191572,0.120175671828518,0.0868995480677353,0.0552810766406889,0.031228438902232,0.0157899675559005,0.00719187580084811,0.00296535670250622,0.0011108758414021,0.00037904529438833,0.000117977510439714,3.35911860983179e-05,1.12001335234302e-05
"16",7.28193624535055e-08,3.89456168841332e-07,2.03495256353613e-06,9.47368266687808e-06,3.93586074286307e-05,0.000146376597435799,0.000488623896045161,0.00146649314461337,0.00395887147420749,0.00960128008769483,0.0208531443925494,0.0403415780404757,0.0689910875794709,0.103355774524941,0.134367531878581,0.150453980209942,0.144739303191572,0.120175671828518,0.0868995480677356,0.0552810766406973,0.0312284389023519,0.0157899675568406,0.00719187580720473,0.00296535675338525,0.00111087638219891,0.000379055598765809,0.000118376770599301,4.43811559836228e-05
"17",1.06066024653248e-08,6.54141407074027e-08,3.87774327242986e-07,2.03380809292114e-06,9.47339885491458e-06,3.93585295723715e-05,0.000146376586551636,0.000488623893917717,0.0014664931442768,0.00395887147416067,0.00960128008768968,0.0208531443925493,0.0403415780404757,0.0689910875794709,0.103355774524941,0.134367531878581,0.150453980209942,0.144739303191572,0.120175671828527,0.0868995480679094,0.055281076642769,0.0312284389172491,0.0157899676431579,0.00719187635886388,0.00296536113725277,0.00111093763194907,0.000380899278351291,0.000160847958251113
"18",1.33929949396028e-09,9.62689852136982e-09,6.52239608779435e-08,3.87643947175509e-07,2.03377805027717e-06,9.47339095501435e-06,3.93585286665121e-05,0.000146376586389742,0.000488623893895695,0.0014664931442738,0.00395887147416034,0.00960128008768967,0.0208531443925493,0.0403415780404757,0.0689910875794709,0.103355774524941,0.134367531878581,0.150453980209952,0.144739303191771,0.120175671831351,0.086899548096039,0.055281076827075,0.0312284398675425,0.0157899727000075,0.00719190815418233,0.00296569232138155,0.00111868516842197,0.000533630498070163
"19",1.44528950846999e-10,1.22851083708783e-09,9.60901581722578e-09,6.52114968755163e-08,3.87641295224673e-07,2.03377737980885e-06,9.47339089456257e-06,3.93585286569274e-05,0.000146376586388756,0.000488623893895564,0.00146649314427379,0.00395887147416034,0.00960128008768967,0.0208531443925493,0.0403415780404757,0.0689910875794714,0.103355774524954,0.134367531878819,0.150453980213273,0.144739303228259,0.120175672137889,0.0868995499240948,0.0552810854121512,0.031228479399036,0.0157901782029418,0.00719354489761429,0.00299538951856004,0.00162072593172418
"20",1.3067288859141e-11,1.34022404783815e-10,1.22715969711209e-09,9.60804466280544e-09,6.52113081647547e-08,3.87641249093457e-07,2.03377737666404e-06,9.4733908941297e-06,3.93585286569023e-05,0.000146376586388753,0.000488623893895564,0.00146649314427379,0.00395887147416034,0.00960128008768969,0.0208531443925499,0.0403415780404927,0.0689910875797886,0.103355774529246,0.134367531924893,0.150453980617371,0.14473930609416,0.120175687559371,0.0868996162525836,0.0552813550002584,0.0312296677331637,0.0157975920473866,0.0072975270319117,0.004503176478637
"21",9.62479235830284e-13,1.22543299566308e-11,1.33944722807611e-10,1.22710067217041e-09,9.60803442285934e-09,6.52113057279159e-08,3.87641248972065e-07,2.03377737664911e-06,9.47339089412944e-06,3.93585286569022e-05,0.000146376586388753,0.000488623893895564,0.00146649314427381,0.00395887147416139,0.00960128008771579,0.0208531443929963,0.0403415780463821,0.0689910876411782,0.103355775056878,0.134367535739104,0.150454003744238,0.144739418171198,0.120176130697574,0.0869012310650466,0.0552875063337629,0.0312604375019465,0.0161302871074528,0.0114288897840287
"22",5.54799218061633e-14,9.1318873774365e-13,1.22512324035016e-11,1.33942107928798e-10,1.22710028771696e-09,9.6080343335692e-09,6.52113057250097e-08,3.87641248971723e-07,2.03377737664911e-06,9.47339089412944e-06,3.93585286569022e-05,0.000146376586388755,0.000488623893896097,0.00146649314429888,0.00395887147471721,0.0096012800956521,0.020853144478232,0.0403415787766836,0.0689910928543228,0.103355806791712,0.134367701445661,0.150454723504934,0.144742028142868,0.120184721371564,0.0869298249871489,0.0554042953160992,0.0322322088226073,0.0264298987814356
"23",2.36181310929655e-15,5.32769525189345e-14,9.13116526658261e-13,1.2251156192843e-11,1.33942099461661e-10,1.22710028579556e-09,9.60803433353919e-09,6.52113057250061e-08,3.87641248971723e-07,2.03377737664911e-06,9.47339089412944e-06,3.93585286570154e-05,0.000146376586399655,0.000488623894288378,0.00146649315187514,0.0039588715707122,0.00960128100403026,0.0208531513149231,0.0403416214954853,0.0689913203564257,0.103356852909627,0.134371797345395,0.150468358892386,0.14478280746569,0.120304236531893,0.0873337664767324,0.0579885206317447,0.0554945908406135
"24",6.82539267672645e-17,2.29562932742585e-15,5.32762420157739e-14,9.13115264103914e-13,1.22511561134078e-11,1.33942099444009e-10,1.22710028579556e-09,9.60803433353919e-09,6.52113057250061e-08,3.87641248973683e-07,2.03377737677167e-06,9.47339089964798e-06,3.93585288646677e-05,0.000146376591559565,0.000488623976892457,0.00146649407435452,0.00395887938390379,0.00960133387233905,0.0208534479706733,0.0403430371558222,0.0689971574735687,0.103377598876059,0.134435282967937,0.15064149389903,0.145231784495653,0.121570572313463,0.0935577063820889,0.105278881034665
"25",1.1698800222467e-18,6.70928728712366e-17,2.29562932742585e-15,5.32762331896477e-14,9.13115264103914e-13,1.22511561264691e-11,1.3394210031333e-10,1.22710031214478e-09,9.60803483769617e-09,6.52113128471492e-08,3.87641331823413e-07,2.03377824932544e-06,9.47340001767862e-06,3.93586263533428e-05,0.000146377569528857,0.000488632373606119,0.00146655401149813,0.00395923595347797,0.00960312614738814,0.0208611695268397,0.0403718860568734,0.0690907904743296,0.103641376230314,0.135092709541571,0.152154625831401,0.14880676562605,0.135027031903637,0.179238389113923
"26",8.82612621887191e-21,1.16105389602783e-18,6.70928728712366e-17,2.29562932742585e-15,5.32762397202834e-14,9.13116358947444e-13,1.22512132409775e-11,1.33943684215292e-10,1.2271293063599e-09,9.60842956611315e-09,6.52156181923917e-08,3.87681001838725e-07,2.03409945485985e-06,9.47575320649717e-06,3.93744095930348e-05,0.000146473785601447,0.00048915803276946,0.00146909800337217,0.00397008382587132,0.00964385231011742,0.0209959909350044,0.0407647823862535,0.0700945147173054,0.105901161676651,0.139672352673395,0.16116226775156,0.174508824932162,0.271130090828341
"27",0,8.82612621887191e-21,1.16105389602783e-18,6.70928728712366e-17,2.29586799006512e-15,5.33015646315056e-14,9.14226139421466e-13,1.22794697190772e-11,1.34436400562942e-10,1.23361276351082e-09,9.67675855821883e-09,6.58157826910707e-08,3.92195984093418e-07,2.06375707754289e-06,9.64802690862963e-06,4.02652841343685e-05,0.00015058559889802,0.000506099007057408,0.00153136864421486,0.00417414015132492,0.0102393662707668,0.0225383869271747,0.0442858983422302,0.077142457288758,0.11829036531569,0.159616794033121,0.203204103523981,0.358267988758838
"28",0,0,9.12033042616764e-21,1.19945168154788e-18,7.0614370874822e-17,2.50132034698908e-15,6.05356612136769e-14,1.08074766676566e-12,1.50283267287176e-11,1.69374362423077e-10,1.59223867617654e-09,1.2748382795017e-08,8.82655968475462e-08,5.34418296297549e-07,2.85316885231815e-06,1.35141884486626e-05,5.70467078560497e-05,0.000215314638307181,0.000728284262455381,0.00221027353587933,0.00601861943232477,0.0146767878375591,0.0319117817876864,0.0614666165960992,0.1040969926237,0.154720932869672,0.216311611676174,0.407568733464926
