"","X0","X1","X2","X3","X4","X5","X6","X7","X8","X9","X10","X11","X12","X13","X14","X15","X16","X17","X18","X19","X20","X21","X22","X23","X24","X25","X26","X27"
"1",0.208015892522396,0.155837751547048,0.141391821180557,0.124217215233108,0.103648210722103,0.0822286048666453,0.0620913746806923,0.0446067095103328,0.0304689507978958,0.0197870859915341,0.0122243297519549,0.00719151762096102,0.0040335894946174,0.00215967653410124,0.00110522371111998,0.00054122938382034,0.000253888417188084,0.000114194806977785,4.92894360860178e-05,2.04305381101224e-05,8.13755770541039e-06,3.11620236956274e-06,1.14780316278545e-06,4.06808564525437e-07,1.38821315190779e-07,4.57699403214136e-08,1.49009414809001e-08,5.38875459061075e-09
"2",0.19513801335528,0.147412083039808,0.135679597819179,0.121602458422216,0.104052291950506,0.0850200577824953,0.0663508787527221,0.0494054339461129,0.0350640151825471,0.0237115132805544,0.0152827119071107,0.00939491118092485,0.00551347927992398,0.00309181000617346,0.00165828026621446,0.000851412486419555,0.000418799370136226,0.000197501131092369,8.93536249201844e-05,3.88047842490236e-05,1.61850051981168e-05,6.48625117362993e-06,2.49864949972626e-06,9.25589563173589e-07,3.2993873634158e-07,1.13630793579576e-07,3.8711827731511e-08,1.46546231286351e-08
"3",0.173409371282127,0.132993621917494,0.125574884695908,0.11650350763765,0.103974953438894,0.089088274657764,0.0731639129087878,0.0574576159329651,0.043069593111188,0.0307866919351195,0.0209819863224785,0.0136378052372852,0.00845837963937589,0.00500907084791974,0.00283438247523939,0.00153355695022945,0.000793937427416924,0.000393561779545262,0.000186922926144872,8.51144240974162e-05,3.71780165846072e-05,1.55864030919343e-05,6.27480712555025e-06,2.42699387394387e-06,9.02677026066559e-07,3.24355119287153e-07,1.15501511681333e-07,4.5698039124826e-08
"4",0.146146024817561,0.114512574660147,0.111986007991811,0.108741751653487,0.102330274697095,0.0928264725175821,0.0808391889932525,0.06733553102506,0.0535094310280284,0.0405141593278637,0.0292136399992555,0.0200638343529985,0.0131302890431824,0.00819269014131639,0.00487723216491197,0.00277229733281194,0.00150577098241484,0.000782101491880785,0.000388755996655734,0.000185060245320369,8.44243078960149e-05,3.69333316775384e-05,1.55034245415573e-05,6.24829038558933e-06,2.42037771083995e-06,9.05985310952585e-07,3.3677637673453e-07,1.39043466779812e-07
"5",0.116858527521753,0.0940938123744668,0.0960484572629031,0.0983480294012,0.0981463196074456,0.0945863343639969,0.0874812143954503,0.077295167509777,0.065062834392239,0.0521040159793902,0.0396812102000796,0.0287429245539972,0.0198109735617981,0.0130013525362789,0.00813029962530659,0.00484857169571858,0.00275978868003018,0.00150057910959895,0.000780049955597938,0.00038798344731927,0.000184782770996958,8.43293391948557e-05,3.69028424119023e-05,1.54956829477792e-05,6.25141536589185e-06,2.43789139870404e-06,9.46264204583542e-07,4.07619133424913e-07
"6",0.0887820880370665,0.0738364430532344,0.0791224403166011,0.0857812362427659,0.0909407606717137,0.0930962181387004,0.0913323766932502,0.0854622999548441,0.0760752226565758,0.0643453367231252,0.0516959309936398,0.039458280695401,0.0286265393662155,0.0197530817146962,0.0129739587639193,0.00811797528105503,0.00484329952497718,0.00275764321291114,0.00149974806007905,0.000779743388934016,0.000387875869445633,0.000184747435963706,8.43201632253037e-05,3.69058555015595e-05,1.55134233218862e-05,6.30637467342282e-06,2.55769923179525e-06,1.1496889330447e-06
"7",0.0642009574773802,0.0553842271834751,0.062536805671494,0.0718911866837246,0.0809124117903497,0.0878311446776116,0.0912220505673037,0.090246084527079,0.0848468408494751,0.0757331091059535,0.0641597034222011,0.0515983565621792,0.0394089292471045,0.0286026357246196,0.0197420279238632,0.0129690867754977,0.00811593018766274,0.00484248211313224,0.00275733213856253,0.00149963552219536,0.000779705332257047,0.00038786578026165,0.00018475100462622,8.43390958209451e-05,3.69614340793882e-05,1.56732603142591e-05,6.64741220684921e-06,3.11852957090427e-06
"8",0.0442667976716142,0.039748034757017,0.047388290336321,0.0577445671228356,0.068868679756703,0.0790962346175048,0.0868035970966147,0.0906654324454598,0.089951424460961,0.0846929982471925,0.075654030685143,0.0641199644889123,0.0515789836025894,0.0393998257590943,0.0285985315141685,0.0197402580961838,0.0129683581516132,0.00811564415748876,0.00484237532242804,0.0027572949307626,0.00149962554578307,0.000779709710299723,0.000387887556457239,0.000184810175658553,8.44992883307717e-05,3.74066528507959e-05,1.66057294682913e-05,8.13212054579332e-06
"9",0.0291504751098767,0.0273170123197816,0.0344116168812607,0.0443849090504526,0.0559657456893738,0.0678591973827402,0.07855765429724,0.0865302358940676,0.0905303889011734,0.089885533972424,0.0846611473611935,0.0756388468386656,0.0641128792897601,0.0515757715632819,0.0393984198052518,0.0285979400719989,0.0197400198045641,0.0129682666272869,0.00811561143798589,0.00484236670196973,0.00275730029582475,0.00149965003791843,0.000779776747295268,0.000388056914328553,0.000185252210530714,8.56909923568588e-05,3.98556522996782e-05,2.03781490986816e-05
"10",0.0183603698844442,0.0179919871040165,0.023942142151384,0.0326240215245858,0.0433893035803034,0.055430512228643,0.0675886150549969,0.0784284243671892,0.0864705784754838,0.0905032612626054,0.0898732804434768,0.0846556520255316,0.0756364134258889,0.0641118231548214,0.0515753255659787,0.0393982377445265,0.0285978688227606,0.0197399939616914,0.012968260364452,0.00811561808073611,0.00484239339491103,0.0027573743804212,0.0014998396138768,0.000780240782930413,0.000389229431094747,0.000188317428505958,9.18664020568184e-05,4.90493426885858e-05
"11",0.011075336956498,0.0113651148722685,0.0159619471292776,0.0229281367612803,0.0320926796793878,0.0431181612805403,0.0553000336108476,0.0675296702955512,0.0784029016497569,0.0864597592673505,0.0904987127003858,0.0898713757774434,0.0846548591475876,0.0756360871503537,0.0641116914666383,0.0515752740881451,0.0393982192347791,0.0285978653168714,0.0197400021261297,0.0129682891837819,0.00811569761208188,0.00484260060978945,0.00275788817366521,0.00150106214819254,0.000783230780157334,0.000396802321946136,0.00020325959280039,0.000113341066494337
"12",0.0064060408651406,0.00689015450005543,0.0102002823831205,0.0154121713105662,0.0226571405253234,0.0319612893862473,0.0430577411221751,0.0552740755091383,0.0675190720513545,0.0783986997553852,0.0864581158025879,0.090498073226722,0.0898711276591624,0.084654763446627,0.0756360509616442,0.0641116790777417,0.0515752730904703,0.039398228949347,0.0285978964135065,0.019740086829064,0.0129685101039669,0.00811625401889908,0.00484394050500313,0.00276098559146278,0.00150838933993486,0.00080119177730115,0.000431471351667978,0.000251294446386118
"13",0.00355674864506537,0.00401192956054881,0.0062510878651228,0.00991468474292144,0.0152798277071754,0.0225961834038474,0.0319344221931068,0.0430467094258986,0.0552698036822368,0.067517479491362,0.0783981184551936,0.086457905813111,0.0904979977912973,0.0898711009843383,0.084654755186351,0.0756360518117058,0.0641116901196883,0.0515753064546797,0.0393983190734046,0.0285981304878715,0.019740676723302,0.0129699489984437,0.00811961654572112,0.00485148466818514,0.0027782318965159,0.00154925838619016,0.000878268185165252,0.00053426170155189
"14",0.00189750705275274,0.00224519300832004,0.00367605846030269,0.00610864945621247,0.00985268967082386,0.0152527317406423,0.0225847132564894,0.0319299025811269,0.0430450404229712,0.0552692150191523,0.0675172778757985,0.0783980507167536,0.0864578836426049,0.0904979917390578,0.0898711029079805,0.0846547671214004,0.0756360870287319,0.0641117853102691,0.0515755537448842,0.0393989409864436,0.0285996477173776,0.0197442597531654,0.0129780660463821,0.0081372722178772,0.00489045097256374,0.00286738700586913,0.00171331079416524,0.00108846374988281
"15",0.000973604606503319,0.00120846157266402,0.00207582938584818,0.00360773848433888,0.0060807474983254,0.00984114168113362,0.0152480314314842,0.0225829302776126,0.0319292718037895,0.0430448287510394,0.0552691466499406,0.067517256707144,0.0783980454334071,0.0864578859508932,0.0904980039708732,0.0898711390530988,0.0846548657615607,0.0756363452377053,0.0641124370338284,0.0515771437706451,0.039402697615115,0.0286082335014638,0.0197630973132403,0.0130177455863965,0.00822172711770938,0.00507676319762139,0.00320135924403277,0.00212352136258699
"16",0.000480862525173683,0.000626016568074867,0.00112641543609418,0.00204426841349139,0.00359565455847468,0.0060760254396871,0.00983929312035092,0.0152473548281414,0.0225827001618358,0.0319291980637741,0.0430448064427399,0.0552691412007956,0.0675172588671124,0.0783980572942442,0.0864579216302053,0.0904981030474635,0.0898714021946859,0.0846555373356264,0.0756379948694224,0.0641163447874196,0.0515860886925049,0.0394224789362328,0.028650232629119,0.0198486747230192,0.0131932032429417,0.00859437326261156,0.00572635764110855,0.00396423408765074
"17",0.000228789902896587,0.000312317312568286,0.000587789383572878,0.00111235576856562,0.00203922500353993,0.00359380064385317,0.00607532773759489,0.00983904634866455,0.0152472739995144,0.0225826755815448,0.0319291918973074,0.0430448080801538,0.0552691520666916,0.067517292486332,0.078398152765274,0.0864581803527388,0.0904987748800283,0.0898730760124734,0.084659542489375,0.0756472146539722,0.0641368026550693,0.0516298643708755,0.0395123606375858,0.0288272068498044,0.0201977818976616,0.0139058724488857,0.00980014599128952,0.00707597778216824
"18",0.000104939134596915,0.000150152242829976,0.000295170629239331,0.00058174324972131,0.00111032430943781,0.00203852564094796,0.00359354793102357,0.00607524133651147,0.00983901924094895,0.0152472668449504,0.0225826764660577,0.031929201288455,0.0430448381983005,0.0552692397401186,0.0675175356924185,0.0783987982634205,0.0864598205588433,0.0905027671040766,0.0898823894157608,0.0846803937963607,0.0756920934877083,0.0642297385484828,0.0518143098097038,0.039862957577081,0.0294918147597412,0.0214995973799091,0.0160389888009723,0.0120669085523832
"19",4.64299905464917e-05,6.96054678183345e-05,0.000142741854766931,0.000292658531700275,0.000580952464538299,0.00111007062705051,0.00203843783077918,0.00359351905010056,0.00607523318969562,0.00983901927159423,0.0152472744810292,0.0225827020718606,0.0319292777548689,0.0430450555666647,0.0552698307570086,0.0675190728375511,0.078402622009697,0.0864689184476729,0.0905234753903797,0.0899275173369261,0.0847746763038195,0.0758811055826114,0.0645922305312036,0.0524789354994165,0.0410722330305692,0.0317604973018177,0.0250910670915945,0.0196448397267201
"20",1.98273619940052e-05,3.11286748999385e-05,6.65175712804647e-05,0.000141732707864679,0.000292360657065229,0.000580863938808778,0.00111004146287961,0.00203842901106299,0.003593518258617,0.00607523900605891,0.00983903992610362,0.0152473377637164,0.0225828863536662,0.0319297912425276,0.04304642446569,0.0552733200770479,0.0675275725982473,0.0784224006300058,0.0865128711772055,0.0906167769878043,0.0901168702057742,0.0851423403885767,0.0765624209626197,0.0657963573515001,0.0545794281540313,0.0448394085615034,0.0375065903714283,0.0305085041320213
"21",8.17618274328183e-06,1.34366742437284e-05,2.98872901409806e-05,6.61254157212284e-05,0.000141624020772192,0.000292330989528108,0.00058085496629633,0.00111004003161302,0.00203843316071771,0.00359353413866936,0.00607528887618749,0.00983918841457527,0.0152477611744421,0.0225840425594254,0.0319328121059172,0.0430539691738387,0.0552913162907749,0.0675685354503949,0.0785113092523304,0.0866968237851368,0.0909796697502674,0.0907996959533059,0.0863650708048771,0.0786444316104686,0.0692748324645284,0.0605319287441826,0.0535612729729901,0.0451676077459125
"22",3.25716377655133e-06,5.60043931595094e-06,1.29549631795492e-05,2.97398322303932e-05,6.60870173197621e-05,0.000141614675968225,0.000292329194638932,0.000580857812831817,0.00111005191581549,0.00203847120849533,0.00359364931245308,0.00607562334396113,0.00984012037900576,0.0152502501327742,0.0225904057030019,0.031948364868762,0.0430902660833557,0.0553720972208104,0.0677397672529401,0.0788566870251075,0.0873594055420785,0.0921883608700117,0.0928915131405124,0.0897954949064677,0.0841287302415796,0.0782124757315116,0.073070343654344,0.0637154803677524
"23",1.25396955875869e-06,2.25483056026374e-06,5.41995151676784e-06,1.29013489539373e-05,2.97268607142432e-05,6.60848666809753e-05,0.000141616731636415,0.000292338366727362,0.000580887258653682,0.0011101412518251,0.00203873222487175,0.00359438387868811,0.00607761166790307,0.009845288453275,0.0152631273783473,0.022621111453222,0.032018309824407,0.0432422018188632,0.0556862533435596,0.0683570985106534,0.080008120496176,0.0893958437890514,0.0955944276364308,0.0982691209587992,0.0980154609978052,0.0968623582052227,0.0952532425842644,0.0856146813416339
"24",4.66685614766397e-07,8.77229226154003e-07,2.18956697376162e-06,5.40128143949606e-06,1.28977541492639e-05,2.97285881293492e-05,6.60929047142916e-05,0.000141641918339707,0.000292413197356484,0.000581102529657964,0.001110741167679,0.00204034920956313,0.00359859118113221,0.0060881577753037,0.00987070007293325,0.0153218556466383,0.0227509871875357,0.0322924899740463,0.0437933893562437,0.0567389159721844,0.0702629033272826,0.0832726582433551,0.0946688582060136,0.103603377355946,0.1099622060927,0.115200685786804,0.118711314826625,0.109579006962415
"25",1.67966489479061e-07,3.29934045018228e-07,8.54667992289901e-07,2.18403903179362e-06,5.40273077993417e-06,1.29062093697385e-05,2.97541887085475e-05,6.61663316108531e-05,0.000141846270130396,0.000292965881379315,0.000582554295485306,0.00111444070107297,0.00204948126296956,0.0036203856941952,0.00613833770076987,0.00998188404392285,0.0155582866502694,0.0232320984926121,0.0332264067472428,0.0455172818759579,0.0597553869425578,0.0752511886976549,0.0910348386285813,0.105987931920254,0.119359127410948,0.131878717935976,0.141544015085289,0.133615057694706
"26",5.86117537356785e-08,1.20323468935857e-07,3.23453296643929e-07,8.56319124820715e-07,2.1947475822606e-06,5.43457242733452e-06,1.29946893543841e-05,2.99921866363288e-05,6.67873939771472e-05,0.000143419123347129,0.000296831733684185,0.000591773550150207,0.00113576029865272,0.00209724028850562,0.00372387261121688,0.00635481709856813,0.0104179791866841,0.0164018175911752,0.0247934225627443,0.0359814036493257,0.0501331092932857,0.0670677752024417,0.0861443577866972,0.106206413594216,0.126032986309779,0.145637991832752,0.161533734774403,0.155186531214751
"27",2.05449844636791e-08,4.41786623315815e-08,1.23462734063023e-07,3.39256665260132e-07,9.02606288260926e-07,2.32116996500556e-06,5.76762182300296e-06,1.38432080080887e-05,3.20833248625211e-05,7.1772975847575e-05,0.00015491881232347,0.000322493681548822,0.000647168618119717,0.00125139613701858,0.00233052877839998,0.00417827997984643,0.00720812169616455,0.0119595428154774,0.0190736097826457,0.0292203301746574,0.0429642052955189,0.06056756492576,0.0817428712180234,0.105422976638972,0.130109690718022,0.155265166197693,0.176176018384315,0.171277897795654
"28",9.49858046747827e-09,2.13328870680088e-08,6.17861979769119e-08,1.75623872607723e-07,4.83149264525298e-07,1.28459161417162e-06,3.29998802249573e-06,8.18876911091337e-06,1.96228646543798e-05,4.53947091073723e-05,0.000101342803524683,0.000218251210713435,0.000453224793599944,0.000907123361647929,0.00174903977324118,0.00324694750493058,0.00579991020791241,0.00996132170515319,0.0164350566053086,0.0260196325052473,0.0394744576977311,0.0572940394281284,0.079393438233621,0.104784003096468,0.131855960071066,0.159799789032802,0.183269647758263,0.17915827189733
