"","X0","X1","X2","X3","X4","X5","X6","X7","X8","X9","X10","X11","X12","X13","X14","X15","X16","X17","X18","X19","X20","X21","X22","X23","X24","X25","X26","X27"
"1",0.196639307749086,0.163365289258356,0.141342708482073,0.12086152405976,0.101159335084501,0.0813108893565667,0.0625183739669095,0.0459320092402435,0.032234103061787,0.0216067849516788,0.0138373347204462,0.00847117833751795,0.00496140039184035,0.00278249155213558,0.00149574750474827,0.000771442588810799,0.000382102174277185,0.000181915362590305,8.33153666558415e-05,3.6733729796218e-05,1.56017676900179e-05,6.38710210962512e-06,2.52161658089851e-06,9.60528670378621e-07,3.53259056794914e-07,1.25732120311738e-07,4.36723041602668e-08,1.93816903757589e-08
"2",0.18545909681269,0.155201485388676,0.13596330873524,0.118378101881206,0.101292918273944,0.0835392963869257,0.0661116568651856,0.0501263676609052,0.0363854956123473,0.0252763330049011,0.016804684706655,0.0106960193297695,0.00652129145151618,0.00381123805929533,0.00213670666803275,0.00114999746647206,0.00059461647124612,0.000295570545998137,0.000141333082707904,6.50484286569829e-05,2.88316896363842e-05,1.23127017215453e-05,5.0685061618637e-06,2.0120846942821e-06,7.7085153038648e-07,2.85774727581642e-07,1.03458033078117e-07,4.81011254224038e-08
"3",0.166444442559501,0.141145874706477,0.126439276482744,0.113604528048148,0.100905360609174,0.086789261109732,0.0718753770630928,0.0571635967327319,0.0435915539949459,0.0318433843489561,0.0222732251667771,0.0149170704315952,0.00956826503079122,0.00588059551712804,0.00346481421148455,0.00195822324962114,0.00106225496792874,0.000553401046882348,0.000277045353457644,0.000133354653612516,6.17516163064196e-05,2.75230553565727e-05,1.18132696284947e-05,4.8854015512516e-06,1.94839638689219e-06,7.51754906211761e-07,2.83398343471542e-07,1.37822741581058e-07
"4",0.142292572850029,0.122957960032453,0.113600957948974,0.106438282313307,0.0991521694512487,0.0897700372804581,0.0784055847639467,0.065806150284512,0.0529498299595791,0.0407879431936205,0.0300583803357331,0.0211877553477614,0.0142875598049664,0.00922035822042597,0.00569737591519161,0.00337282552034481,0.00191415726798322,0.00104209371977137,0.00054458128442856,0.000273352045183434,0.000131872574912827,6.11812150185226e-05,2.73127472889238e-05,1.17400760896549e-05,4.8641334296958e-06,1.94967748305623e-06,7.64123841107654e-07,3.87912020049108e-07
"5",0.115914499282791,0.102598849718326,0.0984696952610329,0.0969260254968488,0.0952513879876064,0.0911337550792294,0.0841220507290563,0.0745581734821148,0.0632769239520518,0.0513455704951787,0.0398076173878428,0.0294828181427862,0.0208639809286885,0.014113408721227,0.00913089837458972,0.00565350677746945,0.00335228722507417,0.00190497307307048,0.00103816840827953,0.000542976633834639,0.000272724304035708,0.000131637930068655,6.10988360062506e-05,2.72892896338868e-05,1.17439218282231e-05,4.89017113211988e-06,1.99272094758559e-06,1.05566925131297e-06
"6",0.09009349120692,0.0820587454881679,0.0822645665059426,0.0854432953530267,0.0887785657264481,0.0898010379924315,0.0875385534518857,0.0818208282394687,0.07313067346998,0.0624175777943494,0.0508437426126071,0.0395241135250475,0.029328431383857,0.0207832058293719,0.0140729032242203,0.00911145925717763,0.00564458501092395,0.00334837201648877,0.00190333004954458,0.00103750901921661,0.000542724059027584,0.000272633657475221,0.00013161208948794,6.11051310857237e-05,2.73257131155467e-05,1.18266876072183e-05,5.01360732374682e-06,2.77189780335921e-06
"7",0.0669129081980916,0.0629606367608021,0.0661845376502067,0.0726748619139717,0.0798313583415668,0.0852627437956208,0.0876248910618697,0.086229877196849,0.081056832445868,0.072696280173012,0.062176596833603,0.0507135051002663,0.0394557933547403,0.0292937896357463,0.020766289182361,0.0140649683970676,0.00910789047728429,0.0056430475039652,0.00334773803594146,0.00190308056061824,0.00103741726039761,0.000542697865961346,0.000272642804148581,0.000131658955955221,6.121802249891e-05,2.75581888770322e-05,1.21619574658e-05,7.01832524566591e-06
"8",0.0475603517057741,0.0463798544672422,0.0512445817174607,0.0594987030306402,0.0690030505002514,0.0776698376930416,0.0840037098048021,0.0869123610236639,0.0858386582514879,0.080847463532313,0.0725865704839194,0.0621202562939502,0.0506852206586563,0.0394419722284832,0.0292872457800088,0.020763298682816,0.0140636531655607,0.00910733513160302,0.0056428234086955,0.00334765382131368,0.00190305703692449,0.00103742954545166,0.000542754341873507,0.000272784311471751,0.000131972012914177,6.18404463907909e-05,2.84328977565728e-05,1.71280255353601e-05
"9",0.0323964200063321,0.0328258403418282,0.0381660124837923,0.0468112702494866,0.0572081492598628,0.067732346313879,0.0769711211768317,0.083630497750786,0.0867193513508979,0.085741550569317,0.0807996035228549,0.0725633688913093,0.0621091931600544,0.0506800488400242,0.0394396130667375,0.0292862007760631,0.0207628512732339,0.0140634694032515,0.00910726520834811,0.00564280528145778,0.00334766993607266,0.00190312119280558,0.00103759550717321,0.000543140289043269,0.000273612794246003,0.000133574193215577,6.40353119881087e-05,4.0271849109523e-05
"10",0.0211737182079802,0.0223357824021621,0.0273350663632179,0.0353602792997282,0.0454446827599369,0.056492055135735,0.0673595760350888,0.0767825418681551,0.0835383430135296,0.0866757023125423,0.0857213511530865,0.0807904059689839,0.0725592342929006,0.0621073596303612,0.0506792497447585,0.0394392727753034,0.029286060755011,0.0207627983397517,0.0140634581202318,0.00910728566804163,0.0056428763607663,0.00334785400969064,0.00190356621258184,0.00103860146036443,0.000545247837349516,0.00027758027136666,0.000138869157687496,9.11808436889492e-05
"11",0.0132929409609823,0.0146196638851731,0.018825489394751,0.0256355180478552,0.0345785028977526,0.0450570682722554,0.0563006073842871,0.0672675425682635,0.0767398683242718,0.0835192464307449,0.0866673930825663,0.0857178047935895,0.0807889115115426,0.0725586109068937,0.0621071028541836,0.0506791466520276,0.0394392353360559,0.0292860561867657,0.0207628231707183,0.0140635357809142,0.00910748518790268,0.00564336342845338,0.00334899660649633,0.00190608723390921,0.0010437572857558,0.000554694947474417,0.000289853026940936,0.000198693841475067
"12",0.00802421104289516,0.00921022061327488,0.0124683342063379,0.0178379203655716,0.0252057851448325,0.0343766379263794,0.0449623298044769,0.0562572149695655,0.0672483731088703,0.076731724094591,0.0835159009230928,0.0866660526439851,0.085717276514039,0.0807887058535713,0.0725585326911163,0.0621070767811957,0.0506791475061814,0.0394392641251294,0.0292861401136162,0.0207630370814892,0.014064058264069,0.00910872180069756,0.00564618643510214,0.00335507339536986,0.00191821175591906,0.0010653739469984,0.000582004164870954,0.00041648472676357
"13",0.00466167815106188,0.00558786522648168,0.00794386162641295,0.0119168473360571,0.0176105370217084,0.0251044868500187,0.0343314307477658,0.0449425684502797,0.056248868953721,0.0672449899886791,0.0767304047890718,0.0835154024833117,0.0866658689458763,0.0857172110842753,0.0807886864391419,0.0725585372276704,0.0621071088789865,0.0506792373228852,0.0394394918128972,0.0292866956878944,0.0207643525287902,0.0140670823215881,0.00911543512760287,0.00566027012394871,0.00338246588731755,0.00196570934659503,0.00112366271618021,0.000839242923782547
"14",0.00260865196698092,0.00326674749819675,0.00487076254022419,0.00764746092207508,0.0118008586066984,0.0175614882786495,0.0250836680927551,0.0343227396453943,0.0449390512269827,0.0562475029735158,0.0672444815361481,0.0767302229250207,0.0835153406832615,0.0866658522855837,0.0857172176499851,0.0807887210396477,0.0725586323208177,0.0621073495037354,0.0506798244088469,0.0394408810430688,0.0292898880195155,0.0207714759014113,0.0140824435600036,0.00914680369479438,0.00571968891947899,0.00348260506634365,0.00208492716118299,0.00162471252968342
"15",0.00140726488540287,0.00184133174524138,0.00287557914609372,0.0047172536519944,0.00759034933772103,0.0117779124695277,0.0175522265611931,0.0250799764411098,0.0343213065851912,0.0449385165395012,0.056247312481601,0.0672444178246052,0.0767302063559688,0.0835153479029738,0.0866658883462837,0.0857173167317956,0.0807889726028101,0.0725592476704497,0.0621088073317524,0.0506831732637293,0.0394483467508093,0.0293060443023466,0.0208052806861966,0.0141495509976983,0.00927046641047867,0.00592208788631414,0.00371600232935775,0.00301981276185447
"16",0.000732404409558987,0.00100126277345142,0.00163554947633256,0.00279888732570273,0.00469007967443166,0.00757996490280922,0.0117739276871707,0.0175507114874039,0.0250794124328141,0.034321104450869,0.0449384485015403,0.0562472944824258,0.0672444245950616,0.0767302425251582,0.0835154486061194,0.0866661464918077,0.0857179526987506,0.0807904865395003,0.0725627345902064,0.0621165843460942,0.0506999874308565,0.0394836088462975,0.0293775521097699,0.020943089075464,0.0143962937452223,0.00966227199980735,0.00635890956867946,0.00538521922669641
"17",0.000368000607892337,0.000525548198046703,0.000896753332095787,0.00159855715831039,0.00278638195405362,0.00468552836172234,0.00757830485095791,0.0117733265326742,0.0175504974205603,0.0250793397312884,0.0343210844012002,0.0449384539764794,0.0562473291815218,0.0672445234813966,0.0767304999416594,0.083516090749507,0.0866676902473831,0.0857215340618524,0.0807985109107404,0.0725801152755289,0.0621530212710303,0.0507739938718746,0.0396289084921333,0.0296490124621502,0.0214146932401628,0.0151219638734351,0.0104427320797637,0.00920760433458103
"18",0.000178629412089036,0.000266420235742309,0.000474262563072383,0.000879512689827518,0.00159298685066264,0.00278444821876905,0.00468485794356549,0.00757807425585142,0.0117732490086962,0.0175504752325291,0.0250793433384284,0.0343211160642355,0.0449385470471948,0.0562475762764523,0.0672451505244698,0.0767320301126116,0.0835196853182891,0.0866758240649297,0.0857392752192589,0.0808358444152776,0.0726560076346673,0.0623022432876446,0.0510573728426081,0.0401414394153795,0.0305116786075463,0.0226991612891095,0.0164510035409022,0.0150837845901919
"19",8.38157535551109e-05,0.000130509973718773,0.000242082932800756,0.000466493622604068,0.000877109652791919,0.00159218978869179,0.00278418563123285,0.00468477301190211,0.00757804966327953,0.0117732504014102,0.0175505025842311,0.0250794268306135,0.0343213427434295,0.0449391340409489,0.0562490360676495,0.0672486394280533,0.0767400453156566,0.0835373903061256,0.0867134452989915,0.0858162327558841,0.080987575461294,0.07294475596528,0.0628322159498332,0.0519840516734111,0.0416501669421402,0.0326818486918822,0.0248523174681483,0.0236594120444423
"20",3.80368923268398e-05,6.18103653966616e-05,0.000119333915286965,0.000238696183218536,0.000465489176102087,0.000876790872114344,0.00159209045519935,0.00278415728761166,0.00468477185795689,0.00757807191096501,0.011773321567265,0.0175507004432898,0.0250799504498846,0.0343226728456722,0.0449423787412,0.0562566354659054,0.0672657243441199,0.0767769138845418,0.0836137697618252,0.0868654236505633,0.0861069739114266,0.081523076854891,0.0738941382399532,0.0644350855056349,0.0545041699677378,0.0451454892226265,0.0359936724608288,0.0355106537664575
"21",1.67034725632359e-05,2.8315560707658e-05,5.68409015114663e-05,0.000117904952904245,0.000238289355102675,0.000465365802151454,0.000876755842941774,0.00159208616861323,0.00278417417361165,0.00468482952830795,0.0075782361591809,0.0117737657063124,0.0175518533613107,0.0250828248368481,0.0343295516370312,0.0449581704087946,0.0562913935788752,0.0673390436561847,0.0769251039294825,0.0839007848930302,0.0873984639347816,0.0870573771831464,0.0831500442872993,0.0765435076904701,0.0684509968104365,0.0598635311026251,0.049970460055464,0.0509736250103132
"22",7.10107800969573e-06,1.25523523498838e-05,2.61748310818486e-05,5.62571964290857e-05,0.000117745538114599,0.00023824410476836,0.000465357453857511,0.000876767617487885,0.00159213104481775,0.00278430493318567,0.00468518976862757,0.00757918966836563,0.0117761921017027,0.0175577846851579,0.0250967396982778,0.0343608505085378,0.0450256088594207,0.0564304732130178,0.0676133986881719,0.0774425930255741,0.0848342638830856,0.0890101327169507,0.0897209416454217,0.08732965680004,0.0826415225427984,0.0762629576665574,0.0665038150890319,0.0699520532891599
"23",2.92368214944689e-06,5.38686715913685e-06,1.16586131750789e-05,2.59441537566033e-05,5.61975295649422e-05,0.000117732290946216,0.000238251479649295,0.000465392090680909,0.000876870350116169,0.0015924169893745,0.00278507107389108,0.00468716795564793,0.00758410661136431,0.0117879419157389,0.0175847432841519,0.0251560477491491,0.034485792081561,0.0452773347669266,0.0569149532102055,0.0685033285515593,0.0790020732929989,0.0874418943600757,0.0931701244837147,0.0960062724282341,0.0961421414721813,0.0934505537957618,0.0848676112460213,0.0917600676742458
"24",1.16623468625524e-06,2.23888027900901e-06,5.02533476965563e-06,1.15711254671466e-05,2.59250813769304e-05,5.62016963654533e-05,0.000117760730326767,0.000238336333182599,0.000465626795454904,0.000877497219618646,0.00159403712643622,0.0027891177645265,0.00469692052991125,0.0076067462690076,0.0118384766835318,0.0176930121607926,0.0253782893337599,0.0349220824730948,0.0460950473085011,0.0583758572777402,0.0709883507023787,0.0830244717223813,0.0936331720542503,0.1021686794259,0.10811008629649,0.110314520952051,0.103903007544082,0.11506677494364
"25",4.50961488506021e-07,9.01773986504037e-07,2.09795803785579e-06,4.99595672309864e-06,1.15733794324629e-05,2.59521698993474e-05,5.62817040393754e-05,0.000117976800168448,0.000238900835926404,0.000467059443167133,0.000881026507910557,0.0016024646469092,0.00280859187954919,0.0047403871870012,0.00770026934092081,0.0120320336262697,0.0180774641871577,0.0261094323267429,0.036250273340068,0.0483944725079981,0.0621620120578174,0.0769085794347631,0.0918017202596877,0.105883642728964,0.11794044483928,0.125672474809262,0.122127868203022,0.137980651133809
"26",1.69620988370959e-07,3.53383128993871e-07,8.52093919152724e-07,2.09873980309616e-06,5.0279216993167e-06,1.16656044769821e-05,2.61935745845923e-05,5.68922981910535e-05,0.000119477604769917,0.000242486546585005,0.000475382842239727,0.000899783109430713,0.00164345227442742,0.00289532229377575,0.0049177820082843,0.00805025689369052,0.0126964923995293,0.0192881596222654,0.0282205334931821,0.0397626083934417,0.0539538927042866,0.0705118545151083,0.0887764079892252,0.107640780366971,0.125315499559586,0.138389428846709,0.137878561950484,0.158218583349219
"27",6.45595496535954e-08,1.40443218391365e-07,3.5158336798843e-07,8.97226098114925e-07,2.22692915905096e-06,5.35590675886238e-06,1.24746673683824e-05,2.81281617173527e-05,6.13786233716573e-05,0.000129567308925229,0.000264489501020616,0.000521895197178395,0.00099504713608123,0.00183235732067568,0.00325761306117196,0.00558882884021766,0.00924845485370231,0.0147542020503007,0.0226775151136332,0.0335580884522921,0.0477710734333058,0.0653615948295936,0.0858791292770134,0.108181873030622,0.130087120550947,0.147325958962779,0.149311179400076,0.173142993579856
"28",3.23076326163114e-08,7.30944955159008e-08,1.89185492095563e-07,4.98052040996796e-07,1.27462272466567e-06,3.16082965235582e-06,7.59138807498185e-06,1.76526463574511e-05,3.97311169598284e-05,8.65240169872295e-05,0.000182250339693034,0.000371154018155284,0.000730480056749981,0.00138876184503514,0.00254909825282678,0.00451469696495038,0.00771005315118605,0.0126859935662376,0.0200917892813719,0.0305956845415967,0.0447415957621352,0.0627497897335893,0.0842948322908357,0.108240400456157,0.132223555788424,0.151549152778935,0.154820866751712,0.180403117159992
