"","X0","X1","X2","X3","X4","X5","X6","X7","X8","X9","X10","X11","X12","X13","X14","X15","X16","X17","X18","X19","X20","X21","X22","X23","X24","X25","X26","X27"
"1",0.192763339793783,0.169279015028197,0.140575201532624,0.119806309554537,0.10002449636099,0.0805729005647879,0.0622204642952461,0.0459759043103729,0.0324894490276526,0.0219543375907014,0.0141886908169094,0.0087741137156979,0.00519510225049011,0.00294761389623584,0.00160406581661,0.000838005843171646,0.000420663233328915,0.000203073884287876,9.43514370853232e-05,4.22212609308736e-05,1.82089505699023e-05,7.57290955608742e-06,3.03872814868047e-06,1.17705432296389e-06,4.40547239394402e-07,1.59278410028821e-07,5.68315137153709e-08,2.54866012134474e-08
"2",0.18218347073671,0.161066719967014,0.135359149962231,0.117373070497064,0.100105719840665,0.0826597716574727,0.065629543615258,0.0499903045236593,0.0364968821649204,0.025528854039374,0.0171074868847127,0.0109855908928441,0.00676308027415862,0.00399405566915365,0.00226427023313665,0.00123308159327529,0.000645511100028013,0.000325048835291889,0.000157540698632165,7.35330363118198e-05,3.30707647294901e-05,1.43379078719733e-05,5.99515948172972e-06,2.41878488451448e-06,9.42597350578394e-07,3.54684334011309e-07,1.31936018849779e-07,6.1943418992834e-08
"3",0.164136599206104,0.146900747011592,0.12611989449833,0.11271689955962,0.0996733615167339,0.0857102928307008,0.0711064293127419,0.0567285569660812,0.0434485294723835,0.0319150260665347,0.0224720849995166,0.0151659654558965,0.00981181334599941,0.00608746331209691,0.00362355847444955,0.00207050435667124,0.00113632053049869,0.000599313559098346,0.000303933065348456,0.000148288787434514,6.96422540191927e-05,3.1498512498313e-05,1.37269185017593e-05,5.76718244687818e-06,2.33882938700922e-06,9.15259980563968e-07,3.54652899548174e-07,1.74062435771242e-07
"4",0.141108752923539,0.12851464253202,0.113652277678639,0.105758485125703,0.0979490601371874,0.0885222147704121,0.0773313661621857,0.0650135352017551,0.0524714139477993,0.040595083282628,0.0300826430935767,0.0213465388885209,0.0145055906348421,0.00944205533997221,0.00588993137230565,0.00352284915754565,0.00202147073878541,0.0011135019398512,0.000589153709719281,0.000299600510885022,0.000146517463617073,6.89474959469469e-05,3.12374885180774e-05,1.3634769865059e-05,5.74205423899373e-06,2.33245736857847e-06,9.39906306742447e-07,4.8121626757752e-07
"5",0.115800728122515,0.107846130350367,0.0989290712576944,0.0965506657420928,0.0942036569249258,0.0898329831461004,0.082816730356668,0.0734261961664309,0.0624297235785235,0.050820938390546,0.0395785086626164,0.0294802269762225,0.02100392726266,0.0143189703320959,0.00934482911977411,0.00584151429620772,0.00349980464289683,0.00201098451049324,0.00110893753790439,0.000587252076290943,0.00029884197722653,0.000146228450119404,6.88443507963253e-05,3.12087401601412e-05,1.3645551995931e-05,5.75301051514481e-06,2.41114512910775e-06,1.28732103409928e-06
"6",0.0908291323461176,0.0868766380151122,0.0831104310017101,0.085444929977122,0.0880284233312599,0.0886188328301973,0.0861564851234164,0.0804510751532,0.0719486945131784,0.0615341457264006,0.0502942027915617,0.039278482123801,0.0293152281329496,0.0209165883848168,0.0142745830876902,0.0093232066434529,0.00583142774475984,0.00349530057389498,0.00200905933853034,0.00110815007308348,0.000586944787383117,0.000298730277686722,0.000146197105970052,6.88557386624008e-05,3.12702186511768e-05,1.36895157294249e-05,5.97085351615605e-06,3.32459014784761e-06
"7",0.0681930729209496,0.0672408642391282,0.0673397680393132,0.0730748701996009,0.0794904127330149,0.0843761819947828,0.086363070128157,0.0847918917965054,0.0796483656900683,0.0714890201757742,0.0612774495066396,0.0501544928771678,0.0392045751073029,0.0292773671927204,0.0208978724791015,0.0142656802362651,0.00931913941217282,0.00582964551230254,0.00349455242247324,0.00200875979230046,0.0011080389521038,0.000586914870134508,0.000298745561442796,0.000146264959409355,6.90345792653309e-05,3.14009609492171e-05,1.42638338037188e-05,8.28382715278495e-06
"8",0.0490789939776542,0.0500455671316447,0.0525929120913878,0.0602559722648243,0.0691168309123563,0.0772110897114657,0.083051762789382,0.0856085648915821,0.0843739749526598,0.079422898693803,0.0713700869497152,0.0612159978818675,0.0501234307755974,0.0391892671089434,0.029270042358916,0.0208944824876486,0.0142641675441239,0.00931849052199286,0.0058293797106618,0.00349445228000287,0.00200873483914123,0.00110806182390436,0.000586995440394988,0.000298942984533796,0.000146739291885954,6.93974217209425e-05,3.28576779106826e-05,1.99054842808672e-05
"9",0.0339056056215115,0.0358445185101464,0.0395766792097754,0.0478309859273854,0.0577439958733146,0.0677549588367886,0.0764644795197399,0.082650096219483,0.0853987100017453,0.08426736493871,0.0793699558075589,0.0713442699070138,0.0612036191083381,0.050117605647623,0.0391865872807209,0.0292688426087726,0.0208939624446988,0.0142639515334422,0.00931840888416707,0.00582936273739677,0.00349448280899895,0.00200883382674213,0.00110829198033183,0.000587518564384457,0.000300148491429143,0.000147701545504134,7.2955303557075e-05,4.61068607226146e-05
"10",0.0225104346836085,0.024722181899439,0.0286880403704329,0.036517843003405,0.0463043180290408,0.0569630537351145,0.0673499799302179,0.0762580790087369,0.0825480576141119,0.0853498053260647,0.0842445173186865,0.0793594818105262,0.0713395375679481,0.0612015100547173,0.0501166808134577,0.0391861904760681,0.0292686784479284,0.020893901733879,0.0142639438035933,0.00931844703660594,0.00582947689100576,0.00349475692375626,0.00200943730869813,0.00110961935360825,0.000590471371816305,0.000302594026313526,0.000156065683679288,0.000102895777542141
"11",0.0143779421025418,0.0164292012689117,0.0200302889086445,0.0268054302503864,0.0356271540480818,0.0458736867177984,0.0567513923409245,0.0672474895995838,0.0762099537731363,0.0825262162683426,0.0853401849894128,0.0842403745160793,0.0793577256367553,0.0713388019503013,0.0612012060678837,0.050116558987185,0.0391861482147208,0.0292686793788664,0.0208939468023394,0.0142640709345766,0.00931875531136597,0.00583018274112511,0.00349627336161393,0.00201268044010182,0.00111659141277468,0.000596428893139302,0.000321508041909707,0.000221127041499545
"12",0.00884373018287666,0.0105259542351767,0.0134726424558772,0.0189177051833774,0.0263055910847181,0.035398429603682,0.045766988590359,0.0567021982557292,0.0672254716940955,0.0762004482983212,0.0825222516186991,0.0853385770886781,0.0842397356308241,0.0793574759703527,0.0713387076114209,0.061201176947355,0.050116566771116,0.0391861992339986,0.0292688174237826,0.0208942831704754,0.014264853595236,0.00932050097900734,0.00583385116065343,0.0035039047269106,0.0020285404451805,0.00113049941828244,0.000637539813524515,0.000457358810291781
"13",0.00524320636003701,0.00650535607762919,0.00873213378320083,0.0128401872630833,0.0186474473619824,0.0261884062013047,0.0353465058784565,0.0457441639501567,0.0566924345186302,0.067221444744864,0.0761988493977411,0.0825216380509195,0.085338348610676,0.0842396545849853,0.0793574542923104,0.0713387200581925,0.0612012329540174,0.0501167143816039,0.0391865589588391,0.0292696618461261,0.0208961953607013,0.0142690134667856,0.00932904574227833,0.00585113740411812,0.00353863907152476,0.00205964297881956,0.00121631827312905,0.000909888427889134
"14",0.00299885179906592,0.00388058189265765,0.00545590831756261,0.00838581729464605,0.0126992022849498,0.0185894567818038,0.026163990030792,0.0353362683668408,0.0457399717132999,0.0566907772202173,0.0672208154483341,0.0761986203282543,0.082521559958425,0.0853383298137525,0.0842396697102433,0.079357514281529,0.0713388762638126,0.0612016132014667,0.0501176096422947,0.0391886022118269,0.0292741672072402,0.02090574713475,0.0142881706266101,0.00936671662788875,0.00592431847993753,0.00360523121171966,0.00223153730587305,0.00174007484420818
"15",0.00165601057181352,0.00223559096720257,0.00328783241010484,0.00527302070988338,0.00831477430395557,0.0126714501322985,0.0185783511033056,0.0261595494191061,0.0353345268858351,0.0457393107339064,0.0566905370650486,0.067220734391202,0.076198601399177,0.08252157613684,0.085338392544244,0.084239832992343,0.079357912407156,0.0713398150627508,0.0612037622767054,0.0501223802773575,0.0391988375061374,0.0292952930958313,0.0209470679879065,0.0143671003748258,0.00951492347542853,0.00606073111592932,0.00393525902117322,0.00319682563253413
"16",0.00088359848349,0.00124454520395717,0.00191201632826308,0.00319459101749694,0.00523840675783859,0.00830191656450193,0.0126665584627652,0.0185764871437565,0.0261588499513792,0.0353342725753113,0.0457392243574145,0.0566905163423491,0.0672207502717049,0.0761986651722526,0.0825217436466832,0.0853388035276227,0.0842408062735771,0.0793601468899718,0.071344791817762,0.0612145046505211,0.0501447891670292,0.0392438213797673,0.0293809927441093,0.0211059609154888,0.0146553626313529,0.00978206589243196,0.00666740719893074,0.00563840463227302
"17",0.00045587349055268,0.000669887084241014,0.00107367186565745,0.00186608245500842,0.00317827093542041,0.00523263408512069,0.00829982773708331,0.0126658007946369,0.0185762161270681,0.0261587577097954,0.0353342493460978,0.0457392387839626,0.056690578954654,0.0672209174916275,0.0761990800374548,0.0825227347013108,0.0853410935841894,0.0842459303833056,0.079371254146908,0.0713681007064612,0.0612617526091028,0.050236948249412,0.0394146210052899,0.0296880853743521,0.0216439213287034,0.0151550331982351,0.0108484957765728,0.00954094203777819
"18",0.000227575055475556,0.000348825828327957,0.000582525106297926,0.0010517894439465,0.00185863111498681,0.00317575745782975,0.00523176857594534,0.00829952973651457,0.0126657012495142,0.0185761899918049,0.026158769698101,0.0353343083035813,0.0457393998506769,0.0566909847485566,0.0672218996661967,0.0762013748319032,0.0825279150509849,0.0853523986258215,0.0842697899231378,0.0794199350532568,0.0714639508693892,0.0614432709164121,0.0505638165303675,0.0399839659245867,0.0306504073885709,0.0225356179561705,0.0169450921004933,0.0154788090011518
"19",0.00010999392740558,0.000175819267535949,0.000305552015157811,0.000572437399030454,0.00104849311680052,0.00185756923048495,0.00317540961026241,0.00523165654627474,0.00829949965540457,0.0126657099058553,0.0185762428959569,0.0261589183362696,0.0353346897863833,0.0457403386517415,0.0566932117273546,0.0672269949356105,0.076212621301881,0.082551869837756,0.0854016513353831,0.0843675181700735,0.0796068115968347,0.0718073398037136,0.0620434219830858,0.0515754580196757,0.0416322574300317,0.0321668549491862,0.0254003634011316,0.0240612951637205
"20",5.1502531588253e-05,8.58220613908034e-05,0.000155039159667815,0.000301049215707206,0.00057102395637651,0.00104805799538145,0.00185743473019876,0.00317537303331103,0.00523166087035987,0.00829954459234411,0.0126658406738009,0.0185765854842901,0.0261597774682012,0.0353367649342051,0.0457451682869822,0.0567040405068018,0.0672503828189271,0.0762612800357092,0.0826493997905617,0.0855899343584646,0.0847171989537934,0.0802300172579777,0.0728634535519763,0.0637644459882732,0.0542756845565019,0.0440866657670281,0.0365304338005708,0.0358164176196108
"21",2.33741486726947e-05,4.05898538455648e-05,7.61433355345375e-05,0.000153092114242356,0.000300461820721545,0.000570851892578517,0.00104801080547131,0.00185743347295753,0.00317540886140748,0.00523177035966381,0.00829983770695915,0.0126665902943534,0.0185784316141342,0.0261641571929184,0.0353467693265475,0.0457671606026718,0.0567505457903871,0.067344954546846,0.0764461957748475,0.082996909647638,0.0862169249908618,0.0858007975774489,0.0820091907992062,0.0756635936809692,0.0679902133648285,0.0580510619252924,0.0504009031445125,0.051028625354484
"22",1.0287311717077e-05,1.86088817187572e-05,3.62153788982075e-05,7.53275834839942e-05,0.000152856154934053,0.000300398327530658,0.000570843707035983,0.00104803736572193,0.00185752122068715,0.0031756488676871,0.00523239538908041,0.00830140577780973,0.0126703818783357,0.018587261733309,0.0261839473630827,0.0353894192281062,0.0458554780461726,0.0569261590837898,0.0676800906412079,0.0770596028553723,0.0840724215613671,0.088019361092695,0.0886664735768509,0.0863612339156555,0.0819734576838501,0.0735009155848736,0.0667132465539289,0.0695610032350995
"23",4.3925871806989e-06,8.27358569487168e-06,1.66897787158902e-05,3.58846520400891e-05,7.52376649700185e-05,0.000152839584620952,0.000300416581703994,0.000570912625732823,0.00104822936690834,0.00185802746669045,0.00317693632292111,0.00523555611159193,0.00830888984711983,0.0126874550069528,0.0186247435857551,0.026263045516866,0.035549693919626,0.0461669819635881,0.0575063164258006,0.068714411233613,0.0788221827409432,0.086936645764965,0.0924266652843511,0.0951199446316915,0.0953395593320995,0.0895934477682906,0.0847407705285985,0.0907158501209698
"24",1.82045873831866e-06,3.56886725221436e-06,7.45661804749194e-06,1.6561543769591e-05,3.58567512087582e-05,7.52494899185701e-05,0.000152895732165869,0.000300574435290658,0.000571328704507817,0.00104928953216355,0.00186064314536411,0.00318317870733058,0.00524994671677781,0.00834088938614995,0.0127559875512173,0.0187658918264088,0.0265421790418703,0.0360789308770736,0.0471276055998009,0.0591729783662199,0.0714730865415897,0.0831667079338459,0.093401832721677,0.101545598625032,0.107277056680633,0.105300028075641,0.103348602992732,0.113194253077575
"25",7.32815834799891e-07,1.4947964126475e-06,3.23294300386254e-06,7.41385723111526e-06,1.65687150075065e-05,3.59082593199034e-05,7.53936489652765e-05,0.000153269295239511,0.000301512024315197,0.000573615339758739,0.0010547041969035,0.00187307564090398,0.00321081620343787,0.00530933134069647,0.00846400489375136,0.0130017967484032,0.0192376059525803,0.0274105077499148,0.0376090784262855,0.0497033010080112,0.0633042340795583,0.077766498905135,0.0922081823235863,0.105665257596046,0.117181677412433,0.119542084704994,0.121102540230163,0.135186160892109
"26",2.87694781875823e-07,6.10739446490308e-07,1.36737357556376e-06,3.2379627121712e-06,7.47142366303106e-06,1.67275027253393e-05,3.63083048132776e-05,7.63694886601124e-05,0.000155585262070878,0.000306859690369605,0.000585620726233274,0.00108088299762947,0.00192845638406036,0.00332430884601232,0.00553425361065478,0.00889423885103609,0.0137943728648647,0.0206404746003934,0.0297903033715979,0.04146758589927,0.0556638138396927,0.0720422536371774,0.0898315850237298,0.10788175591012,0.124700956552399,0.131295220074418,0.136405062817314,0.15453402855058
"27",1.14866604849131e-07,2.54321157979951e-07,5.90429777699416e-07,1.44611995506116e-06,3.45120561033806e-06,7.9962381523974e-06,1.79750441179745e-05,3.91884383286933e-05,8.2829566888884e-05,0.000169660329090689,0.000336638179887812,0.000646768538389889,0.00120266698811345,0.00216349249222722,0.00376334262364144,0.00632680327214741,0.0102743569834471,0.0161075414742005,0.0243625163494147,0.035522659941928,0.049887179662653,0.0674032876944825,0.0874538328736441,0.108814645189862,0.129622226953249,0.139534877407274,0.147491524887666,0.168762131928088
"28",6.01453734108159e-08,1.38229661773228e-07,3.3121335257946e-07,8.3507590509891e-07,2.05065588785418e-06,4.88909268883157e-06,1.13108173089358e-05,2.53829074106839e-05,5.52354563383619e-05,0.000116508964562008,0.000238115662082315,0.000471315518759314,0.000903071204986712,0.00167413342102254,0.00300097579444264,0.00519822064735608,0.00869448287265334,0.0140301099473376,0.0218215959080465,0.0326768552016386,0.0470507938702019,0.0650434670654515,0.0861331478477973,0.109078609383255,0.131844038263955,0.143423456946778,0.152828645764172,0.175672222121576
