"","X0","X1","X2","X3","X4","X5","X6","X7","X8","X9","X10","X11","X12","X13","X14","X15","X16","X17","X18","X19","X20","X21"
"1",0.229021804955598,0.221203545119098,0.196680455661403,0.149139902791289,0.0975737736415767,0.0560169460745192,0.0286170644955293,0.0131497194847847,0.00547623843696822,0.00207818975078509,0.000721490489100683,0.000229772292541359,6.72399616454044e-05,1.80960109225596e-05,4.479290498067e-06,1.01925921289647e-06,2.12986790701474e-07,4.08074681894807e-08,7.15409634492723e-09,1.14466385199221e-09,1.66791466700873e-10,2.4718345583417e-11
"2",0.207890950802876,0.205749600079492,0.190639390149761,0.152677300591967,0.106800183124441,0.0662793226428561,0.0369476950059919,0.018667265107531,0.00859770190268285,0.00362353148816421,0.00140077747404799,0.000497394996188085,0.000162340388077577,4.87098582888684e-05,1.34331747480431e-05,3.40317900931684e-06,7.91376673232217e-07,1.68728848596623e-07,3.29356181368508e-08,5.87488355878737e-09,9.56679371628592e-10,1.61174607124546e-10
"3",0.173172793444714,0.178459949089229,0.17704301619814,0.155085941229422,0.120623812116743,0.0841216265644361,0.0529636333426848,0.030239745179619,0.0157024571843907,0.00743183408441156,0.00321166092815222,0.00126906868871133,0.000459031279004996,0.000152108209624174,4.62003213861773e-05,1.28654470396278e-05,3.28448924824463e-06,7.68434559430781e-07,1.64632373102172e-07,3.22621296918992e-08,5.78393773037251e-09,1.09004456063712e-09
"4",0.131211797783354,0.142671327878214,0.154518583474007,0.151285663423475,0.133420400887479,0.106026474667607,0.0759161196666205,0.0490072064397712,0.0285702644415955,0.0150783633502933,0.00722345350264097,0.00314912480623796,0.0012521100699589,0.000454854890711102,0.000151169779654532,4.60070648166172e-05,1.28288174727396e-05,3.27807536952864e-06,7.67394696886798e-07,1.6448178259375e-07,3.23197615483412e-08,6.78448088852107e-09
"5",0.0903498096360763,0.104718957959028,0.12513078772588,0.137847711922352,0.138143836132486,0.124949391671745,0.101440721149475,0.0737842662339444,0.0481406211479999,0.0282589690151181,0.0149788963902322,0.00719505517945093,0.0031418552489114,0.00125043656408333,0.000454507529377985,0.000151104616127043,4.59959896702895e-05,1.28271076828656e-05,3.27784027724615e-06,7.67409997064229e-07,1.65001819836687e-07,3.85282664033361e-08
"6",0.0566395697770284,0.0704915157038409,0.0933084513247749,0.115424372476308,0.13064907269226,0.133687364706934,0.122614596374105,0.100387759430705,0.0733687237497134,0.0479957659343396,0.0282141252602602,0.0149665275781519,0.00719200941475821,0.0031411846690121,0.00125030445014134,0.000454484232835999,0.000151100939843027,4.59954716205373e-05,1.28270804118815e-05,3.27814919999933e-06,7.70549750362727e-07,2.00034006962458e-07
"7",0.0323836977480401,0.0435154978443858,0.0638300166626197,0.0882025784691657,0.111862735817515,0.128531393771154,0.132612677594536,0.122143660806384,0.100206863510709,0.0733072973481694,0.0479772432599967,0.0282091540935363,0.014965338967706,0.00719175612898441,0.00314113658849315,0.00125029633075036,0.000454483016102427,0.000151100785625282,4.59956949541212e-05,1.28290300828821e-05,3.29534402277983e-06,9.51187067780303e-07
"8",0.0169176312397068,0.0246499205572874,0.0400065596458565,0.0613964592836124,0.0866090113108145,0.11095437668585,0.128085378656816,0.132422911986977,0.122072726764619,0.100183387934415,0.0733003917808608,0.0479754350767184,0.0282087326035246,0.0149652515438883,0.0071917400171551,0.00314113395722701,0.00125029595546961,0.000454483021679067,0.000151102179949211,4.60066097826668e-05,1.29151783530931e-05,4.14800944004951e-06
"9",0.00808857951372925,0.0128240148726082,0.0229764966170413,0.0389535469284785,0.0607510039935891,0.0862573360026527,0.110787702184039,0.128016680892679,0.13239797439318,0.1220646967013,0.100181086157507,0.0732998039795905,0.0479753014406941,0.0282087055867288,0.014965246697801,0.00719173925140305,0.00314113388383186,0.00125029630311179,0.000454490434535486,0.000151157743698152,4.64022257968115e-05,1.66041960044455e-05
"10",0.00354437675290945,0.00613246153607236,0.0120998075492751,0.0225621633735493,0.0387165356252783,0.0606279808081396,0.0862012110236118,0.110765354690734,0.128008825004088,0.132395519720247,0.122064012649325,0.100180916111893,0.0732997663273526,0.0479752940281531,0.0282087042940982,0.0149652465196716,0.00719173946156036,0.0031411360960034,0.00125033247669946,0.00045474876006555,0.000152825166518702,6.10420247555436e-05
"11",0.00142514448631466,0.00269739452701275,0.00584750992958244,0.0119513305815653,0.022483123766614,0.03867758018117,0.0606109183914914,0.0861946654004796,0.110763132746985,0.128008153268109,0.132395338216444,0.122063968830888,0.100180906681545,0.0732997645230466,0.0479752937302163,0.0282087043879945,0.0149652479938792,0.00719175188475093,0.00314129926286557,0.00125143263529863,0.000461204920597347,0.000206133653151225
"12",0.000526315934755443,0.00109184654802442,0.00259527616288855,0.00579898207607602,0.0119273511894035,0.0224719390622642,0.0386728885358565,0.0606091885261844,0.0861940998989386,0.110762967817201,0.128008110176259,0.132395328137298,0.122063966727159,0.100180906294017,0.073299764513545,0.0479752945526809,0.0282087126788545,0.0149653115567697,0.00719243408793001,0.00314560181617158,0.0012744120956886,0.000639301612035485
"13",0.000178659329036722,0.000406831920668289,0.00105845993905204,0.0025807916809718,0.00579235336564602,0.0119244352650004,0.022470770533452,0.0386724753681446,0.0606090587846515,0.0861940635004177,0.110762958646398,0.128008108102926,0.132395327720344,0.12206396667689,0.100180906628854,0.0732997690327114,0.0479753364777377,0.0282090091652395,0.0149679588528863,0.00720791466127655,0.00322081538023381,0.00182002896746244
"14",5.57734969802168e-05,0.000139562455770882,0.000396859566537181,0.00105450780616422,0.00257911988915214,0.00579166239842481,0.0119241714378321,0.0224706812796611,0.0386724485158439,0.0606090515611729,0.0861940617509491,0.110762958267186,0.128008108049326,0.132395327904005,0.122063968767439,0.100180929366165,0.0732999617772788,0.0479765978481292,0.0282185438584523,0.0150192598805723,0.00743430518878314,0.00475213893417653
"15",1.60173764398079e-05,4.40790630654825e-05,0.000136838017311185,0.000395873171097908,0.00105412274314869,0.00257897097146619,0.00579160838897302,0.0119241539970131,0.0224706762662563,0.0386724472278117,0.0606090512660205,0.0861940617168137,0.110762958465228,0.128008109587581,0.132395340325949,0.122064077010588,0.100181744481834,0.0733048693716386,0.048008446347142,0.0283751736657964,0.0156456798950191,0.0113657006438067
"16",4.23207615733024e-06,1.28163266961887e-05,4.3397727059694e-05,0.000136612782317911,0.000395792123333882,0.00105409354547821,0.00257896094962174,0.00579160530796218,0.0119241531544544,0.0224706760685461,0.0386724472379291,0.0606090516024786,0.0861940637813482,0.110762970568666,0.128008184105375,0.132395843032683,0.12206730598652,0.10019931787403,0.0734034728612295,0.0484488211691687,0.0299670688654765,0.0248591128534685
"17",1.02857647143724e-06,3.42971300383522e-06,1.26602865983983e-05,4.33506913022789e-05,0.000136597192060122,0.000395786916765031,0.0010540918624033,0.0025789604630035,0.00579160520711871,0.0119241532704798,0.0224706768262515,0.0386724511308795,0.0606090708486273,0.0861941563250116,0.110763420153939,0.128010515925814,0.132408099009559,0.122125850134936,0.100482484472602,0.0745424141428898,0.05215771240609,0.0496214844441947
"18",2.2984228012401e-07,8.44367066500382e-07,3.39698643176205e-06,1.26513121737309e-05,4.33479525151e-05,0.000136596351938399,0.000395786682060778,0.00105409190030349,0.00257896096542566,0.00579160755053655,0.0119241633968898,0.0224707190439963,0.0386726223406997,0.0606097487984252,0.0861968214142475,0.11077423911511,0.128055897136151,0.132591895600435,0.122882012074768,0.103187942758956,0.0824409551114882,0.0901754692981021
"19",4.71809636995629e-08,1.91116142351377e-07,8.38084599125564e-07,3.39542615833852e-06,1.26508844409175e-05,4.33478960551424e-05,0.000136596678449123,0.000395788424247687,0.00105409964755079,0.0025789925575223,0.00579172742808086,0.0119245917993511,0.0224721788839603,0.0386774203761897,0.0606251809360111,0.0862467213818244,0.110939813734273,0.12860638256036,0.134476520049499,0.128771232738094,0.118484300260329,0.1487579819559
"20",8.88589853171085e-09,3.973228772826e-08,1.90017318520881e-07,8.3786431459207e-07,3.39552641775737e-06,1.26517720826684e-05,4.33524109528317e-05,0.000136617227539406,0.000395873639360367,0.00105442297141116,0.00258012038811551,0.0057953680826812,0.011935560421374,0.022503341507996,0.0387620138918995,0.0608491531966762,0.0868399042850806,0.112524266658191,0.133003926586321,0.146174402115035,0.155460997205121,0.221923555613928
"21",1.53441833486314e-09,7.58720514359187e-09,3.96236865372955e-08,1.90382836505196e-07,8.40019796175683e-07,3.40623109486131e-06,1.27003448669822e-05,4.3554438832325e-05,0.000137387582080248,0.000398567632154015,0.00106307220988307,0.00260566610881778,0.00586501461010789,0.0121117399094123,0.0229200702042642,0.0396958307456595,0.0628727623383519,0.0911739124156859,0.122078310638781,0.153981349635159,0.187394909545035,0.297640666261873
"22",2.68008922022172e-10,1.47488266714625e-09,8.45525279558634e-09,4.44788450125465e-08,2.14563577954766e-07,9.5027334572368e-07,3.86716964060607e-06,1.4467926199938e-05,4.97720679718942e-05,0.000157447571543824,0.000457918634638828,0.00122409391280468,0.00300632254313883,0.0067798778355959,0.0140317962841722,0.0266388927168197,0.0464069082020503,0.0743599679347558,0.110650814452237,0.155433470077354,0.207841346411227,0.352941816745938
