"","X0","X1","X2","X3","X4","X5","X6","X7","X8","X9","X10","X11","X12","X13","X14","X15","X16","X17","X18","X19","X20","X21"
"1",0.289228458468619,0.233848597862526,0.19407289935174,0.135641308674349,0.0783815845153742,0.0398211430433375,0.0179491662125774,0.00722931719223709,0.00262182148931591,0.000859724675833165,0.000255556631460047,6.89233102442443e-05,1.68576317987481e-05,3.73378227138169e-06,7.47145716824939e-07,1.34650583360999e-07,2.17684935193541e-08,3.1412538916946e-09,4.02103989283384e-10,4.53088944993638e-11,4.45120026902766e-12,4.05534006233562e-13
"2",0.259979025711178,0.218094939229831,0.191601824801937,0.143650775965497,0.090811284715159,0.0510591641547695,0.0257140717374674,0.0116634820759935,0.00478811565205038,0.00178259348000429,0.000602277834935166,0.000184607078655979,5.12837507964412e-05,1.28938619023631e-05,2.92871068689284e-06,5.99633590740544e-07,1.10352249884495e-07,1.81884463887753e-08,2.6725784864618e-09,3.48047195750106e-10,3.98735043661021e-11,4.34951285953916e-12
"3",0.21298393080766,0.18943739926066,0.182273997392231,0.152885593564096,0.110637347452007,0.0716606770892264,0.041581008013941,0.021658101317898,0.0101523954699379,0.00428985120424795,0.00163586133190271,0.00056333621883597,0.000175227618380054,4.92237947243853e-05,1.24802827629284e-05,2.85283853487114e-06,5.86953529055641e-07,1.08432548324292e-07,1.7927295842341e-08,2.64099654004268e-09,3.44698909353268e-10,4.38860375578244e-11
"4",0.157701632816561,0.151118057356595,0.162479021069222,0.155803973703695,0.131258365800685,0.0987919308319466,0.0660970949850091,0.0393264357340325,0.0208691429828392,0.00991034582738987,0.00422431431512128,0.00162006922616663,0.000559922668490377,0.000174560773111633,4.91051454111291e-05,1.24609402936774e-05,2.84993778025343e-06,5.86553250492294e-07,1.08381969608322e-07,1.79215488042843e-08,2.64044394649205e-09,3.88437739553822e-10
"5",0.10548318830158,0.110146780960821,0.133296627279215,0.146376800228408,0.143078564571277,0.124639771999337,0.0958169002686197,0.0649429990284879,0.0389421227832321,0.0207577767995169,0.00988218315842902,0.00421806827786485,0.00161884911788375,0.000559711957090001,0.000174528418777748,4.91007040967812e-05,1.24603908332244e-05,2.8498759347206e-06,5.86546896609207e-07,1.08382005705807e-07,1.79220693879081e-08,3.02762490042705e-09
"6",0.0638757160912749,0.0732031588639274,0.0997035045079949,0.124512805963798,0.139607915359995,0.139719026240721,0.123184046963601,0.0952710854048555,0.0647678557105684,0.0388933912483485,0.0207460211659612,0.00987971919898492,0.00421761917769023,0.00161877798552597,0.0005597021565348,0.000174527245318651,4.91005816950866e-05,1.24603796523687e-05,2.84987546474526e-06,5.86554219004097e-07,1.08388941522117e-07,2.09349275379001e-08
"7",0.0350808071944313,0.0443323213826111,0.0677336474926332,0.0953984316840042,0.121264300977463,0.138069549051842,0.139075227244471,0.12294991689369,0.095198310275821,0.0647482626564615,0.0388888333256111,0.0207451051044227,0.00987956042709897,0.00421759555335189,0.00161877497688942,0.000559701831177284,0.000174527215579587,4.91005794918852e-05,1.24603842831208e-05,2.84994820914888e-06,5.86626149538538e-07,1.29174308004498e-07
"8",0.017500782411607,0.024471061794954,0.0417627849200823,0.0658351362152229,0.0939917970859799,0.120630470035179,0.13781361712974,0.138984935358038,0.122922700369727,0.0951912007530731,0.0647466600179356,0.0388885222125108,0.0207450532994681,0.0098795530835331,0.00421759467263369,0.00161877488886436,0.000559701823956959,0.000174527216229297,4.91006250468655e-05,1.24610071444422e-05,2.85059483848532e-06,7.14484235559865e-07
"9",0.00793954749493674,0.0123179544049448,0.023386608415631,0.0410090055712438,0.0652855011635988,0.0937572010965583,0.120539337105063,0.137782491411538,0.13897585304965,0.122920400250997,0.0951906980357578,0.0647465655749699,0.0388885070483706,0.0207450512390728,0.00987955284851207,0.00421759465061435,0.00161877488741534,0.000559701835398447,0.000174527595055221,4.91053024207815e-05,1.24660957317613e-05,3.55492251962634e-06
"10",0.00327811059581394,0.00565651193446504,0.011906652351608,0.0231170051188155,0.0408150209074772,0.0652074772436206,0.0937281457055393,0.120529758798748,0.137779794214649,0.138975192490735,0.122920260488729,0.0951906726511319,0.0647465616464486,0.038888506536469,0.0207450511833863,0.00987955284375081,0.00421759465291694,0.00161877498926106,0.000559704604323476,0.000174558616312524,4.91406059718481e-05,1.5951819827765e-05
"11",0.00123242345084382,0.00236995874975311,0.00551631420621025,0.0118197189373714,0.0230550815593758,0.0407916692920945,0.0651991704841764,0.0937255107612045,0.120529045194525,0.137779625729749,0.138975158053481,0.122920254453891,0.0951906717531466,0.064746561534573,0.0388885065250233,0.0207450511845658,0.00987955287187696,0.00421759544248774,0.0016187929090601,0.000559887242158257,0.000174775687016406,6.46739774162335e-05
"12",0.000422011201489538,0.000905854047848537,0.00232700111657652,0.00549102497077175,0.0118018192064129,0.0230487840676101,0.0407895363892149,0.0651985213990847,0.0937253422786787,0.120529006967893,0.13777961819617,0.13897515678214,0.122920254272559,0.0951906717317067,0.0647465615340904,0.0388885065480026,0.0207450514437704,0.00987955829922725,0.00421769867284837,0.00161975098830352,0.000561074514128566,0.000237195371473544
"13",0.000131627686872286,0.000315760785314212,0.000894018784136433,0.00232036053355286,0.00548633595669523,0.0118002875465204,0.0230482916724891,0.0407893930393686,0.065198485858546,0.0937253345547737,0.120529005501879,0.137779617958106,0.138975156749756,0.122920254270007,0.0951906717496634,0.0647465617535556,0.0388885086493785,0.0207450848405446,0.00988008993482114,0.00422218815962066,0.00162554105534897,0.000787422959050351
"14",3.73913860641898e-05,0.000100331412591477,0.000312828378409843,0.000892444490879738,0.00231924708981247,0.00548599995416943,0.011800185340789,0.0230482632941029,0.0407893863452268,0.0651984844704125,0.0937253343012518,0.120529005462468,0.137779617955139,0.13897515676822,0.122920254470844,0.0951906736590455,0.0647465771436514,0.0388886946781532,0.0207475426258536,0.00989891388159868,0.00424739429118796,0.00236627260012918
"15",9.67014964879608e-06,2.90429094354328e-05,9.96781366875608e-05,0.00031249150161818,0.000892204893846205,0.00231918064647945,0.0054859808944582,0.0118001803107626,0.0230482621705468,0.0407893861241355,0.0651984844321671,0.0937253343003975,0.120529005500846,0.137779618235384,0.138975158895629,0.122920270146078,0.095190777909616,0.0647475283846105,0.0388989443999141,0.0208182490815714,0.00999687494560938,0.00643367603055884
"16",2.27527374956092e-06,7.6533443020396e-06,2.89121505476965e-05,9.96131227569367e-05,0.000312444822828542,0.000892193066334527,0.00231917745843206,0.00548598009791095,0.0118001801435245,0.0230482621413288,0.0407893861319959,0.0651984845211791,0.0937253348821583,0.120529009013524,0.137779639166947,0.138975280580617,0.122920931981623,0.0951953113228952,0.0647863388821107,0.039137127484533,0.0211577897065599,0.0158086747041419
"17",4.86518363982705e-07,1.83425979723096e-06,7.62986423273427e-06,2.89008523378146e-05,9.96049033562119e-05,0.000312442932068236,0.000892192589559984,0.00231917734754844,0.00548598008453596,0.0118001801887563,0.0230482624089289,0.0407893875696299,0.0651984920395055,0.0937253726464152,0.12052919335794,0.137780511497385,0.138979193672023,0.122941261065361,0.0953298181031968,0.0655068030450876,0.0401843685502571,0.035038906503713
"18",9.43911923959515e-08,3.9932001430821e-07,1.83048648892321e-06,7.62810060525398e-06,2.8899547767932e-05,9.9604633793039e-05,0.000312442875085768,0.000892192615651625,0.00231917756257724,0.00548598115713118,0.0118001851017426,0.0230482837465257,0.0407894770301469,0.0651988567651344,0.0937268280170741,0.120534860770977,0.137801677233818,0.13906468443891,0.123370956501674,0.0972890777223503,0.0683695917063615,0.069857270274979
"19",1.65786299905522e-08,7.88295535323141e-08,3.9877930623167e-07,1.83024035452462e-06,7.62791709215963e-06,2.88995321670314e-05,9.96047507954478e-05,0.000312443594078709,0.000892196307611019,0.00231919449085826,0.00548605142975954,0.0118004530549042,0.023049238350505,0.0407927091338694,0.0652094310192178,0.0937605679138525,0.120639220890102,0.138135805279698,0.140334427043523,0.128161961398646,0.104177201016597,0.124790642448879
"20",2.62795350915507e-09,1.40787270461906e-08,7.87614973274591e-08,3.98754474564823e-07,1.83026031751973e-06,7.62820583201441e-06,2.89012831548861e-05,9.96141105614218e-05,0.000312488290363516,0.000892387635996986,0.00231993210198807,0.00548862997963631,0.0118087056083917,0.0230737179839532,0.0408610444791799,0.0653916604404335,0.0942280958947409,0.121840390450394,0.141598470031643,0.150835912127298,0.142565461174616,0.198644635718847
"21",3.7468101823729e-10,2.26980412364062e-09,1.40870817355423e-08,7.88718293443781e-08,3.99479229402615e-07,1.83447337753734e-06,7.65031303880154e-06,2.90063260075387e-05,0.000100065890642457,0.000314246812180085,0.000898585732962101,0.00233974616861902,0.00554627013832566,0.0119621081012791,0.0234502892983378,0.0417229401027804,0.067249898556483,0.098108799068634,0.130415724069138,0.16197763405363,0.176384984324421,0.279489721487519
"22",5.23691502307686e-11,3.62409438160021e-10,2.51675153613557e-09,1.56989599861123e-08,8.83067762864286e-08,4.49297157215398e-07,2.07232344487906e-06,8.67859779810511e-06,3.30349291467738e-05,0.000114374411151673,0.000360327514303384,0.00103317588703605,0.0026964042600669,0.00640442447048052,0.0138397468550771,0.0271962670916077,0.0485628480088994,0.0788444367435377,0.11749350695943,0.164696674513956,0.198079770909226,0.340633700290415
