"","X0","X1","X2","X3","X4","X5","X6","X7","X8","X9","X10","X11","X12","X13","X14","X15","X16","X17","X18","X19","X20","X21"
"1",0.217526775416359,0.161426526422689,0.131532555597019,0.115015852217101,0.0976621237892684,0.079012723991718,0.0610480920376192,0.0452226031523577,0.0322088240231306,0.0220948068557959,0.0146123182016868,0.00932080121531125,0.00573536764978973,0.00340464634918807,0.00194998595748216,0.00107780481385954,0.000575191261119494,0.00029676051476918,0.000148587045712301,7.29056666319576e-05,3.56382000308948e-05,1.91096213625102e-05
"2",0.211053892700461,0.157201105017018,0.128968996645445,0.113749265448852,0.097614347931707,0.0799979943525628,0.0627564373470963,0.0473028486849062,0.0343463434424479,0.0240584449664492,0.0162683199825176,0.0106218230906089,0.0066963506579806,0.00407615370944569,0.00239588131552545,0.00136013544886939,0.000746170121006882,0.000396163432732456,0.000204442133474533,0.00010361816029554,5.23814742479642e-05,2.88839363509598e-05
"3",0.198805585136411,0.149136891023184,0.123968812702864,0.111139653859755,0.0972848114054161,0.0816443580418633,0.0658344456110829,0.0511730759597047,0.0384165492235355,0.0278753042410623,0.019551676551711,0.0132528804638813,0.00867897436992766,0.00548993656969158,0.00335419624307879,0.00197973991940275,0.00112947099360341,0.00062392622388966,0.000335381307405647,0.00017737790891985,9.35701383087977e-05,5.33821053020913e-05
"4",0.180877414869107,0.137187690134992,0.116331490264544,0.106860690813901,0.0962783119517765,0.0835645248750349,0.0699771249542752,0.0566615936073737,0.0443979212966243,0.0336582164299699,0.0246715395154631,0.0174731313615368,0.0119500007985957,0.00788933126845617,0.00502744974097046,0.00309293326945309,0.00183823727669773,0.00105761990912862,0.000592417345076606,0.000326859031546673,0.000179679642345335,0.00010582164313151
"5",0.158674947308242,0.122148315196832,0.106339805178001,0.100780951387369,0.0941222003577374,0.0850663055589338,0.074423980043262,0.0630794414650581,0.0517700639023569,0.0410968232153273,0.0315185930053601,0.0233313239627127,0.0166590548854307,0.0114700145003308,0.00761500716205834,0.00487633413983656,0.00301445443394906,0.00180339730357615,0.0010508931664184,0.000603771539154978,0.000345063223642923,0.000209259064411997
"6",0.134165685443101,0.105208153769238,0.0945536925051928,0.0929435788260398,0.0903973993052391,0.0853823440181477,0.0782250966802217,0.0694687067082995,0.0597103335167805,0.0495914004361736,0.0397428132628624,0.0307036224399578,0.0228540297308178,0.0163867181158783,0.0113192168331437,0.00753556302952625,0.0048401865765971,0.00300843586121117,0.00182273502903688,0.00108989558434002,0.000646957873838461,0.000403434454358408
"7",0.109371548417393,0.0876561095718108,0.0816899555140567,0.0835858535373991,0.0848733037909071,0.0838789612328378,0.0804720824251388,0.0748080820047274,0.0672425842212398,0.0583340364567264,0.0487745148952771,0.039273046055541,0.0304403298912769,0.0227101849995733,0.016311307029327,0.0112845093694549,0.00752966517309463,0.00486274520098481,0.00306428695445568,0.00190762102477514,0.00117587554163976,0.000753396692363836
"8",0.0860178247426251,0.0706650891953049,0.0685175726393481,0.0731296524083159,0.0775878770286093,0.0802065975718401,0.0804855336370227,0.0781987004030738,0.073387824641945,0.0664037552823627,0.0578599088371098,0.0485155277201401,0.0391356901460024,0.0303703715845924,0.0226786629750748,0.0163059327675532,0.0113061999176229,0.00759094438736143,0.00497925988619308,0.00322960782944502,0.00206736608533522,0.0013601003131237
"9",0.0653214670606543,0.0551431057540104,0.055756154363288,0.0621275237599062,0.0688538264634953,0.0743706706721419,0.0779403421108835,0.0790198228428298,0.0773189875163305,0.072891213977403,0.06613697984486,0.0577226190967211,0.0484484912778906,0.0391071417666409,0.0303662612853392,0.0226984799234002,0.0163636047415631,0.0114309630042692,0.00781312741137638,0.00528449427502619,0.00351306738228165,0.00237165546968985
"10",0.0479388933026718,0.041670706432525,0.0439973392043658,0.0511797887092526,0.0591951670696992,0.0667117896838958,0.0729035317541826,0.0770214485319688,0.0784887805988997,0.0770322943701127,0.0727455225262821,0.0660680718600731,0.0576951081826425,0.0484459012033031,0.0391264434876911,0.0304184278657325,0.0228145478289277,0.0165977836824702,0.0118348850994844,0.00835411418861014,0.00576715807229427,0.00399229634491622
"11",0.0340301757753692,0.030508344027226,0.0336559328987671,0.0408441602340905,0.0492399576903287,0.0578141573733265,0.0657886807196458,0.0723420081799637,0.0767085602320116,0.0783277732543683,0.076956610022254,0.0727163452901159,0.0660664602672244,0.0577157468520051,0.048495882603181,0.0392312759938984,0.0306346854665742,0.0232347667216297,0.0173039350448334,0.0127573461570691,0.00914279662376331,0.00648439857235555
"12",0.0233860741439876,0.0216498958402331,0.0249536439186049,0.0315607445398471,0.0396034524106631,0.0483758880247386,0.0572485760720923,0.0654539029963192,0.0721626287538572,0.0766223684095675,0.0782942822657516,0.0769547582586783,0.0727392604350111,0.0661186455562519,0.0578163312213833,0.0486914496751103,0.0396172038597027,0.0313606923976962,0.0244234508445806,0.0188168122221257,0.0139924142407263,0.0101575239130729
"13",0.0155715806974277,0.0148988729635049,0.0179330298654448,0.0236083808930393,0.0307920781353632,0.0390779816503987,0.0480382517501099,0.0570544225923019,0.0653556160579175,0.0721226357683745,0.0766186619517577,0.0783190414630433,0.0770116390274379,0.0728438694753231,0.066306896327615,0.0581661347153572,0.0493553300826846,0.0408259796141447,0.0332865724708644,0.0268077337555024,0.0206668146980579,0.0153384760443309
"14",0.0100541637943039,0.00994793688141527,0.0124939202752929,0.017097055253676,0.0231465669167288,0.0304814646876604,0.0388822437965251,0.0479304870959842,0.0570068747870405,0.0653483827007968,0.072147757148665,0.0766800109055599,0.0784319785078719,0.0772068054956552,0.0731816430522827,0.0669104393219886,0.0592678732467092,0.0512940386671061,0.0438266977387934,0.0368931998395952,0.0294517042734825,0.0223187556128678
"15",0.00629997856943067,0.00644800345346507,0.00844122830876718,0.0119906015857197,0.0168280874975394,0.0229688243557307,0.0303730457105023,0.0388288245492139,0.0479186956444217,0.0570304887294335,0.0654120526994541,0.0722683614076853,0.0768885498761368,0.0787808093084313,0.0777912718901939,0.0741869175359213,0.0686736658224837,0.0622609384428209,0.0557858031359762,0.0490559058408973,0.0404866768936336,0.0312812687421428
"16",0.003833867926925,0.0040594705911785,0.0055330298629681,0.00814765093131464,0.0118394604435222,0.0167313652876623,0.0229151447703405,0.0303574815218229,0.0388494673726348,0.0479818609307134,0.0571548919540716,0.0656317887505166,0.0726368912034932,0.0774893302368996,0.0797567426089812,0.079406896832652,0.0769062279212978,0.0731175732617063,0.0687131775112919,0.0630413635345007,0.0536799273952726,0.0422163891502356
"17",0.00226752845839854,0.00248383478525205,0.00352062388488415,0.00536771197465117,0.00806731112307409,0.0117928941226349,0.0167152158287909,0.0229325777188348,0.0304176120829736,0.0389727623068055,0.0482054599954541,0.0575373127264766,0.0662586359224374,0.0736342474241396,0.0790605255233636,0.0822595450722305,0.0834443009110273,0.0832450306815983,0.0820005669513235,0.0783297102386567,0.0686398877745807,0.0548467044924132
"18",0.00130442728307404,0.00147811271600837,0.00217641516941041,0.00343211087954958,0.00533050053285344,0.00805458418690508,0.0118083989466338,0.0167707922116473,0.023050328844665,0.0306364919822908,0.0393556025370131,0.0488452825358382,0.0585638472250491,0.0678527227286776,0.0760695109166309,0.0827923937968691,0.0880231912495607,0.0921203098912104,0.0949497002906651,0.0941505238540644,0.0846487346176369,0.0685860176037484
"19",0.000730720280712127,0.000856656604615825,0.00130932431316634,0.00213417364417665,0.00342376780199228,0.00534610657134808,0.00810572136134965,0.0119180828436529,0.0169784826792027,0.0234204825249049,0.0312675636050265,0.0403873263384864,0.0504641168228916,0.0610150258411114,0.0714819796768384,0.0814176327333495,0.0906921231523375,0.0994012418196759,0.106856061763011,0.109544044327624,0.100695396658712,0.082553968635815
"20",0.000399985984929501,0.000485484444493168,0.000770229046246695,0.00129781123494254,0.00215127002104763,0.0034730295883278,0.00544965739451451,0.00830257642830703,0.0122721489560936,0.0175894289840294,0.0244342877750589,0.0328830624398983,0.0428572021647557,0.0540993055606693,0.0662193466332189,0.0788437527699733,0.0917974157406086,0.104958747743082,0.117076400102278,0.123444396834253,0.115554485487546,0.0956399746657268
"21",0.000217642302791676,0.000274041637631975,0.000451906068566962,0.000788135402237421,0.00135171526196977,0.00225938131159226,0.00367419751073227,0.00580773137865888,0.00891715739180719,0.0132910400576733,0.0192186401294578,0.0269400085142175,0.0365825361538885,0.0481082646431428,0.0613197963038743,0.0759680953724819,0.0918957779310666,0.108826531525903,0.125020281844601,0.13470662985642,0.127831651013915,0.106548838387371
"22",0.000131174774101858,0.000171156976541308,0.000292711254230923,0.000527132278677199,0.000932866826215993,0.00160916061190746,0.00270138894074531,0.00440963032730121,0.00699397397688001,0.0107701353523839,0.0160879894392145,0.0232863923812779,0.0326255024118859,0.0442182231671748,0.0580102698888045,0.0738578560580218,0.0916389317301287,0.110991435895208,0.129857343377419,0.141759752481727,0.135619054181995,0.113507917668159
