"","X0","X1","X2","X3","X4","X5","X6","X7","X8","X9","X10","X11","X12","X13","X14","X15","X16","X17","X18","X19","X20","X21"
"1",0.259595829499744,0.196690772802208,0.164991847795005,0.129473993359967,0.097787155655042,0.065303157017903,0.0400712797627387,0.0228194038038052,0.0121660206492571,0.00608870972176947,0.00286890870146629,0.00127510409864211,0.000535062830354332,0.000212022193591032,7.93159896265408e-05,2.79961032886559e-05,9.31676376845804e-06,2.92069421236446e-06,8.61996665009303e-07,2.40059460955991e-07,6.27488529597596e-08,1.77526330739355e-08
"2",0.241647176175102,0.186366843310067,0.160958345089222,0.131110566150238,0.102823244205742,0.0718338562633191,0.0462845270521774,0.0277395506386375,0.0155765700174145,0.00821736631093044,0.00408554639986185,0.0019189460849082,0.000852806517355969,0.000358900694779473,0.000143058810252424,5.39896911473713e-05,1.92756436534715e-05,6.50297392147904e-06,2.07138914739883e-06,6.24799905392853e-07,1.77121716465377e-07,5.46605016358411e-08
"3",0.210462090849935,0.167526166789906,0.152242805890453,0.132157356020331,0.110469702902342,0.0830864835243379,0.0578245683281723,0.0374477762797343,0.0226771673272724,0.012872471086458,0.00687093138093213,0.00345834247186032,0.00164504112789803,0.000740608143905009,0.000315803753183186,0.00012754365446619,4.87571520384359e-05,1.76229458074854e-05,6.01862542242626e-06,1.95020978343542e-06,5.93855039768168e-07,1.97680721947732e-07
"4",0.169959814812777,0.141480114926818,0.137786392379514,0.129927744560818,0.117811508390617,0.0969442377623107,0.073838075386508,0.0521828679593396,0.0343159090921226,0.0210474352669198,0.0120807924834529,0.00651112432120922,0.0033051822134701,0.00158400537788737,0.000717863751985691,0.000307888664571843,0.000124974275545279,4.79798781072592e-05,1.74214496540927e-05,6.01661773192575e-06,1.95368957875221e-06,6.96739061187742e-07
"5",0.127002204686271,0.111784453481542,0.118086640319877,0.122076067466312,0.120945778647025,0.109361755997899,0.091371179079287,0.0705452715824449,0.0504085913921767,0.0334133146031624,0.0206179193951839,0.011889462678461,0.00643133375019704,0.00327407092510741,0.00157268553875206,0.000714027854787968,0.000306680325427477,0.000124621381524193,4.79477095764712e-05,1.75978024367567e-05,6.07788470182965e-06,2.31749784725009e-06
"6",0.0878588202609419,0.0824695950416632,0.0950964796544988,0.107981567797166,0.116985471085734,0.116103137848634,0.106279675603167,0.0896068479014,0.0696223728034272,0.0499485802421712,0.0331982362008668,0.0205236851403898,0.0118508017810169,0.0064165115155118,0.00326877364790658,0.00157092499281699,0.000713485318493573,0.000306527537993319,0.000124794647788495,4.86105599678698e-05,1.78349424187438e-05,7.26547602733131e-06
"7",0.0563361424612436,0.0567621579173019,0.0716059485748971,0.0891293754390537,0.105368763024734,0.114434951054678,0.114540243567257,0.105415255072913,0.0891694471422909,0.0694089007578441,0.0498505065523488,0.0331559480863375,0.0205066000974151,0.0118443514121804,0.00641424253907105,0.00326803229913364,0.00157070251289797,0.000713433017084962,0.000307183684340201,0.000126893168348897,4.94183940831063e-05,2.15032245470449e-05
"8",0.0335382162120038,0.0364465349887663,0.0502805947490987,0.0683580133045789,0.0879140777873695,0.104128798561558,0.113705880749558,0.114152411863046,0.105226604317286,0.0890795181290162,0.0693683656213499,0.0498333236288514,0.0331491161403803,0.0205040608742621,0.0118434724584134,0.00641396146260007,0.00326795822192412,0.00157072516111923,0.000715397937542584,0.000313301963792451,0.000129476020431707,6.01898470528774e-05
"9",0.0185705260331176,0.0218404896511735,0.0328890899201365,0.0486450632928552,0.0678458531549918,0.0873545936017274,0.103814353248054,0.113545926899433,0.114078282868057,0.105192224154411,0.0890643559776709,0.0693620609759968,0.0498308612148483,0.0331482166995353,0.0205037558443469,0.0118433831329845,0.00641397528497024,0.00326813313979294,0.00157612868642356,0.000732012031167525,0.000321116860432539,0.000159597327875354
"10",0.00958057296528861,0.0122220425608104,0.020038336019525,0.0321245436801343,0.0484497661432675,0.0676100815650202,0.0872283595060713,0.103753323987101,0.113519287138017,0.114066322607644,0.105187081939069,0.0890622647670511,0.0693612607247673,0.0498305751758521,0.0331481259241515,0.0205037565232535,0.0118435368162851,0.00641464901757394,0.00328205104219319,0.00161827608745714,0.000754426890237764,0.000401358919230425
"11",0.00461223433016619,0.00639127459043851,0.0113768612553603,0.019705501071456,0.0320574001939784,0.0483563944546825,0.0675625654273484,0.0872066494978444,0.103744520975566,0.113515484138279,0.114064735342603,0.105186452847547,0.0890620299252168,0.0693611813677848,0.0498305681913923,0.0331482327615434,0.0205043353280404,0.011845864587076,0.00644843815425268,0.00338220601246027,0.00167923046158938,0.000957839085375474
"12",0.00207464973172537,0.00312508470021926,0.00602333080824155,0.01124153591977,0.0196848547741522,0.0320224700754442,0.0483395124238879,0.0675553075691956,0.0872039592552599,0.103743410433143,0.113515036403876,0.114064563278444,0.10518639188552,0.0890620208145605,0.0693612491949098,0.0498309719004915,0.0331501715309176,0.0205117969566188,0.0119236224271146,0.0066721528078358,0.00353921703035165,0.0021686900783223
"13",0.000872849853602263,0.00142954876798617,0.00297604993567046,0.00597181838205237,0.0112359545153068,0.0196724673748286,0.0320167793900346,0.0483372156235499,0.0675545428830362,0.0872036600306307,0.103743294661302,0.113514994297874,0.114064555169155,0.1051864326704,0.0890622800512739,0.0693625836081672,0.0498370037982902,0.0331724211322946,0.0206824840980695,0.0123954546019464,0.00705451503151792,0.0046530941230122
"14",0.000343745982276007,0.000612053483691338,0.00137327699212561,0.00295765615744967,0.00597054346254561,0.0112317832721083,0.0196706417879264,0.0320160874521748,0.0483370123983413,0.067554468224497,0.0872036329601295,0.103743288824025,0.11351501767124,0.114064713978844,0.105187284973911,0.0890663813658898,0.0693800783736915,0.0498987314010926,0.0335320406172823,0.0216270824348874,0.0132732908887678,0.00944118729710475
"15",0.000126790722916188,0.00024534732165082,0.000592218246025989,0.00136710709156043,0.00295743702378203,0.00596920994705257,0.0112312253943702,0.0196704426436157,0.0320160367572772,0.0483369953642378,0.0675544645166779,0.0872036465733194,0.103743383296064,0.113515543169073,0.114067329733021,0.105199072215145,0.0891137245839798,0.0695394045326172,0.0506294077916967,0.035336688345978,0.0235203091313103,0.0180642155986296
"16",4.38183912504659e-05,9.21049352901849e-05,0.000238812820846022,0.0005902722388161,0.00136709372816846,0.00295703289110327,0.00596904771457903,0.0112311706160256,0.0196704309721734,0.0320160346724513,0.0483370043724806,0.0675545237038541,0.0872039716602092,0.10374502572421,0.113523109030697,0.114099095658894,0.105318733124598,0.0894963368383587,0.0709735566613949,0.0539331413868792,0.0391566028212387,0.0324830800364841
"17",1.41919189700631e-05,3.23864732390234e-05,9.00914240083621e-05,0.00023823540527972,0.000590281979990878,0.00136697791034032,0.00295698816741191,0.0059690336715482,0.0112311698345051,0.0196704395675944,0.0320160811934182,0.0483372345938654,0.0675556209682703,0.08720892965292,0.103765854758784,0.113603789561532,0.114382195822181,0.106173956755633,0.0922099556712007,0.0767767655956006,0.0611105925854297,0.0546992264882784
"18",4.30799112257156e-06,1.06673178274792e-05,3.18058833095958e-05,8.99302343328262e-05,0.000238241255006708,0.000590250862596798,0.00136696704352183,0.00295698806399759,0.0059690474399239,0.0112312276377424,0.0196706737657241,0.0320170283345119,0.0483410336055205,0.0675704883887698,0.0872644785153959,0.103960892600241,0.114233641101944,0.116163983230143,0.111097090974121,0.101966379739605,0.0892707245717561,0.085954151442887
"19",1.22555192722561e-06,3.29117709962122e-06,1.05106538311974e-05,3.1763692666466e-05,8.99329977819793e-05,0.000238235721507389,0.000590257206718619,0.00136699962680263,0.00295710437484976,0.00596944080810649,0.0112325326355729,0.0196749685283063,0.0320311319682489,0.0483871126732665,0.0677182278854167,0.0877213860829743,0.105290908280876,0.11770527390838,0.124666801454204,0.126692766829459,0.121986423588252,0.125633704353755
"20",3.26701683621214e-07,9.51125471364624e-07,3.25196551463479e-06,1.05017965099285e-05,3.1770754748566e-05,8.9955198469018e-05,0.000238319990929821,0.000590538717182253,0.0013678828757341,0.00295973875333947,0.00597697574823151,0.0112534129202621,0.0197316685360883,0.032183450407284,0.0487929250155177,0.0687841104369209,0.0904300948405169,0.111657579786687,0.131582778100993,0.148119511383081,0.155940248560005,0.170254006384832
"21",8.18030625128623e-08,2.58244402318956e-07,9.45560374417097e-07,3.26477130894589e-06,1.05591719496091e-05,3.19712479968488e-05,9.06154495091127e-05,0.000240353668295762,0.000596416290532755,0.00138386378070929,0.00300076979954612,0.00607700700232699,0.0114868260420369,0.0202584162097691,0.0333458281154359,0.0513223604278586,0.0742010652013227,0.101507324327351,0.1328862698448,0.164226893098257,0.186375678819633,0.212953231123522
"22",2.15777593637e-08,7.40591981823229e-08,2.90996971261668e-07,1.07630343214006e-06,3.7274292649827e-06,1.20828530737419e-05,3.66624970365516e-05,0.000104115887140643,0.000276671438773354,0.000687764125216066,0.0015988087621219,0.00347451686640078,0.00705752125112535,0.013401523413124,0.0238139141236693,0.039698294248732,0.0623781243746004,0.0928648574887907,0.131674817612533,0.173586009705304,0.206660722118118,0.242668402867617
