"","X0","X1","X2","X3","X4","X5","X6","X7","X8","X9","X10","X11","X12","X13","X14","X15","X16","X17","X18","X19","X20","X21"
"1",0.191922218163589,0.160630110913034,0.151080167531347,0.134139134311072,0.10686210096876,0.0820658613751551,0.0599376267452151,0.0419185156335313,0.0281140733284031,0.0180663024479318,0.0111103696981828,0.00653520700479924,0.00367735739648772,0.00198083849592722,0.00102233046250004,0.000506019331588514,0.000240440071727508,0.000109674801442303,4.81424214476098e-05,2.0411967230308e-05,8.57305516599323e-06,4.52387546252014e-06
"2",0.18468973358472,0.155345604560427,0.147301737149149,0.132299182193077,0.107002737455828,0.0837942172399968,0.0626161565079423,0.0449154934229541,0.030950727513741,0.0204621181084856,0.0129615536183162,0.00786204871606042,0.00456728641732739,0.00254277243713809,0.00135788441887634,0.000696171750766242,0.000343013259870582,0.000162392674757977,7.40927994348227e-05,3.27213152516621e-05,1.43773290041383e-05,7.97752687652932e-06
"3",0.171230594672077,0.145400765076828,0.140010296067521,0.128488247350751,0.106848988454098,0.0866596133307471,0.0673998905730127,0.0504753491143468,0.0363751437888033,0.0251737159888157,0.0167026958927543,0.0106169555562757,0.00646550404032554,0.00377410337568359,0.00211325171210972,0.00113593575592731,0.000586752520819511,0.000291098534739393,0.000139225095993875,6.45200349662996e-05,2.98531897837145e-05,1.74998736209381e-05
"4",0.151997684014224,0.130962782150656,0.129053342726569,0.122229610726658,0.105735131682929,0.0899672114654067,0.0737429979419524,0.0583100615222812,0.0443757862804446,0.03241226402906,0.0226779213986963,0.0151868330457518,0.00973385611697758,0.00597368802994547,0.00351261670511976,0.00198050866946418,0.00107190266473312,0.000556465943162566,0.000278389171926161,0.000135007537464871,6.55517776633115e-05,4.03863989145331e-05
"5",0.128930089366537,0.113284307916235,0.115045258235729,0.113385869444325,0.102883221230392,0.0925321285935922,0.0803823020978478,0.0673543788011511,0.054242052598815,0.0418512390941135,0.0308800198364095,0.0217737427158373,0.0146720265487565,0.00945262179591967,0.00582677227805316,0.00343928507190694,0.00194636347529235,0.00105498623263702,0.000550892350570599,0.000279006037803481,0.000141859683129755,9.15765949457945e-05
"6",0.104476341797818,0.0940588469458347,0.0990200639100832,0.102153446484332,0.0976806010292605,0.0931221633815298,0.0857986125925069,0.0761376155310575,0.0648010310312746,0.0527376634504298,0.0409761992719937,0.0303802632101026,0.0214962267091917,0.0145234740207216,0.00937654518134765,0.00578959309822684,0.00342385530492684,0.00193652871298528,0.00105511287126228,0.000557998974564676,0.000297077745997904,0.000200738744551701
"7",0.0809203262319857,0.0749738408609452,0.0821929036241799,0.0890769395940057,0.0899174170349971,0.0908402763546381,0.0886269378353515,0.0831192410528407,0.0746213083553817,0.0639591027291979,0.0522721816863524,0.0407206668472193,0.03024257968657,0.0214244016433815,0.0144879667554027,0.00936007692753738,0.00578663172387447,0.00341647614500424,0.0019434715853509,0.00107414900121707,0.000599319810373659,0.000423784514193467
"8",0.0599692072226303,0.0574078642515901,0.0657501507275323,0.0749794534759796,0.0798777107729307,0.0853611021928278,0.0879770102547969,0.0870102869636642,0.0822603350548795,0.0741749136728197,0.063726745139453,0.0521507415289755,0.0406577656857995,0.0302111916203755,0.0214106359058736,0.0144832264628346,0.00936802511785439,0.00577790333030073,0.003435204210867,0.00198676677017839,0.00116312119628222,0.000860638441555154
"9",0.0425785114340667,0.0422623325412637,0.0506699764566952,0.0608104102850126,0.068270861469583,0.0769859010388101,0.0836153270649604,0.0870397332670721,0.0865424654694758,0.0820338201529207,0.0740650088010041,0.0636728055793606,0.0521245065446761,0.0406463825276814,0.0302096050888816,0.021414139347432,0.0145058585608865,0.00935436245646554,0.00582009901923051,0.00352773467943131,0.00216998379235831,0.0016801744227324
"10",0.0290029713983797,0.0299411310277571,0.0376147668278187,0.0474664089594165,0.0560447136931829,0.0665185043462334,0.0759646442410979,0.083091246432202,0.0867931212246087,0.0864314238218979,0.0819841543888168,0.0740427963595604,0.0636637163070443,0.0521237075844599,0.0406544452478492,0.0302228514531287,0.0214623242974017,0.0144836864841041,0.00944369520701725,0.00600921962698368,0.00388946102620848,0.00315101004483131
"11",0.0189796567900997,0.0204336804880042,0.0269023910926641,0.0356414860478785,0.0441592956417844,0.0550292577396419,0.0659445132966607,0.0756814877654324,0.0829649908886009,0.0867403234318451,0.0864102085037928,0.0819766378692969,0.0740426385241577,0.0636713534912059,0.052144856994285,0.0406846674293068,0.0303181901439788,0.0214289467943208,0.0146647581099295,0.0098143363383848,0.00669369985471552,0.00567262276401402
"12",0.0119488434709576,0.0134470990431523,0.0185445419138469,0.0257451600693806,0.0333971847548743,0.0435959097681281,0.0547191027015031,0.0657966791926492,0.0756188197213783,0.0829410169468752,0.0867327900220686,0.0864107236235452,0.081983944478019,0.0740621869063961,0.0637158089190358,0.0522077474319885,0.0408657754381103,0.0302748785379028,0.0217812441273422,0.0153610620444965,0.011054443613073,0.00979503727527736
"13",0.00724673100118845,0.00854193457587046,0.0123277067021993,0.017897139489974,0.0242563914240066,0.0330976702502525,0.0434348089825971,0.0546447330458341,0.0657670018277751,0.0756095075705485,0.0829414398481723,0.0867406012859954,0.0864290592504605,0.0820251593331285,0.0741500644885018,0.0638409383060636,0.0525399190167154,0.0408247860890527,0.0309326096498606,0.0230339259396187,0.0175093058146304,0.0162085661075546
"14",0.00423943636086228,0.00524280652583354,0.00790854648356922,0.0119816761564638,0.0169333502610045,0.024103776527298,0.0330174033569331,0.0433992253394625,0.0546323868024693,0.0657664671885006,0.075617389727298,0.0829603424785437,0.0867792746350695,0.0865109875066751,0.0821923112835397,0.0743898154106225,0.0644297520826307,0.0525375822689145,0.0420020136155732,0.0330879444978181,0.0265863317069692,0.0256811797839495
"15",0.00239535493620136,0.00311218073468362,0.00490005928862541,0.00773165030273606,0.0113741938558197,0.016858941618017,0.024065815253977,0.0330021834471456,0.0433970774866941,0.0546397248430309,0.0657854651392805,0.0756565337513057,0.0830373077380335,0.0869358430366776,0.0868180711614604,0.0826350957019736,0.0753986516572519,0.0645474438584931,0.0545551151843508,0.0455432306338714,0.0386848231976034,0.0389252371727678
"16",0.00130869112155016,0.00178828749335227,0.00293460403956952,0.00481353161293972,0.00735985572396677,0.0113398152011757,0.0168427530913604,0.0240621017066038,0.0330083536896199,0.0434153574229752,0.0546784268041985,0.0658620223195424,0.075803524273492,0.0833257744922442,0.0874808678102442,0.0876058928422662,0.0843050548340557,0.0757913725406598,0.0678533515093025,0.0601012437587544,0.0539264272142516,0.0563926904978757
"17",0.000692105173773692,0.000995435439912296,0.00170015102524196,0.0028941852791846,0.00459330653417133,0.0073455268129656,0.0113354092296715,0.0168475168142042,0.0240787043273978,0.0330451465902888,0.0434895308081293,0.0548220122344323,0.0661319641476657,0.0763156718730529,0.0842593648539697,0.0888293721765026,0.0902737519560288,0.0852325479250251,0.0809615136333192,0.0761170527539392,0.072010086880102,0.0780296435310219
"18",0.000354638383422924,0.000537131659256553,0.000953579521873746,0.00168234688251367,0.00276864280003411,0.00458946554941111,0.00734916413270776,0.0113497757167696,0.0168808651035645,0.0241479277501734,0.0331814947751574,0.0437485126353867,0.0552986426684765,0.0670072164182514,0.0778567115279858,0.0864755445112554,0.0929353217770573,0.0921218981497416,0.0929334480041963,0.0926500024154029,0.0921191219403671,0.103058547676995
"19",0.000176231557844335,0.000281164288041975,0.00051830594397491,0.000946725717303876,0.00161459309349798,0.00277182564666026,0.00460180000177252,0.0073785889626835,0.0114123856511146,0.0170068272151007,0.0243907302425838,0.0336328682270376,0.0445597129785384,0.0567395827000637,0.0694570430170461,0.0813483210512568,0.0925504388027729,0.0962093360668358,0.103018843333338,0.108586282076036,0.11292396255198,0.129874430874517
"20",8.50954970460382e-05,0.00014307264682312,0.000273733689793832,0.000517497493756359,0.000914757709300815,0.00162619918559965,0.00279902969764695,0.00465984162539293,0.00749624552738995,0.011641185166007,0.0174348419789869,0.0251631980524404,0.0349790306841612,0.0468615202479962,0.0605039675170629,0.0747370773302521,0.0899769823759755,0.0978225958073543,0.110807165080907,0.122782264966669,0.132678215154608,0.156096482564831
"21",4.04303068749504e-05,7.17556838422788e-05,0.000142611825129419,0.000279350726386616,0.000512649956264512,0.00094498966597326,0.00168854792943699,0.00292260122505218,0.00489630430827263,0.00793324045730281,0.0124208878829882,0.0187789159616466,0.0274009207209458,0.0386160764366953,0.0525206521343832,0.0682197089550539,0.0865108500108373,0.0977788898762388,0.116221233881384,0.134119626878955,0.149304772674985,0.178674982501352
"22",2.12329496410734e-05,3.97398372672336e-05,8.1960670838913e-05,0.000166179325611341,0.000316265370122585,0.000603475475696214,0.00111688132728744,0.00200379039594217,0.00348261559807924,0.00585891715105213,0.00953259286040761,0.01498824603603,0.022757016126837,0.0333892866635288,0.0472587535685938,0.0636888760255169,0.0837835235098601,0.0971897276994966,0.119228495396312,0.141140927307414,0.159973858434835,0.19337763826963
