"","X0","X1","X2","X3","X4","X5","X6","X7","X8","X9","X10","X11","X12","X13","X14","X15","X16","X17","X18","X19","X20","X21"
"1",0.237341965586311,0.222340861922992,0.198440130989057,0.147814158199396,0.0947971978752567,0.0532461987065469,0.0265864146814485,0.0119302697799366,0.00484678884555151,0.00179214298321237,0.00060539063963696,0.000187293319700543,5.31438987761087e-05,1.38371519816715e-05,3.30514151141073e-06,7.23582625883941e-07,1.44973961618331e-07,2.65276250514215e-08,4.42135336234047e-09,6.68985998491441e-10,9.15221453004097e-11,1.2612625535416e-11
"2",0.214920005347242,0.206729324598208,0.192693151544541,0.152087538622722,0.104678543161712,0.0638209620619082,0.0349216616411421,0.0173030824263731,0.00780629695956942,0.00321811615517896,0.00121487664051601,0.000420475483636372,0.000133482111485374,3.88641383814869e-05,1.03734260290631e-05,2.53632094064214e-06,5.6743279070269e-07,1.1598783684444e-07,2.16205400528415e-08,3.66625289450298e-09,5.63878375820276e-10,8.91156571617361e-11
"3",0.17829223441172,0.179096676569885,0.179295629558636,0.155530388888755,0.119632436214322,0.0823597484880341,0.0511074576180007,0.0287096407910972,0.0146399858931497,0.00679134347586208,0.00287092908566508,0.00110746770049872,0.000390232845521982,0.00012569059590445,3.70198932917374e-05,9.97124597622672e-06,2.45540965244907e-06,5.52419245862849e-07,1.13423016865901e-07,2.12192957732115e-08,3.60969155021846e-09,6.42778032865047e-10
"4",0.134327663738733,0.142847968200571,0.156610496733104,0.152601726046799,0.133751908975682,0.105364308984411,0.0745871419996115,0.0474791312642277,0.0272280587749787,0.0141048261047702,0.00661898855360779,0.00282112507553113,0.00109448438822812,0.00038716315053136,0.000125029086115869,3.68893436329496e-05,9.94754642487887e-06,2.45143730257969e-06,5.51803016828778e-07,1.13341144053795e-07,2.12161417448531e-08,4.23543545600771e-09
"5",0.0918427056841746,0.104475179650112,0.126702190760132,0.139486262059733,0.139492426111512,0.125526699468901,0.101051921194011,0.0726487627588512,0.0467178939743068,0.0269644364413879,0.0140238276426837,0.00659681492655259,0.00281569888361609,0.00109329372621486,0.000386928287208615,0.000124987336651101,3.68826376908225e-05,9.94657017173853e-06,2.45130888352095e-06,5.51838159109763e-07,1.13407124988304e-07,2.53319225664248e-08
"6",0.0570961752215262,0.0699838982664188,0.0942045671811356,0.116821620104565,0.132362945448494,0.135192899121969,0.12334556508478,0.100101604125599,0.0722867802690614,0.0465964090130336,0.0269283392529683,0.0140143060035433,0.0065945815645043,0.00281523245938349,0.00109320696751373,0.000386913916948614,0.000124985218342881,3.68823602814248e-05,9.94654527940457e-06,2.45165103371092e-06,5.52315164880452e-07,1.37908454071309e-07
"7",0.0323331008179567,0.0429325505147674,0.0641319588529987,0.0890559820535266,0.113328338921373,0.130333512223593,0.134195642084383,0.122923619514791,0.0999452573769218,0.0722357095390608,0.0465816445754183,0.026924555982712,0.0140134463790662,0.00659440836433883,0.00281520155629032,0.00109320209576826,0.000386913240790995,0.000124985138628802,3.68824068904367e-05,9.94866441918311e-06,2.45468215242429e-06,6.8501415310283e-07
"8",0.0167090571330893,0.0241345384240437,0.0399302739104775,0.0617023163879357,0.0875085335162092,0.112464188062701,0.129922600892885,0.13402692432331,0.122862808190696,0.0999259083705013,0.0722302565231658,0.0465802828031518,0.0269242548075277,0.0140133874442981,0.00659439818716675,0.00281520001147356,0.00109320189331658,0.000386913240643908,0.000124985509587711,3.68941984182878e-05,9.9660807517065e-06,3.11008864969049e-06
"9",0.00789238655663477,0.0124427005050077,0.0227433373143629,0.0388899170390631,0.0610826575020728,0.0871767029704769,0.112311857754718,0.129862045504976,0.134005736910158,0.122856252135121,0.0999241087891178,0.0722298185876547,0.0465801884525401,0.0269242368421852,0.0140133844319539,0.00659439774573961,0.00281519997616835,0.00109320206946373,0.000386915538751715,0.000125045211019178,3.69850514627142e-05,1.29231113532423e-05
"10",0.00341190483583054,0.00588789203267592,0.0118593753271117,0.0223384681697006,0.0386653403497834,0.0609676387445404,0.0871258670805452,0.112292348948544,0.129855438544954,0.134003754158375,0.122855723226509,0.0999239835843515,0.0722297923443174,0.0465801835937206,0.0269242360514883,0.0140133843282985,0.00659439788325937,0.00281520122840457,0.00109321504123224,0.000387191657155478,0.000125476746199963,4.91861230034739e-05
"11",0.00135144378754459,0.00255885264942551,0.00566626733193572,0.0117159483926062,0.0222646916458984,0.0386292918134331,0.0609523381570349,0.0871202145388162,0.112290501540367,0.129854902483576,0.134003615552901,0.122855691382619,0.0999239771037427,0.0722297911798539,0.0465801834126612,0.0269242360889949,0.0140133852872666,0.00659440555926378,0.00281526843130412,0.00109438519627415,0.000389062482775329,0.000171545981707391
"12",0.000490902354451741,0.0010217658721907,0.0024824562236658,0.00561994526389177,0.0116939469784491,0.0222544593802894,0.0386251309684962,0.0609508621556867,0.08711975034348,0.112290371704778,0.129854870029605,0.134003608333472,0.122855689959107,0.0999239768572716,0.0722297911636344,0.0465801838092948,0.0269242415815293,0.0140134273547535,0.00659472527358392,0.0028198239661201,0.001101802336956,0.000548268089293702
"13",0.000163636600537285,0.000374955121681756,0.000997845111934171,0.00246879870386182,0.00561398142409416,0.0116913131751446,0.0222534356544343,0.0386247830604931,0.060950757160559,0.087119722124769,0.112290364903383,0.129854868567902,0.134003608055757,0.122855689924964,0.0999239770097503,0.0722297935161001,0.0465802121879575,0.0269244488021465,0.0140148230846156,0.00661104917886083,0.0028467550740814,0.00160518155697375
"14",5.0078976137956e-05,0.000126463930152127,0.000368145537060015,0.000994165168223685,0.00246732779443354,0.00561336614788718,0.0116910851518075,0.0222533615783919,0.0386247616702631,0.0609507516560824,0.087119720849352,0.112290364640442,0.129854868531877,0.134003608163331,0.122855691040812,0.0999239898599842,0.072229927357035,0.0465811340121889,0.0269300333914989,0.0140687256744565,0.00670067855894742,0.00430175030963649
"15",1.40742635120703e-05,3.920105131089e-05,0.000124700529610448,0.000367238801645473,0.000993834841410157,0.00246719729784429,0.00561332016816844,0.0116910709043991,0.0222533576542687,0.0386247607077513,0.0609507514448475,0.0871197208257917,0.112290364775068,0.129854869557299,0.134003615837883,0.122855758154406,0.0999245742986606,0.0722336551653366,0.0466015978648558,0.0270941075606375,0.0143421575523986,0.0105400707428955
"16",3.632357371346e-06,1.11660880349965e-05,3.87856062997798e-05,0.000124496188494367,0.000367171232029715,0.000993809714552596,0.00246718890997282,0.00561331769452582,0.0116910702575908,0.0222533575096048,0.0386247607159314,0.0609507516908469,0.0871197223545925,0.112290373714136,0.12985492204325,0.134003960916762,0.12285817142189,0.0999384188978401,0.0723023716733544,0.0470617651343162,0.0278579999811308,0.0235727858974734
"17",8.6062683290297e-07,2.92170632126652e-06,1.10770805665346e-05,3.87435071890648e-05,0.000124483600488989,0.000367166842590298,0.000993808332921103,0.0024671885264514,0.00561331761905295,0.0116910703483726,0.0222533580981784,0.038624763768659,0.0609507669626587,0.087119796166205,0.112290724701912,0.129856691193266,0.134013606743997,0.122906062318056,0.100150468944862,0.0734902941764554,0.0490116262314756,0.048021202503488
"18",1.87079157160553e-07,7.01896685698075e-07,2.90438270558614e-06,1.10691603032244e-05,3.87413732158652e-05,0.000124482908360856,0.000367166653514921,0.000993808364250291,0.00246718893368763,0.00561331954286607,0.0116910787535627,0.0222533934305304,0.038624908142252,0.0609513417502775,0.0871220404519678,0.11229966547835,0.129894522302183,0.134170157810343,0.123510153107147,0.102969073323053,0.0780191410927242,0.0888749540628634
"19",3.72703134571341e-08,1.54689243010176e-07,6.98839186282665e-07,2.90302576224754e-06,1.10688396115487e-05,3.87413248889801e-05,0.000124483164833056,0.000367168066547208,0.00099381481846123,0.00246721584275083,0.00561342344294301,0.0116914548830876,0.022254687208275,0.0386291873085649,0.0609651060507555,0.0871661491242001,0.112445713329422,0.13038373771273,0.135766929584047,0.129644120153647,0.11247537855898,0.148957826761751
"20",6.79458425881888e-09,3.12390439865535e-08,1.54203902169099e-07,6.98647010600056e-07,2.9031026828859e-06,1.10695283258471e-05,3.87449488057526e-05,0.000124500171215762,0.00036724054491402,0.000994096472986951,0.0024682185354243,0.00561671466418073,0.0117015018259532,0.0222835094223405,0.0387078415576064,0.061173139646564,0.0877156640083491,0.113913538173865,0.134312280374456,0.147960249394101,0.147465330902292,0.225142565841396
"21",1.13224714466902e-09,5.7787964094166e-09,3.12184669451572e-08,1.54476653601341e-07,7.00328062575141e-07,2.91170580489734e-06,1.11096939324119e-05,3.89164970479196e-05,0.000125170483568209,0.000369637400110545,0.00100194641239201,0.00249181036336697,0.00568199085925717,0.0118686210252073,0.0226822893451053,0.0396054022106334,0.0631195149356563,0.091878463759431,0.122845402182113,0.156214297817732,0.177153934449049,0.304907687925368
"22",1.89865531109371e-10,1.08333257042342e-09,6.4419809057904e-09,3.49948163589586e-08,1.73877728187602e-07,7.91354880725205e-07,3.30246152070807e-06,1.26452117229033e-05,4.44408390141179e-05,0.000143365542340705,0.000424491452769682,0.00115330426740133,0.00287410581285073,0.00656634246411499,0.0137447182583225,0.026344796441787,0.0462444728122072,0.0744896112110865,0.110801146451366,0.157745896700111,0.195814487262363,0.363591864868418
