"","X0","X1","X2","X3","X4","X5","X6","X7","X8","X9","X10","X11","X12","X13","X14","X15","X16","X17","X18","X19","X20","X21","X22","X23","X24"
"1",0.218771794357445,0.186159353370298,0.144733486803596,0.123034519390205,0.100769106540735,0.0771568559798023,0.0554893203609632,0.0376229596766742,0.0240931500414716,0.0146035172550581,0.00839641588307859,0.00458868440089339,0.00238831480399672,0.00118605023315938,0.000562921479374078,0.000255724857006453,0.000111339600057508,4.6513201849296e-05,1.86630204256699e-05,7.19835271310551e-06,2.6708213856867e-06,9.54284828887124e-07,3.28464122470683e-07,1.1039315934024e-07,4.64277012059156e-08
"2",0.218220335440531,0.185748468199686,0.144508695607736,0.122951372998966,0.100810726554209,0.0772949834988135,0.0556829122647736,0.0378315529025104,0.0242860901171738,0.01476323147383,0.00851725211242926,0.00467329737803382,0.00244360913287728,0.00121997475829491,0.000582549892454777,0.000266472619520371,0.000116924738877205,4.92739720885324e-05,1.99635839666667e-05,7.78318465217064e-06,2.92220193924257e-06,1.05777906686952e-06,3.69304018641696e-07,1.26130127107326e-07,5.41534252440847e-08
"3",0.216200660447038,0.184238070405583,0.143672909918673,0.122629040641792,0.100944313832764,0.0777857258683771,0.0563839443456413,0.038595784352204,0.0250000639915092,0.01535999796481,0.00897322785795902,0.0049958804509241,0.00265670055992737,0.00135220249593317,0.000659972950604763,0.000309400228840317,0.000139526608666954,6.0600331482215e-05,2.53760941228538e-05,1.02535637130122e-05,4.00063327158163e-06,1.50901931615147e-06,5.50397947298813e-07,1.97205176907628e-07,8.9833723475429e-08
"4",0.211799452499863,0.180926349792998,0.141805765067112,0.121860853198644,0.101165017842078,0.0787973970751337,0.0578795936518937,0.0402596061123074,0.0265811265323184,0.0167032772670116,0.0100167459862018,0.00574691624134195,0.00316180736114621,0.00167158154315727,0.000850694049178975,0.000417341013271954,0.000197587188364535,9.03493100767052e-05,3.99229798263723e-05,1.70527964351429e-05,7.04254168212157e-06,2.81460928690407e-06,1.08831059681201e-06,4.14396230180852e-07,2.02633841486909e-07
"5",0.204215971086304,0.175171721097574,0.138478836633775,0.120378003126973,0.101371864962428,0.0803941179763622,0.0603698550045392,0.0431130201655886,0.0293589288459802,0.0191179533773661,0.0119362352035598,0.00716152075741804,0.00413689062848308,0.00230410717273778,0.00123858798652441,0.000643000828753192,0.000322466344656653,0.000156232733927585,7.31197114605913e-05,3.30523098195366e-05,1.44283821197562e-05,6.08817469330925e-06,2.48207952944858e-06,9.97271440675789e-07,5.18137983200277e-07
"6",0.193230268694148,0.166742197825109,0.133446580162228,0.117917099950905,0.101323520692127,0.0824030448356175,0.0637832808500006,0.0471951275443496,0.0334679286665812,0.0228019137301393,0.0149556472898926,0.00945700312150681,0.00577047099249327,0.00339914558045212,0.00193312417428501,0.00106122295473161,0.000562187277996418,0.000287301137993983,0.000141592710819346,6.72811858841209e-05,3.08224741428564e-05,1.36311186653654e-05,5.81713463165013e-06,2.44887780765193e-06,1.34101749057398e-06
"7",0.179031717298857,0.155698169442767,0.126599050024008,0.114223271914049,0.100675649652257,0.0844672218198603,0.0678279116442873,0.0523329953263129,0.0388724781648609,0.027841328844188,0.0192456169828126,0.0128442485693997,0.00827501125177782,0.00514439061170292,0.00308437422452631,0.00178248361403821,0.000992426348872791,0.000532137389424239,0.000274724205369806,0.000136546776365392,6.53485991118762e-05,3.01674251498259e-05,1.34283747634839e-05,5.90489176680839e-06,3.39660346926297e-06
"8",0.162114764274396,0.14233374440418,0.117961795460147,0.109093591096691,0.0990483199201855,0.0861136090635279,0.0720395118960513,0.0581598295511905,0.0453565083947533,0.0341818806161371,0.0248890570273598,0.0174982657320984,0.0118681454607856,0.0077586132288363,0.00488483312941753,0.00296006706427401,0.00172561238628793,0.000967515151698272,0.000521674767032074,0.000270522657665207,0.000134961903180501,6.49250187181144e-05,3.01032955698425e-05,1.38132742019702e-05,8.33522561407112e-06
"9",0.143296862115358,0.127211501235783,0.107752249552746,0.102452371328026,0.0961052483063962,0.0868169192759136,0.0758131938806356,0.0641062249192505,0.0524773687291538,0.0415573838221997,0.0318010417840488,0.0234845594126111,0.0167156042428071,0.011454784998361,0.00755104792940151,0.00478545396564229,0.0029145840310625,0.00170567463733961,0.000959144963769934,0.000518355872655986,0.000269361497755361,0.000134962980890487,6.51622809505889e-05,3.11989299965545e-05,1.97393072426955e-05
"10",0.123560698207203,0.111059955773812,0.096351537477719,0.0943856358182888,0.0916389144132717,0.0861134518082758,0.0785170807583597,0.0694873385159989,0.0596106549381103,0.0494901677835954,0.0396945613002031,0.0307065304801594,0.0228766626712371,0.0163954358416816,0.01129438789584,0.00747440143249349,0.00475043699127242,0.00289927277316312,0.0016993027101355,0.000956752595036858,0.000517769305902273,0.000270223202326636,0.000135881110260743,6.79065542520438e-05,4.50396413990042e-05
"11",0.103915381474471,0.0946740365530235,0.0842596666587651,0.0851459098436866,0.0856246586932549,0.0836952539614194,0.0796062446781928,0.0736110003458023,0.066029518843452,0.0573281295666356,0.0480745074504812,0.038866602637956,0.0302485201757978,0.0226363004435697,0.0162754132459748,0.01123721234638,0.00744837166042989,0.00473913590091838,0.0028947097992931,0.00169792894514167,0.000957080736226856,0.000520468376564579,0.000272686865828739,0.000142317199510853,9.89435972218372e-05
"12",0.0852552403843184,0.078802261492442,0.0720234129107302,0.0751181457367954,0.0782335969568182,0.0794730791116346,0.0787263491947653,0.0759014284865129,0.0710222823602291,0.0643325991611167,0.0562818377800795,0.0474656781060495,0.0385313372889828,0.0300733076455271,0.0225491547178735,0.0162340672577544,0.0112185025238183,0.00744040346628129,0.00473625001700634,0.00289468246615995,0.00169998746392294,0.000963755051487103,0.000526381632400275,0.000287078363234572,0.000209180424057913
"13",0.0682618513076143,0.0640580812276149,0.0601623813434506,0.06476061239422,0.0698027480283202,0.0735895659299223,0.0757747572917906,0.0760003905790953,0.074013924298292,0.0697942912330452,0.0635803368024248,0.0558466231503397,0.0472272937693282,0.0384073895308578,0.0300119741950461,0.0225202339862833,0.0162211603153468,0.0112133453409151,0.00743933223938121,0.00473846908989951,0.002900320867124,0.00171511894650529,0.000977126549117708,0.000557225594789181,0.000425445989274038
"14",0.0533726274609319,0.050878117107353,0.049114405806612,0.0545395926987866,0.0607737200182514,0.066381274595561,0.070902803299814,0.0738170696784139,0.0746572391294161,0.0731467399020686,0.0692665678089044,0.0632768364791196,0.055681304175022,0.0471418015758277,0.0383653367859893,0.0299923439245639,0.0225118040233015,0.0162185593027313,0.011214765673968,0.00744585921801041,0.00475161493060455,0.00293287560165006,0.00174399537809937,0.00104056468644903,0.000832180738548749
"15",0.0407807772840842,0.0395057862107371,0.0391968228911781,0.0448687301027885,0.0516200318639695,0.0583111644772882,0.0644738638229439,0.0695286819333908,0.0728828074037163,0.0740585752425312,0.0727847860686436,0.0690596086577201,0.063164715695928,0.0556236451147428,0.0471136613622188,0.0383524998338432,0.0299875284377723,0.0225121023498459,0.0162242699718188,0.0112299567652355,0.00747443878782878,0.00481872479703923,0.00299264820275049,0.00186920415442603,0.00156496856755662
"16",0.0304726438387111,0.0300079104887853,0.0305937884946233,0.0360669183267449,0.0427794911777549,0.0498870222803061,0.0569867224784882,0.0635303510616333,0.0688929048660565,0.0724784176603924,0.0738156307602919,0.072646658282585,0.0689851822530286,0.0631266913097626,0.0556053668799597,0.0471059084736706,0.0383511459817678,0.0299921677488618,0.0225260460696163,0.0162567663921508,0.0112891949360198,0.00760733127875717,0.00493739508210598,0.00322968548008543,0.00282865839783872
"17",0.0222837740366514,0.0223114709441005,0.0233652076854612,0.0283388245280594,0.0346046924344132,0.0415861330681605,0.0489869916749969,0.0563526820116949,0.0631069271157519,0.0686255838125081,0.0723188471235643,0.0737254311397497,0.0725983566111131,0.0689607780264821,0.0631154626743399,0.055601873817021,0.0471089468786491,0.0383635416834693,0.0300222127073662,0.0225921058045396,0.0163745153978173,0.011542086078728,0.00783324531251809,0.00536753449609621,0.00491277493674621
"18",0.0159575536770332,0.0162477508557312,0.0174696836710704,0.0217760632527899,0.027337207585699,0.0338002062417548,0.0409873707162582,0.0485699598725658,0.0560767518300818,0.0629340811375417,0.0685231183476187,0.0722613182672807,0.0736949213130768,0.0725833870343235,0.0689549492689875,0.0631165240674307,0.0556120312019745,0.0471360356280416,0.0384244578655351,0.0301509620245464,0.0228168562293892,0.0168368683924987,0.011954222245905,0.00858085733454445,0.00819686193831923
"19",0.0111968776348606,0.01159508113466,0.0127940792011238,0.0163735114805429,0.0211042026667138,0.0268060003919395,0.0334100436905125,0.0407187558717627,0.048393922820813,0.0559673850798157,0.0628697463243876,0.0684873390597497,0.0722427643185572,0.0736867212765925,0.072582552384676,0.0689625456261436,0.0631396631638171,0.0556669076447193,0.0472542073665345,0.0386656223031431,0.0305629142117637,0.023628564310205,0.0175567816279254,0.0131976525410061,0.0131361578680332
"20",0.00770217379878804,0.00811329322133742,0.00918262288705559,0.0120535835118169,0.0159319998233686,0.020760485166853,0.02655686424275,0.0332405262522694,0.0406087593087085,0.0483262026370359,0.0559279652355984,0.0628482810843342,0.0684770703971953,0.0722403070272789,0.0736923485563934,0.0726017240475186,0.0690102325128643,0.0632460198786136,0.0558874863244075,0.0476887041844371,0.0393904698642168,0.0319303573513019,0.0248313058177097,0.0195334057797243,0.020217811088421
"21",0.00519666869572479,0.00556893085666458,0.00646207346405623,0.0086924994326403,0.0117692346831459,0.0157139932853094,0.0206045584100952,0.0264520630630883,0.0331732948183389,0.0405679351127444,0.0483030785678007,0.0559164614686841,0.0628450738156005,0.0684819848814096,0.0722577001522198,0.0737344879450721,0.0726964032255296,0.0692100540189231,0.0636436171831316,0.0566409262329649,0.0489123929171946,0.0415987016991925,0.0338486922486406,0.027828840643047,0.0298803331787794
"22",0.00344047256364419,0.00375133731448916,0.0044609113205388,0.00614411056209232,0.00851302207138335,0.0116337640556107,0.0156185160201033,0.0205414367755341,0.026412516751404,0.033150501879163,0.0405570264765372,0.0483013710022774,0.0559239559884076,0.062865675902459,0.0685263598968968,0.0723491642472295,0.073921015697245,0.0730644029146865,0.0699051823108949,0.0649022656952768,0.0586211006997506,0.052324088228122,0.0445096363303916,0.0381699082375738,0.0423922570582866
"23",0.00223595493984651,0.00248095803905171,0.00302218331932001,0.00425890073754225,0.00603349489438939,0.00843128819656772,0.0115778502087975,0.0155836404213403,0.0205226386270467,0.0264066590662505,0.0331564215993134,0.0405760479961981,0.0483383738174861,0.055989645622741,0.0629812419847152,0.0687323811698547,0.072722751837925,0.0745942545235497,0.0742501865420778,0.0719324340180132,0.067966238625125,0.0636429959441617,0.0564951314383669,0.0503864708747012,0.057681855555617
"24",0.00142759697396252,0.00161231636352043,0.0020113770723435,0.00289840338816383,0.00419550766695665,0.00599074567237478,0.0084081350576566,0.0115730625278831,0.0155969321731151,0.0205561743177807,0.0264655265327121,0.0332495237413119,0.040717704788136,0.0485514474498662,0.0563116457482872,0.0634757424304249,0.0695106937768418,0.0739656863858498,0.0765809275833819,0.0773935541105198,0.07643186157306,0.0749334768337224,0.0691804403547708,0.06389169235331,0.0750698251240462
"25",0.000906468202002526,0.00104249099360375,0.00133182733898467,0.00196183055942509,0.00290040847231781,0.00422976418980397,0.00606440071509699,0.00853075609254769,0.01175753725587,0.0158604242610373,0.0209201676285792,0.0269558009358907,0.0338963637042035,0.0415573428606736,0.0496306610797571,0.0576986729972713,0.0652839167924256,0.0719218001961696,0.0772616237100934,0.0811810971547162,0.0834126626407717,0.0850917853054941,0.0811525410787757,0.0770655014797431,0.0923841543547437
