"","X0","X1","X2","X3","X4","X5","X6","X7","X8","X9","X10","X11","X12","X13","X14","X15","X16","X17","X18","X19","X20","X21","X22","X23","X24"
"1",0.674660807054789,0.170822191594942,0.100383729587183,0.0359046002580948,0.0128866117155444,0.00396170408052841,0.00106931397740055,0.000250439659205456,5.04744908883187e-05,8.70013948418127e-06,1.25988801474842e-06,1.51584336494992e-07,1.47864285995966e-08,1.11710143932964e-09,6.33547748183111e-11,2.62663720453753e-12,7.48638272443124e-14,1.33201939151001e-15,1.10338422852463e-17,0,0,0,0,0,0
"2",0.669497046097533,0.171057050219292,0.101680161527262,0.0374673717305127,0.0139888448360346,0.00455258462248294,0.00132249468208545,0.000339639314964091,7.66495244381321e-05,1.51367294977481e-05,2.58771821670603e-06,3.80317917355189e-07,4.73592831076813e-08,4.88498251050142e-09,4.0765668030076e-10,2.65281482640343e-11,1.27095373785836e-12,4.13645521705437e-14,8.02183719595427e-16,6.90042751206653e-18,0,0,0,0,0
"3",0.651576885570649,0.171472823269275,0.105838223347154,0.0428472638471086,0.0180070115936939,0.00685273152304393,0.00238548672164708,0.000747266892075597,0.000208063841112672,5.09915198062593e-05,1.08848716450084e-05,2.00540587271585e-06,3.15097565944748e-07,4.15693888814894e-08,4.51138643790551e-09,3.91222363998098e-10,2.60481144015341e-11,1.26219227392521e-12,4.1254647074136e-14,8.01420322038868e-16,6.90042751206653e-18,0,0,0,0
"4",0.615742676588232,0.171099176666863,0.112976480937298,0.053305237635094,0.0265684719524321,0.0122663931618615,0.00518149755613309,0.00195737484082588,0.000652024442903691,0.000189868515155155,4.80060003559862e-05,1.04759867292632e-05,1.95878295550662e-06,3.10758918795816e-07,4.12615729833801e-08,4.49484140605734e-09,3.90500388166455e-10,2.60222416399413e-11,1.26156670831304e-12,4.12476658809573e-14,8.01420322038868e-16,6.90042751206653e-18,0,0,0
"5",0.56050089323674,0.16826959820022,0.121485584092414,0.068363316756717,0.0404718388521583,0.0222141980296653,0.0110442184281431,0.00487465085514481,0.00188902733311897,0.000638674087280846,0.000187579641828332,4.76735086817443e-05,1.04355263457593e-05,1.95481135561441e-06,3.10478636341691e-07,4.124922644701e-08,4.49450771421332e-09,3.90488171414485e-10,2.60219412538839e-11,1.26156333306471e-12,4.12476658809573e-14,8.01420322038868e-16,6.90042751206653e-18,0,0
"6",0.490860632385814,0.161309150587389,0.128108038638992,0.0848819772271641,0.0582969472432867,0.0370262492917397,0.0211983640276889,0.0107620698640393,0.00480188316056162,0.00187213644168357,0.000635230236482766,0.000186991425950092,4.75918982008034e-05,1.04267786492782e-05,1.95417560269934e-06,3.10455317100179e-07,4.12491188327023e-08,4.4945052083971e-09,3.90488110598828e-10,2.60219405710408e-11,1.26156333306471e-12,4.12476658809573e-14,8.01420322038868e-16,6.90042751206653e-18,0
"7",0.414341052764303,0.149434408801802,0.129886249199073,0.098836701718229,0.0768893743320616,0.0554179323332218,0.0360876744116806,0.02090243065215,0.0106756919954561,0.00477968623680468,0.00186726477704023,0.00063435277703514,0.000186865387812805,4.75780953431625e-05,1.04257623916484e-05,1.95413890090669e-06,3.10455254892958e-07,4.12491185445853e-08,4.49450520165101e-09,3.90488110523288e-10,2.60219405710408e-11,1.26156333306471e-12,4.12476658809573e-14,8.01420322038868e-16,6.90042751206653e-18
"8",0.337841336256425,0.133161218572085,0.125491483944657,0.107085208147183,0.0925418939228513,0.0744995690247963,0.054579904082545,0.035806651785741,0.0208170097033814,0.0106532598352922,0.00477471252966878,0.0018663642748957,0.000634223222066451,0.000186851173516494,4.75770447885746e-05,1.04257245554023e-05,1.95413885737387e-06,3.10455254872157e-07,4.1249118544135e-08,4.49450520164599e-09,3.90488110523288e-10,2.60219405710408e-11,1.26156333306471e-12,4.12476658809573e-14,8.08320749550934e-16
"9",0.266858904574031,0.11403945856894,0.115323765251344,0.108158259275913,0.102192463113476,0.0905980364510515,0.0737889446767444,0.0543379014868607,0.035733428341315,0.0207980866976046,0.0106491382947132,0.0047739776741518,0.00186625992302304,0.000634211844647626,0.000186850331563624,4.75770145398373e-05,1.04257245298238e-05,1.95413885737285e-06,3.10455254872139e-07,4.12491185441348e-08,4.49450520164599e-09,3.90488110523288e-10,2.60219405710408e-11,1.26156333306471e-12,4.20559866305083e-14
"10",0.20467189085679,0.0940223266709875,0.101062842360975,0.102497765823856,0.10446603582053,0.100678004275257,0.090034924301393,0.0735992485211804,0.0542820912424782,0.0357195334677204,0.0207951677114032,0.0106486336150609,0.00477390782866016,0.00186625240902262,0.000634211288430674,0.000186850311644174,4.75770145290509e-05,1.04257245298238e-05,1.95413885737285e-06,3.10455254872139e-07,4.12491185441348e-08,4.49450521544684e-09,3.90488103622861e-10,2.60219543718959e-11,1.30359861841268e-12
"11",0.152677277596108,0.0748482093545393,0.0848245342141497,0.0918360507725233,0.0998092651577787,0.103338672506548,0.100255986169858,0.0898952540233402,0.0735595116442127,0.0542726289572124,0.0357176345749467,0.0207948528372007,0.010648591624494,0.0047739034027453,0.00186625208136527,0.000634211276726697,0.000186850311640611,4.75770145290509e-05,1.04257245298238e-05,1.95413885737285e-06,3.10455254872139e-07,4.12491201469754e-08,4.49450441402652e-09,3.90489706463505e-10,2.73231487293424e-11
"12",0.110894568745418,0.0577039687733257,0.0684992565717114,0.0783726938262921,0.0899516557238652,0.0990078957521479,0.103037343513683,0.100157581880621,0.0898679712231821,0.0735532501722744,0.0542714233574149,0.03571744274253,0.0207948282515022,0.0106485890930598,0.00477390321531524,0.00186625207467971,0.000634211276725566,0.000186850311640611,4.75770145291199e-05,1.04257245298031e-05,1.95413885754536e-06,3.10455337712492e-07,4.12490785404873e-08,4.49458755799847e-09,4.17688256542193e-10
"13",0.0784632299761819,0.0431850243979002,0.0534324270701901,0.0641159806943551,0.0771054367051201,0.0894110631333775,0.0988048303039776,0.102971919024279,0.100139847254223,0.0898640327427774,0.0735525211522961,0.0542713121835177,0.0357174291133573,0.0207948268870508,0.0106485889920261,0.0047739032117145,0.00186625207467946,0.000634211276725841,0.000186850311648365,4.75770145274264e-05,1.04257245503665e-05,1.95414141882645e-06,3.10454036681714e-07,4.12516754187407e-08,4.90839171564451e-09
"14",0.0541221408297527,0.0314240582907579,0.0403758947411852,0.0505278192704212,0.0632873443795442,0.0767526801955325,0.089279079076233,0.0987629400577693,0.102960824571304,0.100137467349619,0.0898636113229283,0.0735524601429936,0.054271305138796,0.0357174284366136,0.0207948268369394,0.0106485889902405,0.00477390321172101,0.00186625207470933,0.000634211277106674,0.000186850311602999,4.75770156079053e-05,1.04257784250361e-05,1.95411351256252e-06,3.1050974826927e-07,4.60769334371626e-08
"15",0.0364318936148625,0.022257606073297,0.0296146014234584,0.0384932874268247,0.0499966014431813,0.0630619325233292,0.0766687158719923,0.0892528375901228,0.0987561545023782,0.10295942234441,0.100137231560701,0.0898635794092642,0.0735524567697331,0.0542713048364685,0.0357174284143145,0.0207948268361174,0.010648588990555,0.0047739032131382,0.00186625208562127,0.000634211277115128,0.000186850344947051,4.75778472168873e-05,1.0425336020366e-05,1.955000697316e-06,3.55264231730808e-07
"16",0.0239575931424662,0.0153599008898856,0.0211157701636702,0.0284202158802985,0.0381590610262526,0.049855184516006,0.0630094313449528,0.076652534689412,0.0892487461877511,0.0987553398546894,0.102959292862182,0.100137215437697,0.0898635779154878,0.0735524566519135,0.0542713048302258,0.0357174284135099,0.0207948268450812,0.0106485890298404,0.00477390341925381,0.00186625211576765,0.000634211957647981,0.000186860237745868,4.75724274997649e-05,1.04363371145334e-05,2.29382364628321e-06
"17",0.0154028767107782,0.0103370939662845,0.0146547492398909,0.0203749174156304,0.0282150622674654,0.038072625116671,0.0498231557945212,0.0629996586597933,0.0766501032889607,0.089248275628906,0.0987552685039803,0.102959284658775,0.100137214789888,0.0898635778765806,0.073552456696174,0.0542713048297678,0.0357174285896244,0.0207948275692481,0.0106485917963643,0.00477390431873859,0.00186626194576191,0.000634305480285855,0.000186807687479953,4.76814752327612e-05,1.25656931940427e-05
"18",0.00968390983357218,0.00679046499673176,0.00991152294059356,0.0142067282812937,0.0202535201172259,0.028164532607542,0.0380539804893886,0.0498175159458731,0.0629982706574621,0.0766498397148843,0.0892482369807718,0.0987552643412099,0.102959284413657,0.100137214858033,0.0898635785580209,0.0735524569154395,0.0542713074445318,0.0357174382153752,0.0207948555649394,0.0106486070345478,0.00477400959984089,0.00186697713333096,0.000633897873046066,0.000187681695974371,5.89037867121655e-05
"19",0.00595400996798678,0.0043571271971423,0.00653936766937638,0.00964729507780278,0.014137424294768,0.0202252810208784,0.0281541935787094,0.0380508816929685,0.0498167592513127,0.0629981287581227,0.0766498194789315,0.0892482351151699,0.0987552649773851,0.102959285987492,0.100137222792968,0.0898635842863518,0.0735524876271913,0.0542714049676787,0.0357176632669771,0.0207950349208663,0.0106494730791385,0.00477847807673223,0.0018644381807759,0.000639582310785234,0.000237556422486276
"20",0.00358002845270835,0.00273215506718326,0.00421217024136253,0.00638722227549837,0.0096089665079651,0.0141222712730122,0.0202197971433783,0.0281525677431894,0.0380504872869904,0.0498166863897544,0.0629981202555581,0.076649822242997,0.0892482457982771,0.098755286072502,0.102959361858848,0.100137304510279,0.0898638719132913,0.0735532668122986,0.0542729018801119,0.0357192352048876,0.0208006546395034,0.0106724295642702,0.00476575399398506,0.0018944652967322,0.00082692757541335
"21",0.00210524808215276,0.00167463146974447,0.00265026020428703,0.00412654823506138,0.00636659523272584,0.00960111623647149,0.0141194744652154,0.0202189812049382,0.0281523752903044,0.0380504610112737,0.0498167060119613,0.062998167863758,0.0766499381691263,0.0892484601794621,0.0987558890656853,0.102960158427973,0.100139459299379,0.0898688902990737,0.0735617052840837,0.0542834993029876,0.0357485707846698,0.020898123793365,0.0106209502619457,0.00489460712843696,0.0024891826959152
"22",0.00121082538477919,0.00100344866437478,0.00162939169544545,0.00260315285506161,0.00411571674922152,0.00636265634584537,0.0095997513616648,0.0141191139029126,0.0202189566773797,0.0281524938089635,0.0380507336925875,0.0498172108140293,0.062999208402518,0.0766517429024946,0.0892525741604148,0.0987618476365336,0.102973403320345,0.100166221931666,0.0899098763175099,0.0736181436032093,0.0544087124029107,0.036092130348691,0.0207284159271597,0.0110692799663429,0.00648499112793773
"23",0.000680963656040942,0.000587840868664179,0.000979072513215027,0.00160412866628386,0.00259768600283403,0.00411391542082206,0.00636220337802215,0.00959997375732921,0.0141198174642028,0.0202203238728409,0.0281550016110138,0.0380550936396184,0.0498251404105546,0.0630121877313257,0.0766765168145326,0.0892892566259651,0.0988310423803074,0.103095580088108,0.100340594483375,0.0901540257149701,0.0740619998303304,0.0554169456701624,0.0356253067039739,0.0219809887400576,0.0146143939554482
"24",0.000374395378688714,0.000336734592555662,0.000575193794521925,0.000966170273397525,0.00160205088840158,0.00259801576943559,0.00411583238007668,0.00636618624392666,0.0096070013968128,0.0141319434485173,0.0202406605021122,0.028188137380526,0.0381092731031058,0.0499084338171876,0.0631487705596001,0.0768729594299709,0.089607852567715,0.0993235888778794,0.103751434618381,0.101215211587959,0.0914689355577881,0.0765067778859284,0.0542782039506534,0.0383402113143688,0.0283660246804881
"25",0.0002031747858884,0.000190599774491919,0.000334010725470324,0.000575274780231628,0.000976872267713487,0.00162220846349897,0.0026322713176725,0.0041722440672702,0.00645603071873475,0.00974724484997083,0.0143449488665349,0.0205559022051506,0.0286448095492172,0.0387458381514763,0.0507937568350489,0.0643047624129272,0.0784202179608625,0.0915973430104918,0.101638110584526,0.106380813197774,0.104275405688401,0.0958419334808471,0.0733825399095787,0.057857607351381,0.0463060790448376
