"","X0","X1","X2","X3","X4","X5","X6","X7","X8","X9","X10","X11","X12","X13","X14","X15","X16","X17","X18","X19","X20","X21","X22","X23","X24"
"1",0.362199179462022,0.205940458818909,0.123716237615633,0.0899850827181566,0.0684711765392828,0.050772365048531,0.0360903377970315,0.0244965056697019,0.0158665904218744,0.00981282646660056,0.00580086264373206,0.0032815871700795,0.00177859673066956,0.000924640867303958,0.000461585852035164,0.000221499164114356,0.000102272210135346,4.54780400146253e-05,1.94924612123838e-05,8.05941041679211e-06,3.21751711814437e-06,1.24217865328405e-06,4.65118634530683e-07,1.70497548324239e-07,6.95805906466628e-08
"2",0.361551062535244,0.205643273687788,0.12363664222629,0.0900175560875735,0.0685721926039606,0.0509125625361143,0.0362442881077513,0.0246441607719462,0.0159948912840661,0.00991567869801615,0.00587775148293858,0.00333557115824969,0.00181437559896576,0.00094711162430383,0.000474999707616471,0.000229128783916255,0.000106415582298133,4.76301319729429e-05,2.05631998381047e-05,8.5704408553255e-06,3.4518684728122e-06,1.34569243903019e-06,5.09316706474189e-07,1.88892501801834e-07,7.79801760184267e-08
"3",0.359159289036934,0.204541261928835,0.12333331129727,0.0901261981298701,0.0689348749918105,0.051423033800709,0.0368097838111285,0.0251906429515691,0.0164732337545121,0.0103020215696083,0.0061688334762354,0.00354162977471873,0.00195213688230819,0.00103442979751168,0.000527630965206583,0.000259371105487657,0.000123015563649575,5.63493021171399e-05,2.49523353785854e-05,1.0690999528433e-05,4.43683965617105e-06,1.78663577697183e-06,7.00257757121935e-07,2.69514413884545e-07,1.15278008785098e-07
"4",0.353880124568181,0.202089160026139,0.122627915216782,0.0903238438903243,0.0696969262432938,0.0525228813672265,0.0380469068499654,0.0264017005921667,0.0175465420282156,0.0111799184317543,0.00683901350615728,0.00402264325181906,0.0022784242487534,0.00124442749822947,0.000656255675046338,0.000334533072567026,0.0001650029404173,7.88105181696535e-05,3.64761984425338e-05,1.63696861723325e-05,7.12923739617294e-06,3.01803215638506e-06,1.24549862977626e-06,5.04989115784832e-07,2.26432878848262e-07
"5",0.3446203963365,0.197739846573501,0.121302254246217,0.0905656085837131,0.070936232742384,0.0543819099851913,0.0401851023992476,0.028533769171729,0.0194694836352067,0.0127807748925044,0.00808360748811867,0.00493312702334378,0.00290848922037449,0.001658497045042,0.000915468541879859,0.000489482531152055,0.000253624276816755,0.000127387252458361,6.2032620628806e-05,2.92933025281415e-05,1.34222376028375e-05,5.97665444003468e-06,2.59324419656348e-06,1.10378928868642e-06,5.16205933728059e-07
"6",0.330882478316778,0.191191002635662,0.119158227000954,0.0907112108825196,0.0725731206792951,0.0569892826237909,0.0432818724908329,0.0317016632368745,0.0223954715230086,0.0152749955801494,0.0100702488124307,0.00642328916245352,0.00396682665494932,0.00237299906577217,0.00137538034128056,0.000772401612960492,0.000420270323448852,0.000221525015518453,0.000113104245324884,5.5941151677375e-05,2.68193181177466e-05,1.24844413847326e-05,5.65792094315601e-06,2.51063035619316e-06,1.21633351515284e-06
"7",0.31258930808379,0.182310629342194,0.116005385885212,0.0905414045819014,0.0743999725594082,0.0601864944526758,0.0472529148444041,0.0359032515231842,0.0263960482236773,0.0187877106208464,0.0129527524242992,0.00865218377831821,0.00559992069868555,0.00351128249624554,0.00213235873187203,0.00125378798787898,0.000713537717771047,0.0003929371483687,0.00020935565184616,0.000107937633998762,5.38945530947511e-05,2.61131458688374e-05,1.23100045972289e-05,5.6719445525191e-06,2.83596530942257e-06
"8",0.290019635452341,0.171122907449245,0.111680107412449,0.0897905335352052,0.0761137902314312,0.0636906513156416,0.0518814592564762,0.0410151152405043,0.0314468893224436,0.0233808193037155,0.0168544712851418,0.0117758489745549,0.00797041999039844,0.00522332867579086,0.00331253448687873,0.00203196605974489,0.00120518447134578,0.000690981973641944,0.000382945497736836,0.000205213350373534,0.000106447840167139,5.35672809529194e-05,2.6215992476335e-05,1.25185223575524e-05,6.44707898538215e-06
"9",0.263902704115158,0.157873592517267,0.106097074297187,0.0881880614524061,0.0773422003446958,0.0670994081595493,0.0568004619063018,0.0467550441504486,0.0373774327325961,0.0289983245919084,0.0218173538045567,0.0159058016251451,0.0112277233233837,0.00766825290671587,0.00506410102699969,0.00323220865730776,0.00199315349112433,0.00118727824852656,0.00068322383628507,0.000380001373231786,0.000204543011623342,0.000106811001399913,5.4226782548962e-05,2.68111224904766e-05,1.42055211417542e-05
"10",0.235295180741573,0.142994624394616,0.0992738622612593,0.0855139921200851,0.0777108900425883,0.069954565331855,0.0615398406038258,0.0527058965396047,0.0438707400412868,0.0354470236809521,0.0277714559432947,0.02107582913104,0.0154787865339811,0.0109930071731629,0.00754491195768952,0.00500209242140714,0.00320245297087864,0.00197971026895726,0.0011818922200546,0.00068185090404524,0.000380709178206529,0.000206252652207836,0.000108599648481395,5.55686061186651e-05,3.02646328276161e-05
"11",0.205450453516735,0.127058379790698,0.0913435564740547,0.0816448020624571,0.0769082462353045,0.0718117671820734,0.065587950484009,0.0583584068913051,0.0504822415824498,0.0423916289308342,0.0345117977055715,0.027208703520658,0.0207530414190085,0.0153020282381744,0.0109005214228584,0.00749875226739929,0.00498036454823628,0.00319328148069247,0.0019770617291634,0.00118289870031549,0.000685106035137504,0.000385106975264198,0.000210300358393823,0.000111324179170202,6.22782700344745e-05
"12",0.17564759797028,0.110703031808775,0.0825442254593728,0.0765818005344732,0.0747417473130206,0.0723143361097952,0.0684698732276206,0.0631805856136663,0.0566895643229242,0.0493794176211856,0.0416981798453075,0.0340965668461339,0.0269716196702168,0.020623852229831,0.0152349295163797,0.0108676154883442,0.00748414634624168,0.004975645148148,0.00319438579097974,0.00198221216112383,0.00119109823282214,0.000694846819782623,0.000393553838852744,0.000215453417472783,0.000123714667248926
"13",0.147038305071796,0.094555477432471,0.0731908686702684,0.0704550749906437,0.0711703534389717,0.0712500880531818,0.0698202724656511,0.0666946445712697,0.0619606670623801,0.0558890740135424,0.0488791443430937,0.0414003038891766,0.0339274736859324,0.0268801992500384,0.0205771487670081,0.0152131757688209,0.0108598731630907,0.00748500104227657,0.00498288285249386,0.00320731148457207,0.00200005198530348,0.00121120616033197,0.000711551502015862,0.000402697246813743,0.000237153088855439
"14",0.120552525479053,0.0791731426162688,0.0636386490129965,0.0635033861870541,0.066305406202007,0.0685767992599853,0.0694321607173115,0.0685421443821306,0.0658241573815626,0.0613935947447241,0.0555369396552511,0.0486707902449792,0.0412829553468192,0.0338649826568111,0.0268496681918589,0.0205652945487838,0.0152132173202465,0.0108691695662179,0.00750326715438336,0.00501059085539275,0.00324354067855855,0.00203958797071089,0.00124276167620961,0.000726709987000543,0.000438558163681994
"15",0.096836663151401,0.0649966471317922,0.0542409124052999,0.0560379386125684,0.0603877694673536,0.0644206314400736,0.0672809642901706,0.0685324228246836,0.0679348650346917,0.0654314394459276,0.0611513738677941,0.0553947350115707,0.0485917926740956,0.0412424686812872,0.0338479461555562,0.0268481260624263,0.0205762685223388,0.0152370176484494,0.0109078325782977,0.00755860519569527,0.00508075891446665,0.00331807212703635,0.00209663202168165,0.00126595069099831,0.000782166044342678
"16",0.0762447495491256,0.0523270159607883,0.0453123990910534,0.0483981356963821,0.0537456250155986,0.0590465101140932,0.0635165424567576,0.0666611626351123,0.0681178951771961,0.0676688413272053,0.0652686770785337,0.0610570312670211,0.0553440304927527,0.0485688038808443,0.0412384766957032,0.03385982557589,0.0268769717848566,0.020626088837335,0.0153129607923183,0.0110132154550376,0.00768904575160215,0.00521570698039634,0.00341671465163405,0.00212852075241427,0.00134505298034761
"17",0.0588690376492394,0.0413246867900511,0.0371028109352212,0.0409089283641646,0.0467441668240345,0.0528103234567971,0.0584287817141828,0.0630985787949142,0.0663843042883331,0.0679418005839893,0.0675624336811436,0.0652087717269245,0.061027944800849,0.0553368524476076,0.0485805137114323,0.0412711163220983,0.0339196601770337,0.0269731929530368,0.0207681727143615,0.0155056242175026,0.0112463624354678,0.0079237499344824,0.00537863999137072,0.00345377857690898,0.00222976690885177
"18",0.0445933846218417,0.0320245879867689,0.029782915183882,0.0338470735034343,0.0397378794598819,0.0461047579750524,0.052396902620996,0.0581529349007896,0.0629178706905267,0.0662708555526716,0.0678750552118615,0.0675279527073609,0.0651980727569791,0.0610383593191741,0.0553714163917266,0.0486478224320508,0.041384760063703,0.0340963820482508,0.0272283399507325,0.0211069636491277,0.0159063821577578,0.0116382724530263,0.00818025259718779,0.00540801581736,0.00356278994785504
"19",0.0331558618862128,0.0243613875469153,0.0234428463654016,0.0274201419007939,0.0330329707862842,0.0393091003168329,0.0458336520570649,0.0522187928284274,0.0580379737930951,0.0628475180868823,0.0662324424108373,0.0678610288491344,0.067536191558454,0.0652324790452284,0.0611095799251756,0.0554972841978551,0.0488526811362192,0.0416961906426832,0.034537130209452,0.0278015294311492,0.0217692075587205,0.016534157274107,0.0120219321388421,0.00817153560951414,0.00548638444471705
"20",0.0242076405406933,0.018198071830642,0.0180999104454021,0.0217588712678496,0.0268641543211171,0.0327508330273738,0.0391349687374043,0.0457214406537312,0.0521482624330269,0.0579976563354252,0.0628309791853556,0.0662382096589335,0.0678936357949702,0.0676077059731642,0.0653641435318572,0.0613326757638115,0.0558517038143384,0.0493808215272761,0.0424289641010106,0.0354698866193925,0.0288528407845642,0.0227326595609749,0.0170767195007342,0.0119153950124417,0.00814184957850882
"21",0.0173634058356807,0.0133541188732051,0.0137127174509178,0.0169207267267771,0.021385766929103,0.0266821231058246,0.0326416901010612,0.039066880898671,0.045681550320368,0.0521307778275696,0.0580017201402368,0.0628615083784365,0.0663079500910911,0.0680258561355579,0.0678388130711553,0.0657446176429116,0.0619238272586493,0.0567146389121129,0.050553253809838,0.0438878158843167,0.0370711533918006,0.030266383737652,0.0234517602179857,0.0167676209392704,0.0116433223198062
"22",0.0122401747696385,0.00963016685047154,0.0101982123971094,0.0129013553085462,0.0166750604623068,0.021271410517922,0.0266168688915792,0.0326046417207623,0.0390512209435471,0.0456867495570124,0.0521620203377473,0.0580718854603406,0.0629945061981168,0.0665427492706266,0.0684199556286875,0.068468539952666,0.066698427605172,0.0632834968884747,0.05851886362002,0.0527425932410316,0.0462215834507647,0.0390448055632557,0.0311430182235544,0.0227695847804834,0.0160421083601624
"23",0.00848408190314741,0.00682765388211369,0.00744899333060949,0.00965075147834501,0.0127447896336729,0.0166087202935185,0.0212401438092405,0.0266087623086465,0.0326188171273269,0.0390933373129848,0.04576993456749,0.0523101292567189,0.0583242083536892,0.0634110183062155,0.0672079038455369,0.0694410998803817,0.0699635432648776,0.0687658310114933,0.0659489345898225,0.0616589645081923,0.0559770370972292,0.0488162336068807,0.039979940159234,0.0298198040848451,0.0212793663877867
"24",0.00578848320444239,0.00476479422226334,0.00535108433788361,0.00709397359666831,0.00956546735535321,0.0127267757931333,0.0166244463753734,0.0212870282413729,0.0266939495493288,0.0327571856325016,0.0393096342423351,0.0461030039464616,0.0528184884066409,0.0590917032291893,0.0645497037509228,0.0688528397575602,0.0717301134467356,0.0729939830939039,0.0725220232589949,0.0702052184793716,0.0658499251214788,0.0590946507950265,0.0495319389931587,0.037582915049508,0.0271106701203906
"25",0.00393787928659598,0.00331596572389421,0.0038309664674576,0.00519340649737759,0.00714623727089403,0.00970220674149153,0.0129380897497371,0.0169232879150061,0.0216950365552104,0.0272401773878519,0.0334797114953936,0.0402588404257635,0.0473459852792688,0.054443219956448,0.0612076674877625,0.0672788137310943,0.072302815994934,0.0759417447592183,0.0778565603555573,0.0776658277484411,0.0748630869563735,0.0687632742085757,0.058701854592371,0.0451368772947549,0.0328304661185267
