"","X0","X1","X2","X3","X4","X5","X6","X7","X8","X9","X10","X11","X12","X13","X14","X15","X16","X17","X18","X19","X20","X21","X22","X23","X24"
"1",0.654277790953987,0.192637679397283,0.0972070178218947,0.0369867673052227,0.0132296352641189,0.00416247928812763,0.00115048136754561,0.000277708305729747,5.81137241281879e-05,1.04832828902018e-05,1.61031285018321e-06,2.08494145553651e-07,2.23992563738338e-08,1.942774727984e-09,1.32738974590117e-10,7.01680439444283e-12,2.80529016075077e-13,8.18925973055655e-15,1.64569803215033e-16,2.02904740841186e-18,1.14816256870408e-20,0,0,0,0
"2",0.649464801302312,0.192676203771524,0.098465099016672,0.038474917772649,0.0142957774876979,0.00474272354497235,0.00140416815249963,0.000369295900797121,8.57937420956682e-05,1.7534964869579e-05,3.12821370962808e-06,4.83936782671464e-07,6.42595060825669e-08,7.20870723251529e-09,6.71309057433177e-10,5.07392817026553e-11,3.01704533516862e-12,1.35678144508632e-13,4.39153202739995e-15,9.54468026507762e-17,1.2368445996578e-18,7.18046567332624e-21,0,0,0
"3",0.632712332130437,0.192442574578102,0.102523929847511,0.0436069234826404,0.0181809136442076,0.00699412688204512,0.00246207040667947,0.000783343824323303,0.00022262365159162,5.59909332460452e-05,1.23483180588322e-05,2.36863825657457e-06,3.91423828909507e-07,5.50617983087792e-08,6.49518933777637e-09,6.29981987322338e-10,4.89982138641787e-11,2.96477420238362e-12,1.34577867131679e-13,4.37538456995296e-15,9.52879521205212e-17,1.23605022134713e-18,7.18046567332624e-21,0,0
"4",0.599062752028814,0.190848921197839,0.109572553643563,0.0536181517137664,0.0264605491273383,0.0122738966744728,0.00522199858813076,0.00199649099119869,0.000676427728771376,0.000201358698826724,5.2335624576076e-05,1.18146813781911e-05,2.30296802427784e-06,3.84687966481269e-07,5.45061250343464e-08,6.45908654139385e-09,6.28102533744292e-10,4.89176378955745e-11,2.96200148846389e-12,1.34508766594635e-13,4.37432680467703e-15,9.52806876114904e-17,1.23605022134713e-18,7.18046567332624e-21,0
"5",0.546906369851337,0.186249046696027,0.11814028875071,0.068120144282236,0.0399311211144686,0.0219521596329099,0.0109686035952121,0.00488661921073698,0.00191972947050653,0.00066091048512655,0.000198593869988877,5.19109855015915e-05,1.17592837407269e-05,2.29697495987978e-06,3.84183162424912e-07,5.44754966156821e-08,6.45780037371257e-09,6.28060188544576e-10,4.8916332055621e-11,2.96196850400304e-12,1.34508257333486e-13,4.37432329245192e-15,9.52806876114904e-17,1.23605022134713e-18,7.18046567332624e-21
"6",0.480729015644846,0.177179142120411,0.125091859262456,0.0841828516730399,0.0572853554296106,0.0363615614103012,0.0208747524649471,0.0106659158662382,0.00480746972877309,0.00190094151414362,0.000656957708160743,0.0001978837388621,5.18051839573891e-05,1.17466688757514e-05,2.29585626376484e-06,3.84117878881872e-07,5.44733876547988e-08,6.45776777533587e-09,6.28059880595322e-10,4.89163253443064e-11,2.96196840092826e-12,1.34508256622931e-13,4.37432329245192e-15,9.52806876114904e-17,1.24323068702046e-18
"7",0.407481338201048,0.163089179930613,0.127482102397819,0.0979601113136713,0.0755512254298148,0.054317795629146,0.0353810156320702,0.0205642448509052,0.0105742591061204,0.00478335588255611,0.00189546070566432,0.000655916480615145,0.000197722576082726,5.17854896653824e-05,1.17448958060041e-05,2.29575257878474e-06,3.84114631629422e-07,5.44733456015323e-08,6.45776768827432e-09,6.28059879840459e-10,4.89163253328846e-11,2.96196840084965e-12,1.34508256622931e-13,4.37433765338326e-15,9.65095573671642e-17
"8",0.33369568428037,0.144650598097883,0.123877075767803,0.10635433791354,0.0911628999984403,0.0731022554877776,0.0534517119824906,0.035089213247587,0.0204743184204162,0.0105500116605701,0.00477777598911064,0.00189439398093659,0.000655750937070961,0.000197702311504845,5.17836607055374e-05,1.17447887662633e-05,2.29574924507967e-06,3.84114589703796e-07,5.44733455546509e-08,6.45776768822232e-09,6.28059879839698e-10,4.89163253328794e-11,2.96196842957152e-12,1.34510714362443e-13,4.46836074937639e-15
"9",0.264720711946699,0.123506560419222,0.114516847548231,0.107813555293004,0.101084269593492,0.0891820003400645,0.072372684276317,0.0532012295848206,0.0350121074133275,0.0204537997981451,0.010545367116377,0.00477690134983385,0.00189425997431442,0.000655734664036479,0.000197700846016657,5.17835749972654e-05,1.17447861064942e-05,2.295749212112e-06,3.84114589677105e-07,5.44733455546486e-08,6.45776768822228e-09,6.28059879839698e-10,4.89163286973778e-11,2.96214679649577e-12,1.38797343689123e-13
"10",0.20387605287836,0.101654102491318,0.100941785515541,0.102627147759713,0.103846254038615,0.0995475251368542,0.0886058260396199,0.0721761851746846,0.0531421947552452,0.034996922007077,0.0204504794154236,0.0105447605623521,0.00477681075348936,0.00189424915284148,0.000655733695087993,0.0001977007894507,5.17835732488723e-05,1.17447860851378e-05,2.29574921210077e-06,3.84114589677163e-07,5.44733455562283e-08,6.45776769879193e-09,6.28060051558895e-10,4.89237765930073e-11,3.09331231856692e-12
"11",0.152691565883114,0.080856777426666,0.0851933243593695,0.0923869120934368,0.0997422472291549,0.102705806765749,0.0991165437300349,0.0884608635675248,0.0721339129746348,0.0531317523497664,0.0349947353408643,0.020450095813135,0.0105447052892741,0.00477680431154212,0.00189424858120085,0.000655733661791573,0.000197700788424802,5.17835732364857e-05,1.17447860851341e-05,2.29574921210744e-06,3.8411458986063e-07,5.4473346783794e-08,6.45777273785067e-09,6.28264406847916e-10,5.18062768587741e-11
"12",0.111336689294859,0.0623184390134773,0.0691542969094698,0.079211198851185,0.0903645249943238,0.0989330906015716,0.102398482374764,0.0990142553924386,0.0884317096414364,0.0721269451541433,0.0531303480610644,0.0349944983973378,0.0204500629244608,0.0105447015593879,0.00477680398397741,0.00189424856216249,0.000655733661206025,0.000197700788417787,5.17835732365394e-05,1.1744786085486e-05,2.29574922172923e-06,3.8411465329506e-07,5.44734403942465e-08,6.46176398847907e-09,6.75912351312662e-10
"13",0.0790811924838224,0.0466405435159237,0.0542049830511515,0.0650907876076872,0.0778483557354245,0.0898189041159471,0.0987260619890163,0.102330356685465,0.0989952275585757,0.0884272932199382,0.0721260863994449,0.0531302087264595,0.0349944798252577,0.0204500608839556,0.0105447013824303,0.00477680397371752,0.00189424856184739,0.000655733661203385,0.000197700788424049,5.17835732486604e-05,1.17447863953468e-05,2.29575118230303e-06,3.84115760794588e-07,5.45322001649881e-08,7.07551899254761e-09
"14",0.0547605258783867,0.0339494834436392,0.0411470755431545,0.0515125796463893,0.0641974793373259,0.0774922369566843,0.0896843333321086,0.0986823518162032,0.102318401948957,0.0989925366246522,0.0884267902967617,0.072126008515509,0.0531301988771595,0.0349944787904946,0.020450060795891,0.0105447013773427,0.00477680397357173,0.0018942485619146,0.000655733661516618,0.000197700788759242,5.17835802950658e-05,1.1744827613917e-05,2.29575801753288e-06,3.8479769737415e-07,6.08699521867211e-08
"15",0.0370051079612927,0.0240612402961027,0.0303125893371299,0.0394019280643647,0.0509387845376205,0.0639698369663393,0.0774066132757366,0.0896568918168737,0.0986750068653586,0.102316801820556,0.0989922507768344,0.0884267485346513,0.0721260036091269,0.0531301983968774,0.0349944787509877,0.0204500607936454,0.01054470137774,0.00477680397602304,0.00189424857108485,0.000655733669508416,0.000197700911191174,5.17842162727653e-05,1.17448030261888e-05,2.3022240751922e-06,4.38447578685171e-07
"16",0.0244286790826076,0.0166199681845423,0.021705556040215,0.0292052119841154,0.0390403812063683,0.0507959203760203,0.0639162956958486,0.0773896582804755,0.0896524439178708,0.0986740684589114,0.102316642033438,0.0989922289887454,0.0884267462217616,0.0721260034079628,0.053130198383282,0.0349944787510498,0.0204500608063786,0.010544701434622,0.00477680415367816,0.00189424872834601,0.000655735359902588,0.000197708476915953,5.17830418237713e-05,1.1796301477275e-05,2.68068363875641e-06
"17",0.0157659903123523,0.0111985728191339,0.0151270276165216,0.0210185384488447,0.0289828780723446,0.0389530063266972,0.0507632580831805,0.0639060406289347,0.0773870066356893,0.0896518978662856,0.0986739790432743,0.102316630583705,0.0989922279009247,0.088426746148729,0.0721260034419938,0.0531301984089847,0.0349944789913928,0.0204500617366119,0.0105447038912429,0.0047768065881146,0.00189426752491992,0.000655806949682982,0.000197692418912402,5.21342637738813e-05,1.40452977505986e-05
"18",0.00995028793055709,0.00736677489099217,0.0102730464878377,0.0147115400820904,0.0208864783902907,0.0289317080418149,0.0389339842251253,0.0507573316106728,0.063904523566627,0.0773866992375691,0.0896518488859618,0.0986739730752063,0.102316630110699,0.0989922280185183,0.0884267467476497,0.0721260040063711,0.053130201804886,0.034994490363097,0.0204500874702877,0.0105447332744965,0.00477697548865711,0.00189481624792455,0.000655663078171336,0.000199764272775132,6.3462691718981e-05
"19",0.00614162457509895,0.00473438831297891,0.00680543350922948,0.0100280154870846,0.0146357195473015,0.0208577915792136,0.0289211482706604,0.0389307226292063,0.0507565031813162,0.0639043575268139,0.0773866733734784,0.0896518461100409,0.0986739736835369,0.102316632384964,0.0989922354128155,0.0884267558940219,0.0721260418340305,0.0531303105426897,0.0349947051234638,0.0204503672869215,0.0105459643106283,0.00478041795765626,0.00189386574019297,0.000666242777588327,0.000248262949065
"20",0.00370755913954385,0.00297387284009583,0.00440122333329482,0.00666434773741971,0.00998578126648975,0.0146202566710575,0.0208521808981935,0.0289194335219952,0.0389302902493082,0.050756417782035,0.0639043462652464,0.0773866764015397,0.0896518577965259,0.0986740007890845,0.102316706559246,0.0989923436272695,0.0884270936239396,0.0721268785963975,0.0531317902772483,0.034996832623758,0.0204576910056781,0.0105637593133978,0.0047756073684022,0.00194033616092563,0.000842716151905489
"21",0.00218916967888584,0.00182627400909875,0.0027803636156335,0.00432182345801183,0.00664143280031359,0.00997772376746216,0.0146173885319242,0.0208513181606025,0.0289192222768076,0.038930259125016,0.0507564381714512,0.0639044008220421,0.0773868017481961,0.0896521139810818,0.0986746096494376,0.102317667109081,0.0989947775479455,0.0884323625638841,0.0721354498282817,0.05314480151927,0.0350326588038251,0.0205338708327449,0.010544750300515,0.00494941579917272,0.00248490589931255
"22",0.00126439345361091,0.00109661800328268,0.00171631695459373,0.00273667506211661,0.00430968498038168,0.00663736222628067,0.0099763216742395,0.014617006879497,0.0208512905651136,0.0289193515360305,0.0389305527622473,0.050756996893591,0.0639055111989422,0.0773888470187652,0.089656343182021,0.0986813921884282,0.102332168803179,0.0990225120059337,0.0884746423546956,0.0722001672898667,0.0532901389743526,0.035303813170283,0.0204737347380579,0.0110913267682963,0.00636683131619168
"23",0.000714188396011274,0.00064389920156396,0.00103554874854298,0.00169288843354952,0.00273048302674557,0.00430781120686844,0.00663690899284912,0.00997656345145427,0.0146177660518028,0.0208527632867257,0.0289220294205012,0.0389352535681751,0.0507653714694207,0.0639196605605066,0.0774144888812131,0.0896964520474011,0.0987552587214905,0.102457760066961,0.0992029873669215,0.0887410540044029,0.0726940905751261,0.0540937955360112,0.0351409791413103,0.0218912530272417,0.014160744817201
"24",0.000394450176370203,0.000369769174794852,0.000610929778167754,0.00102363322070942,0.00169046610287442,0.0027308589155915,0.0043098935633551,0.00664115641988037,0.00998405793025062,0.0146306308300268,0.0208742401552648,0.0289570588035774,0.0389919076262459,0.0508535977310025,0.0640607862999564,0.0776227944423179,0.090029417289067,0.099257983623935,0.103131986211338,0.100122308587757,0.0901510889095813,0.0746548764460628,0.0536468688618272,0.0380456810909685,0.027213557809075
"25",0.000215098099494569,0.000209872071024727,0.000356311631930122,0.000611977372592362,0.00103490237102939,0.00171184573866574,0.0027670820009977,0.00436922179725313,0.0067353812321651,0.0101304857314942,0.0148521974342564,0.0212011626859031,0.0294279857413566,0.0396488090692007,0.0517582792863077,0.0652495346367944,0.0792012976739145,0.0920328146709123,0.101592565315358,0.105799818425197,0.103283881416871,0.0935687013672571,0.072801395909363,0.0573110840503818,0.0441282942702772
