"","X0","X1","X2","X3","X4","X5","X6","X7","X8","X9","X10","X11","X12","X13","X14","X15","X16","X17","X18","X19","X20","X21","X22","X23","X24"
"1",0.22339328859769,0.188272871440792,0.162764377349663,0.135532077921369,0.104222043479124,0.0738265422484635,0.0483969838733641,0.0294957026005614,0.0167960559957869,0.00897604787607115,0.00451859306455016,0.00214956346587438,0.000968994465513183,0.000414889332594302,0.000169057585034881,6.56643338612196e-05,2.43434295745349e-05,8.62249550578245e-06,2.92020035282204e-06,9.46122612748892e-07,2.93339961047385e-07,8.70486765572134e-08,2.47483542186412e-08,6.83422873618130e-09,2.15042003321921e-09
"2",0.222679455546824,0.187765639605389,0.162474259846714,0.135459762956257,0.104338826215952,0.074067498606176,0.0486867103973702,0.0297728554011816,0.0170245884426268,0.0091442227355682,0.00463116605265342,0.00221893188746999,0.00100866843756529,0.00043607578122792,0.000179669271276911,7.06671622517352e-05,2.65696395649853e-05,9.55964403397053e-06,3.29407270607884e-06,1.08768090360751e-06,3.44266192302772e-07,1.04474403357929e-07,3.04338739485766e-08,8.63750659084452e-09,2.80431247765925e-09
"3",0.2200833756005,0.185909251038312,0.161393713126941,0.135163562851367,0.104732696489758,0.0749245538390131,0.0497370564306427,0.0307919618867144,0.01787609400612,0.00977926673855706,0.00506221092333773,0.00248846510152492,0.00116522298216853,0.000521049687182733,0.000222964327547121,9.14474896500544e-05,3.5991545738252e-05,1.36041709610299e-05,4.9407942765818e-06,1.72451089494418e-06,5.78463512079498e-07,1.86465162808864e-07,5.7835179461434e-08,1.7560879560449e-08,6.13405987614311e-09
"4",0.214491850546866,0.181869263073731,0.158974911322386,0.134404557866018,0.105466091748151,0.0766954552693911,0.0519814365816202,0.0330229277779153,0.019782102283729,0.0112328414866578,0.00607192331502806,0.00313530129121307,0.00155057610688932,0.000735830882697429,0.000335465512957446,0.00014701833490737,6.19484245117573e-05,2.50942005363008e-05,9.76932651281439e-06,3.653580348754e-06,1.31199061498833e-06,4.52234638058504e-07,1.49874993619613e-07,4.87181984755752e-08,1.82494868443351e-08
"5",0.205010688766917,0.17492308695517,0.154660257774652,0.132829762026053,0.106427732788757,0.079502643738433,0.055723773048098,0.0368738007421112,0.0231759277889883,0.0139020046857966,0.00798553939000116,0.00440201902628387,0.00233133734064201,0.0011866002692658,0.000580311837368047,0.000272559796246296,0.000122869530554245,5.31313843458694e-05,2.20270077394052e-05,8.7512457078649e-06,3.33082136255297e-06,1.21447652187396e-06,4.25247458778e-07,1.46282504030467e-07,5.80290211549502e-08
"6",0.191563243998475,0.164893921677113,0.1481404204832,0.1300430374631,0.107229536299309,0.0830668655134953,0.0608581467661007,0.0424201525772191,0.0282736993477887,0.0180777728342579,0.0111047274031152,0.006555180861658,0.00371664261451036,0.00202217976620402,0.00105480933353318,0.000527040522943812,0.000252083513621168,0.000115366498202954,5.05048749438204e-05,2.11470694415214e-05,8.46890252065048e-06,3.24502793968739e-06,1.19359820370713e-06,4.32347031111238e-07,1.80706070821347e-07
"7",0.174628416347108,0.151993220925722,0.139307508628605,0.125649482609645,0.107302385646804,0.08680755234597,0.0669411969684151,0.0494405820049852,0.0350827785353466,0.0239431569451735,0.0157085659300884,0.0098948694164903,0.00597521117914943,0.00345439031522337,0.00190984984568492,0.00100906708272559,0.000509275685516088,0.000245485569411468,0.000113017678779311,4.97020466515037e-05,2.08839799256481e-05,8.38978261558833e-06,3.23590536105449e-06,1.23267640522734e-06,5.41948196134979e-07
"8",0.155042450059634,0.136719800149481,0.128263067177807,0.119352739234804,0.106037157408781,0.0899714760661074,0.0732669389821075,0.0574255085588076,0.0433594223821045,0.03150810069926,0.0219925235543741,0.0147135834158258,0.0094177148779159,0.00575900797563106,0.00336142981018028,0.0018717787516688,0.000994168429180379,0.000503689476733462,0.000243474514788833,0.000112321828621269,4.94728343539434e-05,2.08237066152811e-05,8.41867740020323e-06,3.37268273881065e-06,1.55874507779352e-06
"9",0.133958711412391,0.119866226197479,0.115384817119673,0.11107335010321,0.102924452879896,0.0917512202423211,0.0789267813796971,0.0655624964165241,0.0525289882856752,0.0404928538872146,0.0299482780976035,0.0211982005198669,0.0143328569737146,0.00924510322748952,0.00568466673501786,0.00333090220104669,0.00185978913945184,0.000989653458163018,0.000502056353493147,0.00024290766572328,0.000112140640967553,4.94555909023862e-05,2.0962520059699e-05,8.83677334677067e-06,4.29217907142662e-06
"10",0.112607831505987,0.102361808252982,0.101268507876694,0.100998328075063,0.0976985892027882,0.0914810314274295,0.0829994012104296,0.0728691983378001,0.0617359325895304,0.0502996234577026,0.039284420508379,0.0293347583116429,0.0209048217466534,0.0142000794859682,0.00918799085222465,0.00566123565324791,0.00332170635093356,0.00185632871687302,0.000988403525491956,0.000501626808092105,0.000242790867909551,0.000112225178427444,4.98996390226664e-05,2.21530626702015e-05,1.13073560564836e-05
"11",0.0921209811470793,0.0851357358450854,0.0866403262910628,0.089564395437757,0.090406859176567,0.0887829389968965,0.0847376965352884,0.0783700472359532,0.0699640567905279,0.0600526980271737,0.0493914973594958,0.0388252448757986,0.0291159786380746,0.0208061305821025,0.0141577584230033,0.00917067930918406,0.0056544617940263,0.0033191658264782,0.00185541672188782,0.000988103597823662,0.000501606692941537,0.000243131106753201,0.00011348702153615,5.31147488565457e-05,2.84878186454516e-05
"12",0.0733838819871371,0.0689842654271592,0.0722379495443147,0.0773770622849354,0.0813983676206625,0.0836437657001953,0.0837252855847249,0.0812950842256414,0.0762248279829673,0.0687286648106087,0.0593897650309424,0.0490579270448311,0.0386670245648902,0.0290449066511699,0.020775775980744,0.0141453904063989,0.00916585890381721,0.00565266281871862,0.0033185310603693,0.00185524690508053,0.000988275099453283,0.000502603959236837,0.000246496567714851,0.000121762484584829,6.86173537007185e-05
"13",0.0569647999419311,0.0544848544725244,0.0587030505294917,0.0650984738336775,0.071241581464505,0.0763992512845581,0.0799486366374972,0.0812327399588165,0.0797538276300173,0.0753433708599354,0.0682586752034959,0.05915471144701,0.0489470912561197,0.038617525962941,0.0290238878043527,0.0207672614533925,0.0141420924623635,0.00916464156148604,0.00565226274459888,0.00331853956284328,0.00185587546164689,0.000990929828066395,0.000511141559874934,0.000266819784899711,0.00015795729395352
"14",0.0431284107183293,0.0419768350230809,0.0465159508476107,0.0533411280919149,0.0606020812061359,0.067636223832612,0.0737650599703579,0.0781877780057595,0.080152394684469,0.0791403340167203,0.0750184210495855,0.0680971955450177,0.0590790468861245,0.0489135125768549,0.0386033581286921,0.0290181866521372,0.0207650724937294,0.0141413101759532,0.00916446857489501,0.00565261858866482,0.00332030823227264,0.00186256097774397,0.00101159606116157,0.000558757676429343,0.000347389983746928
"15",0.0318771789376207,0.031572869077385,0.035964289296303,0.0425884149090411,0.0501239192069969,0.0580622704878236,0.065801450794597,0.0725493690590756,0.0774475547079035,0.0797349219843292,0.0789206217535363,0.0749099077298813,0.0680466567696582,0.0590567545985388,0.0489041653837131,0.0385996241996887,0.0290167780374387,0.0207646351723719,0.0141414600275127,0.00916565091061699,0.00565719181202172,0.00333638883601654,0.00191032282617891,0.0011179813416753,0.000729622140074085
"16",0.0230221304077427,0.0232033751149147,0.0271512793011875,0.0331555332502156,0.040338849795729,0.0483747074024396,0.0568125310345805,0.0649804860792569,0.0720531564939143,0.0771695433322668,0.0795894983892884,0.0788492159610027,0.0748768403032911,0.068032154136635,0.0590507115366016,0.0489017784406277,0.0385987790714104,0.0290167046264559,0.0207654560327854,0.0141446914722025,0.00917688063223873,0.00569420532636058,0.00344175902142815,0.00213684788084501,0.00146288495657854
"17",0.0162594631045448,0.0166746393960368,0.0200301267952934,0.0251881949712547,0.0316171195337721,0.0391602928437282,0.047541865199182,0.0562700949444755,0.0646550235798907,0.0718720119688427,0.0770753668114934,0.079543524565959,0.0788280471959746,0.0748676113131547,0.0680283417480072,0.0590492567256436,0.0489014182290273,0.0385993141560851,0.0290191455247109,0.0207736533607962,0.0141710501814254,0.00925840052006253,0.0059160074927248,0.00390112804165061,0.00279890179626256
"18",0.0112368867544219,0.0117251947694425,0.0144496635788905,0.0186880574223894,0.0241585938635992,0.0308400166113744,0.0386172468247259,0.0471913001538634,0.0560613813683764,0.0645396843193241,0.071812451236284,0.0770464833123803,0.0795303158940443,0.0788223387630783,0.0748653093665543,0.0680276040651262,0.0590495346486249,0.0489033299674092,0.0386057189383102,0.0290388933236118,0.0208328347335606,0.0143427205814915,0.0097035898971872,0.00680252693879324,0.00510832266713525
"19",0.00760348424042631,0.0080723739299996,0.010199913731689,0.0135517203570673,0.0180133967661708,0.0236569169909351,0.0304934008925299,0.0383955250676421,0.0470603632388575,0.0559895714295146,0.0645028752827334,0.0717947376776804,0.0770384610970455,0.0795269258600203,0.0788211274456412,0.0748653606712884,0.068029206649729,0.0590548655165962,0.0489191852255952,0.0386511511404666,0.0291659292363022,0.0211781582758365,0.0151940510617943,0.0113303244654201,0.00889097374901757
"20",0.00503991633981828,0.00544415349968665,0.00704948664688119,0.00961169138475488,0.0131187187109039,0.0176961688028156,0.0234402386537306,0.030356081518109,0.0383151079998465,0.0470166141986557,0.0559673375106427,0.0644923031187997,0.0717900889375207,0.07703674629275,0.0795268889952086,0.0788228060094634,0.0748704855877245,0.0680432185212825,0.0590926239227063,0.0490193069303822,0.0389117313337345,0.0298286608049714,0.0227274924119926,0.0180290990785826,0.0147530327890351
"21",0.00327390205666704,0.00359839223082599,0.0047727541313927,0.00667207682109019,0.00933940734189279,0.0129221724392918,0.0175634634147162,0.0233569352265203,0.0303077373177092,0.0382890825031324,0.0470036269010455,0.0559614863776709,0.0644903048845564,0.0717904994792713,0.0770395347383997,0.0795336671283299,0.0788383137279223,0.0749068778757818,0.0681307962437566,0.0593047791659409,0.0495300027383936,0.0401233059549425,0.0325075329604671,0.0274122243801807,0.023331123960101
"22",0.00208496126758512,0.00233188964716644,0.00316687055508395,0.00453551390804623,0.0065042947440576,0.00922010124352135,0.012842603468493,0.0175141012794545,0.023328761081558,0.0302931354798132,0.0382826909016694,0.0470023378232128,0.0559640684107693,0.0644971384830816,0.0718037587102336,0.0770642965184253,0.0795810555802275,0.0789333352022903,0.0751067347801645,0.068564920868479,0.0602607897395151,0.0516346124445582,0.044511095548686,0.0398257213824138,0.0351452109314933
"23",0.00130211192418786,0.0014820959058255,0.00206025269361496,0.00302082850289024,0.00443438393983019,0.00643370010279087,0.00917403938617076,0.0128151587023777,0.0175001176726423,0.0233243271659294,0.0302961546654429,0.0382930501678309,0.0470219719950379,0.0559972581899775,0.0645513863005396,0.0718919592050506,0.0772099642242725,0.0798307201255343,0.0793846005907681,0.0759671142958742,0.0702710109427554,0.0637171791781555,0.0584036046024173,0.0552551388464784,0.0503618706736043
"24",0.000797934450098696,0.000924490861778071,0.00131517755033908,0.00197322809048913,0.00296295771703645,0.00439662131611956,0.00641284778665255,0.00916770923793148,0.0128222815870327,0.0175214409945869,0.0233630921892449,0.0303586473974879,0.0383891650337701,0.0471659499167881,0.0562088717928543,0.0648584645051902,0.0723367652576292,0.0778653898986738,0.0808381915921286,0.0810331050933365,0.0788473293168832,0.0755724610800099,0.0734226411865039,0.0730286817292328,0.0684165544182011
"25",0.000485414124978908,0.000572733177944652,0.000833916108939148,0.00128002929972348,0.00196543240712079,0.00298147649193812,0.00444610643029822,0.00650105321946371,0.00930623060332776,0.0130272050854499,0.0178138796479734,0.0237692144895318,0.0309090088493947,0.0391171881232064,0.0481057280563142,0.0573936332248547,0.0663237097318702,0.0741371651874247,0.0801221822809189,0.0838413614701098,0.0854349035842121,0.0860190384539302,0.0877937887510557,0.0908796657579366,0.0869399354420811
