"","X0","X1","X2","X3","X4","X5","X6","X7","X8","X9","X10","X11","X12","X13","X14","X15","X16","X17","X18","X19","X20","X21","X22","X23","X24"
"1",0.226908732272201,0.18398770880981,0.181323397341316,0.144593121337768,0.105626857303692,0.0699360355638731,0.042184617920795,0.023389684305924,0.0120068535011696,0.00573803508579799,0.00256416076952233,0.0010754122002346,0.000424593490914814,0.000158195310998656,5.57211817388585e-05,1.85771401099468e-05,5.86628405629707e-06,1.75498782061102e-06,4.97350136434274e-07,1.33464270320274e-07,3.38951061587271e-08,8.14089249184432e-09,1.84782675227467e-09,3.96423120015574e-10,9.76020502492519e-11
"2",0.226082107941724,0.183437565703159,0.180952809121963,0.14452687946272,0.105808754619102,0.0702632031174918,0.0425485350049299,0.0237122417564452,0.0122519708134054,0.00590311547199463,0.00266452766510646,0.00113114371798293,0.000453080968366292,0.000171675700817872,6.16512752100328e-05,2.10099225742272e-05,6.79927159458191e-06,2.09009311453727e-06,6.10233020722844e-07,1.69164219189671e-07,4.45027659153271e-08,1.11036405305838e-08,2.6260381481442e-09,5.89008161031022e-10,1.53606710983994e-10
"3",0.22309047521598,0.181429599190773,0.179575544334124,0.144240383765814,0.106426148419714,0.0714260961485683,0.0438687050283018,0.0249020700730271,0.0131711263980021,0.00653288403569309,0.00305451407644443,0.00135199969473294,0.000568378064233105,0.000227476539919973,8.67928673997918e-05,3.15888934094586e-05,1.09663979193748e-05,3.62956397972521e-06,1.14437381461868e-06,3.43402568942155e-07,9.79792138889979e-08,2.65539226144809e-08,6.83049576777621e-09,1.66904229967953e-09,4.82905831939557e-10
"4",0.21669856721718,0.177079969014665,0.176504959097528,0.143459471521703,0.107593156394148,0.0738260970925557,0.0466916425365945,0.0275190313489925,0.01524888582191,0.00799750448628381,0.00398917651385447,0.00189850632204913,0.000863515186146661,0.000375518699936477,0.000156049479671929,6.18983414173264e-05,2.34040087621504e-05,8.42355620422201e-06,2.88230532763012e-06,9.3655930607666e-07,2.88707231740986e-07,8.43611209561426e-08,2.33557765085451e-08,6.13673205220039e-09,1.934903018377e-09
"5",0.205976835422836,0.169650285325774,0.171061885044084,0.141753815820098,0.109178926299339,0.0776246415036137,0.0513997966381357,0.0320601440518425,0.0189927906368232,0.0107403269425199,0.0058115518761789,0.00301012434043861,0.00149100762785918,0.000705107450495834,0.000317760779915874,0.000136225856840767,5.54754934734453e-05,2.14353582988989e-05,7.85190331019411e-06,2.72491405400643e-06,8.95459667768859e-07,2.78537047668273e-07,8.20139176565989e-08,2.2919115850368e-08,7.78431798877506e-09
"6",0.19098066678057,0.159018112253315,0.162912210466732,0.138620279264015,0.110659976114915,0.082440359941874,0.0578540545144799,0.0386344944190723,0.0246905928177208,0.0151281419039914,0.0088798757433983,0.00498295350645233,0.00266648686833513,0.00135754579230011,0.000656318559032482,0.00030089847335291,0.000130695789408111,5.37498149819871e-05,2.09220305121729e-05,7.70621574728734e-06,2.68546816724532e-06,8.85313289221497e-07,2.76224448575742e-07,8.18563947095634e-08,2.98674929691423e-08
"7",0.172409310692345,0.1454947249914,0.152006564967901,0.133567788127327,0.111276624495971,0.0874960477167676,0.0654817705430637,0.046987708361717,0.0323968546857842,0.0214311965846804,0.0135607563672245,0.00818044189786083,0.00469123751355703,0.00255203721206842,0.00131506250156846,0.000641325313071725,0.000295848850874136,0.000129069043041878,5.32480793244463e-05,2.07739299357627e-05,7.66446349612175e-06,2.67440691796872e-06,8.83259956755236e-07,2.77348543053003e-07,1.08645601194185e-07
"8",0.151328039273108,0.129694355795118,0.138576224547724,0.126259696708766,0.110245788747237,0.0918080725327414,0.0733764975022374,0.056498143534879,0.041856809670896,0.0297237110118728,0.0201465763789682,0.0129863895949538,0.00793971569034438,0.00459602427330293,0.00251628827212688,0.00130226112085534,0.000636939533734263,0.000294409157588414,0.000128616271910692,5.31118647358303e-05,2.07349362720621e-05,7.65452327751484e-06,2.67496115821541e-06,8.89890760845334e-07,3.74205431239286e-07
"9",0.129083506114125,0.112517110832216,0.123191657665263,0.116658852573233,0.106952146955416,0.0943583089457859,0.0803898215424541,0.0661607342425839,0.0523972146223253,0.039726901365783,0.0287014419202505,0.0196892298193316,0.0127942310553354,0.00786338708405492,0.00456719938082778,0.00250589533838413,0.00129867439462993,0.000635753791820438,0.000294033932285869,0.000128502901990702,5.30797381070026e-05,2.07289829732518e-05,7.66489803056115e-06,2.70203326068864e-06,1.21986953185079e-06
"10",0.107016814124693,0.0949627314816139,0.106659135313976,0.105072257700851,0.101130252800364,0.0943573792748152,0.0853904462660946,0.0747636219321299,0.0629814779596114,0.0507531600184922,0.0389402607038341,0.0283502164163027,0.0195418221129698,0.0127357052023329,0.00784128859486642,0.00455923365806746,0.00250314840880888,0.00129776782179696,0.000635467776102906,0.000293948185644459,0.000128480450826997,5.30842062727182e-05,2.07729317813562e-05,7.76295399072864e-06,3.76370375991257e-06
"11",0.0862789899123377,0.0779803461267336,0.0898895603478632,0.0921001067112687,0.0929271631860049,0.0914216015752412,0.0875105953768781,0.0811282899395338,0.0723708018501019,0.0617508075951209,0.0501669769057778,0.0386795421126579,0.028241163959296,0.0194986617852898,0.0127194611958573,0.00783545426357145,0.0045572302856364,0.0025024906763553,0.00129756180258959,0.000635407671965839,0.000293938897995383,0.000128515075220212,5.32381399585046e-05,2.1103404730114e-05,1.09912020136299e-05
"12",0.0677000587593291,0.062336609345416,0.0737449859924467,0.078508980106784,0.0828534489004591,0.0856422621172785,0.0863346440294688,0.0843700807133247,0.0793778664785326,0.071476223996478,0.0613271057202069,0.0499794869663953,0.0386014910844273,0.0282104129394588,0.0194871397010792,0.0127153415990001,0.0078340465003053,0.00455677067942936,0.00250234836983401,0.00129752500963319,0.000635424388415661,0.000294066648908242,0.000129012017742848,5.42855753018119e-05,3.03823603437968e-05
"13",0.0517461297687565,0.0485432388897031,0.0589174363133458,0.0650813379009955,0.0716495141343947,0.0775283322045351,0.0819620508182392,0.0840830111531621,0.0831254136874746,0.0787466434574617,0.0711794410792513,0.0611967139843914,0.0499255892191628,0.038580406114416,0.0282025684128423,0.0194843547499157,0.0127143967456975,0.00783374090092885,0.00455667992405171,0.00250234092199548,0.0012976124721615,0.000635835163881382,0.000295575327434918,0.000132141086285219,7.94955695147886e-05
"14",0.0385659617237117,0.0368576108811152,0.0458721004914707,0.0524902754353838,0.0601185081211029,0.067852209174373,0.0749308045316064,0.0803871973084216,0.083219779841225,0.0826911305577883,0.0785440424420125,0.0710911179399223,0.0611604923413607,0.0499115328172353,0.0385752191331452,0.0282007421608729,0.0194837408529468,0.0127142025850677,0.00783369549460129,0.00455673170400208,0.00250263681492564,0.00129884459423333,0.000640159911495341,0.000304389116861402,0.000196874025118163
"15",0.0280547832228027,0.027311739662897,0.0348349093507807,0.0412214987681908,0.0489849286477532,0.0574737910312987,0.066060962437083,0.0738542817717961,0.0798019072837749,0.0829275889683497,0.0825558341011027,0.078485498856445,0.0710672906101126,0.0611513175850367,0.0499081742672573,0.038574046752226,0.0282003537436671,0.0194836293251402,0.0127142184295085,0.00783390912680894,0.00455763256981404,0.00250612946589268,0.00131056074456727,0.000663566613969249,0.000461446663724102
"16",0.0199384956406261,0.0197692088093105,0.0258239238377845,0.0315493083047726,0.0388021533157156,0.0471842832788892,0.0562658603415254,0.0653411238320975,0.0734659614377056,0.0796094641038354,0.082839104234202,0.0825178111554925,0.0784701316168654,0.0710614157635554,0.0611491831741075,0.0499074368846555,0.0385738134143941,0.0282003235954751,0.0194837856299788,0.012714903083158,0.00783649189983263,0.00456701413799893,0.00253613037251488,0.00136915333540318,0.00102351880010255
"17",0.0138551034777239,0.0139893718193856,0.0187038751325211,0.0235552753859039,0.0299163745322756,0.0376030047317382,0.0463874380543675,0.0557949781435768,0.0650890799603915,0.0733419678052269,0.079552852455857,0.0828149457357872,0.0825081152206439,0.0784664514133879,0.0710600901980985,0.0611487367770818,0.0499073291487766,0.0385739260252274,0.0282008781922215,0.0194858063442992,0.0127219314090618,0.00786038206626909,0.00463961880480727,0.00267433124592209,0.00214813591944688
"18",0.00941957568843613,0.00968427163292879,0.0132453293111113,0.017171607505566,0.022476871672759,0.0291350873711079,0.0370888644585231,0.0460862986136822,0.0556351493961873,0.0650110954356022,0.0733066518588819,0.0795379066367272,0.0828089994873705,0.0825058811532496,0.0784656636379659,0.0710598602892631,0.0611487985668061,0.049907819369171,0.0385756323438947,0.0282065201162687,0.019503982359299,0.0127795993317953,0.008026398776449,0.0049466066534163,0.00426552833353682
"19",0.00626886092105422,0.00656218472302799,0.0091770080243792,0.0122325368214299,0.0164744779943288,0.021978649240462,0.0288104742014584,0.036900486350582,0.0459872177221025,0.0555872392784198,0.0649895987121508,0.0732976446650427,0.0795343672449667,0.0828077032504549,0.0825054793553743,0.078465689191676,0.0710603519557624,0.0611504308226722,0.049912786781717,0.0385906493873936,0.0282512130305575,0.0196358908709009,0.013138082279855,0.00866811658313725,0.00801286059109299
"20",0.004085841903014,0.00435474900329752,0.00622440675819737,0.00852164752361553,0.0117912598789493,0.0161633866380418,0.021777989705435,0.0286951260031724,0.0368403845357648,0.045958434656971,0.0555744624097763,0.0649843265920752,0.0732956524420664,0.0795337690399033,0.0828077962878888,0.0825062196128631,0.078467694570092,0.0710656147091608,0.0611644993667035,0.049951149988037,0.0386952628809035,0.0285369844006848,0.0203661961464036,0.014398866430818,0.0142382785161639
"21",0.00260903587484592,0.00283139329184679,0.00413495696134449,0.00580911721334126,0.00824806027928626,0.0116010015632967,0.0160418984689524,0.0217088225936526,0.0286594457494674,0.0368235029078368,0.0459511041593201,0.0555716510371366,0.064983641564521,0.0732961946272108,0.0795355263561152,0.082811542342179,0.0825140489918362,0.0784848122085211,0.071104982793562,0.0612592687736594,0.0501846810890898,0.0392811088401701,0.0299381726468907,0.0226892493272457,0.0239267803386705
"22",0.00163276552319136,0.00180433856610815,0.00269156806237873,0.00387717983369556,0.00564295661425878,0.008134092137028,0.0115289931410008,0.0160013704162568,0.0216882749934114,0.0286501332870294,0.0368201059076367,0.0459509701525241,0.0555739122707149,0.0649886724285083,0.0733055005306069,0.0795521600886194,0.0828414751035624,0.0825697583259424,0.0785939823329859,0.0713324400048796,0.0617569578455182,0.0513187421086842,0.0418044431720926,0.0339361727239342,0.0380030344294303
"23",0.00100164896277247,0.00112731205745499,0.0017173554201672,0.002534866873691,0.00377845025567713,0.00557634846246158,0.00809277884509206,0.0115066184656339,0.0159913355606849,0.0216859391841751,0.0286532528282048,0.0368285348096303,0.0459664032065308,0.0555999463909895,0.0650312641883997,0.0733740094737977,0.0796617183896476,0.0830187974699271,0.0828670971517395,0.0791236695848343,0.0723427385353232,0.0638186809604314,0.0555544692951205,0.0481800931927139,0.0569666704348985
"24",0.000602642650666399,0.000690918044950861,0.00107481821550357,0.00162481116820631,0.00247879131398394,0.00374272948646183,0.00555721433751877,0.00808746653662528,0.0115129639430364,0.0160092640562455,0.0217180538024165,0.0287051344581262,0.0369091810259051,0.0460888845735942,0.0557822030611104,0.0652971292108214,0.0737554004006351,0.0802051706659768,0.0838036022217504,0.0840533163420479,0.0810576984203854,0.0758130477729596,0.0703395859874656,0.0648057129827666,0.080284259320839
"25",0.000359657944424936,0.000420260519955278,0.000667749771013186,0.00103370517447836,0.00161353368507349,0.00249154887094134,0.00378322132377347,0.00563231357490603,0.00820746824599234,0.0116929453136821,0.0162697824367539,0.0220853421447277,0.0292107523429633,0.0375887787635502,0.0469796337659854,0.0569188723735157,0.0667084496262575,0.0754662721049209,0.0822567025851129,0.0863175148654116,0.0873758344277694,0.0860964259358689,0.0843747806359058,0.0816418841518471,0.104806569415168
