"","X0","X1","X2","X3","X4","X5","X6","X7","X8","X9","X10","X11","X12","X13","X14","X15","X16","X17","X18","X19","X20","X21","X22","X23"
"1",0.19034604651063,0.131614975007461,0.135364873449959,0.133715218035148,0.120512142939482,0.097389475128071,0.0719750356536568,0.0490901627018272,0.0310931770786442,0.0184118616190805,0.0102415925346977,0.00537294109659359,0.00266648748430207,0.00125462023196672,0.000560492786513061,0.000237933608647939,9.59950648757405e-05,3.67962936892963e-05,1.33901807972763e-05,4.62107957002637e-06,1.51147200797866e-06,4.70251976501481e-07,1.38713437874165e-07,4.1076962891934e-08
"2",0.157361491358935,0.113482680214164,0.122056523424663,0.127471535918721,0.122318562641351,0.106169732809227,0.0846029272776977,0.0622916806879209,0.042566023794458,0.0271314942452684,0.0161978390310057,0.00909269817035719,0.00481544173555881,0.00241267455739411,0.00114605071767381,0.000516848656292207,0.00022145380180343,9.01555890739617e-05,3.48564554342023e-05,1.27882261440011e-05,4.45128133898732e-06,1.47739851338023e-06,4.65194022726071e-07,1.4681297839711e-07
"3",0.117375880325697,0.090105213894351,0.103173418645525,0.116052368460739,0.120648614201653,0.114206055332575,0.0993229613941453,0.0796496991663496,0.0590707664547815,0.0406755583121699,0.0261074277338658,0.0156824431761827,0.00885016269496641,0.00470850820860824,0.0023684931472224,0.0011289610881685,0.000510670787187631,0.000219372231747399,8.95026757353149e-05,3.46717758352504e-05,1.27584195090868e-05,4.4895244403079e-06,1.50025219846585e-06,5.02096342644248e-07
"4",0.0796489075003196,0.0660930930893072,0.0813806464203104,0.0993806123153975,0.112616307890589,0.116695232531447,0.11101184298182,0.0970982158009912,0.07823601598104,0.0582587886825126,0.0402435016136045,0.0258937145250558,0.0155835891849797,0.00880736166783563,0.00469117435422737,0.00236193972304636,0.00112665668594037,0.000509924688102701,0.000219148949850376,8.94606439645642e-05,3.47310597346288e-05,1.29327157173973e-05,4.57821111136711e-06,1.62278309375005e-06
"5",0.0496250477023003,0.0449592049874865,0.0597448159169394,0.0792689225403681,0.0978946690166735,0.110940934767764,0.115395922814443,0.110144664533416,0.0965573915123786,0.0779305202630607,0.0580979064287181,0.0401646470417296,0.0258575352025413,0.0155680492857094,0.00880112066018377,0.00468883729094274,0.0023611339751344,0.00112641855788938,0.000509861323723951,0.000219197539399428,8.96986195512868e-05,3.53081642627299e-05,1.32278830634869e-05,4.96397231901656e-06
"6",0.028657084676626,0.0284899066550789,0.0408331471005597,0.0586704998906087,0.0787053059748938,0.0972675292997189,0.110474644002071,0.115103643125385,0.109966590656192,0.0964588754651564,0.0778791435352394,0.0580729228542532,0.04015325401049,0.0258526682446487,0.0155661050210908,0.00880039967078672,0.00468861337070825,0.00236112893240009,0.00112644304447904,0.00051007082006883,0.000219927409982754,9.14538634520414e-05,3.62410340589452e-05,1.44013420487804e-05
"7",0.0154663962899709,0.0168930695162406,0.0260420439583253,0.0403222614612818,0.0584788407062281,0.0784935982052475,0.0971160723362368,0.110388849039735,0.115053253496867,0.109939638338815,0.0964449979104392,0.0778724597655467,0.0580698948323339,0.0401519674793645,0.0258521570954643,0.0155659256973136,0.00880041110277009,0.00468880700537756,0.00236127149635405,0.00112706838884375,0.000512121951093314,0.000224915699415233,9.42774130096535e-05,3.97008137244394e-05
"8",0.00785171964287754,0.00940856378193616,0.0155484608892861,0.025811572530953,0.0402622603535358,0.0584127411179955,0.0784472714836228,0.097093785523794,0.110376584923176,0.115047104145701,0.109936538564009,0.0964435275163108,0.0778717999326938,0.0580696168936919,0.0401518591795481,0.025852145770357,0.0155661167374401,0.00880097914871682,0.00468924444618464,0.00236299079860755,0.00113244330316215,0.000525408174070564,0.000233110216249991,0.000104154926077864
"9",0.00376640663490489,0.00493667610269265,0.0087185631966041,0.0154490833122258,0.0257936472743197,0.0402425274099231,0.0583986035477323,0.0784418844615035,0.0970911455527677,0.110375428715267,0.115046545289889,0.109936281233703,0.096443414474778,0.0778717547030159,0.0580696055716485,0.0401519319486911,0.0258526595325967,0.0155675556892824,0.00880222478964092,0.00469371930987481,0.00237616744178067,0.00116566822466387,0.000548197509159654,0.000260308073332907
"10",0.0017120732345966,0.00244576392336728,0.00460411347994452,0.00867752212036832,0.0154437802110508,0.0257878416233531,0.0402380214769445,0.0583972680180786,0.0784413329658746,0.0970909616196336,0.110375347552329,0.115046510705847,0.109936268555117,0.0964434166254502,0.0778717798008778,0.0580698158698116,0.0401531662247921,0.025856088414923,0.0155709705984095,0.00881332792748575,0.00472401677518155,0.0024543313490716,0.00122628777373691,0.000619993153753054
"11",0.000738603220137464,0.00114593471799672,0.0022948121887179,0.00458790192433767,0.00867594106602665,0.0154420845738035,0.0257863548575032,0.0402376550422299,0.0583971405259368,0.078441305470744,0.0970909519675152,0.110375345929459,0.115046517666967,0.109936297516353,0.0964435127016024,0.0778723308744675,0.0580726446291845,0.0401609509431817,0.0258651287626423,0.0155973708206334,0.00887890822686476,0.0048974458284233,0.00260812960327213,0.00140673094199838
"12",0.000302567006116702,0.00050830872721154,0.00108135862067195,0.00228870342010815,0.00458743160582202,0.00867545715104873,0.0154415996391245,0.0257862465562587,0.0402376213823297,0.0583971362521371,0.0784413059531933,0.0970909591363291,0.110375374249268,0.115046614965523,0.10993660881122,0.0964449280570184,0.0778785953494001,0.0580896195698452,0.0401840160022626,0.0259255436731357,0.0157317263235462,0.00924298217801048,0.00526834758433587,0.00303694778608174
"13",0.000117671791325028,0.00021357294992606,0.000482283071908415,0.0010791678947083,0.00228856707518377,0.00458729943138049,0.00867530684808193,0.0154415676634838,0.0257862373584523,0.0402376215823902,0.0583971416570027,0.0784413295186349,0.0970910467674251,0.11037566925711,0.11504754210942,0.109940162009641,0.096458444749306,0.0779144185079648,0.0581460815685569,0.0403174159085212,0.0261879936850554,0.0164575875993011,0.0100900172070879,0.00622585378813007
"14",4.34161526466362e-05,8.50008652477351e-05,0.000203701261700735,0.000481536379180772,0.00107913022509989,0.00228853302939413,0.00458725608423441,0.0086752979268855,0.0154415656713864,0.0257862404780009,0.0402376378659151,0.0583972094766464,0.0784415776054445,0.0970918693499156,0.110378212626159,0.115056167969214,0.109968703273714,0.0965320191998391,0.0780462419846168,0.0584302459709467,0.0408105201243423,0.0275679661733769,0.0182823556689223,0.0120875946371687
"15",1.51793997377179e-05,3.20300790313946e-05,8.14818027931696e-05,0.000203459520088815,0.000481526623070379,0.00107912203327698,0.00228852153515382,0.00458725395043264,0.00867529883046971,0.0154415747020629,0.0257862842089019,0.0402378168812011,0.0583978549521428,0.0784436878580184,0.0970982945200423,0.110398216441899,0.11511506773769,0.110115963010988,0.0968236388941919,0.0786283669967995,0.0593287957420236,0.0433212095246494,0.0312624259514897,0.0221569288038438
"16",5.02116841235156e-06,1.1417089287092e-05,3.08532207097132e-05,8.14075067286002e-05,0.000203457179040755,0.000481524800380522,0.00107911930448531,0.00228852156397516,0.00458725783451458,0.00867532169304791,0.0154416825882363,0.0257867186897176,0.0402393613962354,0.0584028365914577,0.0784586334237753,0.0971421269137181,0.11051618159887,0.11540120712644,0.110723380168027,0.0979640593760899,0.0802245106561603,0.0637094958563378,0.0503262315208672,0.0382196727334832
"17",1.56841375433717e-06,3.84448315248107e-06,1.10486842006102e-05,3.08315716902877e-05,8.14069933895191e-05,0.000203456827513165,0.00048152438737359,0.00107912071571215,0.00228853135198773,0.00458731133984174,0.00867556765962262,0.0154426550796049,0.0257901239458266,0.0402501945657361,0.0584348631173704,0.0785486436015154,0.0973690954363146,0.111051726025274,0.116585987472026,0.112845369205562,0.100726639264687,0.0875533867292752,0.0761092554810612,0.0618478476475058
"18",4.61555691373029e-07,1.22082926993965e-06,3.73681142867331e-06,1.10427198639069e-05,3.08314842847681e-05,8.14070202272438e-05,0.000203457327242185,0.000481528311691057,0.00107914370306933,0.00228864956952599,0.00458783549857735,0.00867759055478822,0.0154496095351481,0.0258119040343597,0.0403135697417729,0.0586073204847178,0.0789640681809296,0.0983258043497218,0.113207107001262,0.120311278611187,0.117475185287954,0.112450314346037,0.107988392999785,0.0936485400414639
"19",1.27628251228226e-07,3.64831107156459e-07,1.19153926649417e-06,3.73527759132744e-06,1.10427822787796e-05,3.08318727607057e-05,8.14090414133599e-05,0.000203467984654052,0.000481582467464963,0.0010793984145687,0.00228971770289912,0.0045918108739276,0.00869090615689742,0.0154904515713188,0.025928452927208,0.0406220433687992,0.059326318042474,0.0805838003084854,0.101976053621978,0.11934629822939,0.127753298639983,0.135320492660295,0.143732042137482,0.132455161919504
"20",3.3062862338158e-08,1.02349959134287e-07,3.57452689829548e-07,1.19123740197043e-06,3.73562821770025e-06,1.10443571862869e-05,3.0838802440927e-05,8.14395599460947e-05,0.00020360097850359,0.000482138644517425,0.00108154971166713,0.00229729704785296,0.00461621855675678,0.00876351006627907,0.0156921473304521,0.0264471571635044,0.0417990507068775,0.0619188313101399,0.0863447912398234,0.111451111774419,0.13071432926887,0.153452948714597,0.179711178158916,0.174895396876117
"21",7.99979420715768e-09,2.68896709488156e-08,1.00687400267646e-07,3.57666945532528e-07,1.19257776069781e-06,3.74126001748594e-06,1.10670038159473e-05,3.09273540716578e-05,8.1778161970999e-05,0.000204855514060137,0.00048654340379373,0.00109597886362638,0.0023412610340004,0.00474133970646922,0.00909811492474502,0.0165231750546174,0.0282826077695956,0.0457352257804076,0.0704313679903189,0.10005479865029,0.127848788722153,0.165540137624272,0.211734653107911,0.215751952252291
"22",1.80947842915943e-09,6.63337618467557e-09,2.67439894694239e-08,1.01711694601881e-07,3.62147199514126e-07,1.21056642178924e-06,3.80943424532501e-06,1.13135492484057e-05,3.17850410914098e-05,8.46514493425654e-05,0.000214045412145223,0.000514348701468253,0.00117526205639012,0.00255451177838388,0.00528377509077982,0.0103873856436473,0.0192807239877233,0.0339955565247238,0.0576018242034093,0.0891053211869145,0.122322810004917,0.172055190993369,0.23618256465129,0.24919341067875
"23",4.09095952904257e-10,1.6552407037067e-09,7.2622419567399e-09,2.9876214059192e-08,1.14704482242414e-07,4.12349297312594e-07,1.39263038825359e-06,4.43359389494461e-06,1.33493177237134e-05,3.81247089767464e-05,0.00010346813816497,0.000267083492925992,0.000656045739426098,0.0015341940839338,0.00341753374010896,0.00723362194374936,0.0144009518377121,0.0272469783372788,0.0497040718203154,0.0816381400932254,0.11751970946349,0.174701024687406,0.250960037965819,0.270559272148888
"24",1.60440957626502e-10,7.06652782763643e-10,3.3268536393273e-09,1.45863921679688e-08,5.94160941875949e-08,2.257393801819e-07,8.03227228304668e-07,2.68795643673504e-06,8.49421239202772e-06,2.54330086912105e-05,7.22776569974635e-05,0.000195058004428089,0.000500003466853476,0.00121798783009926,0.00282123026416792,0.0061942333209676,0.0127393322680921,0.0248672301822232,0.0468070832422768,0.0787386095179058,0.115432026713349,0.175354580860177,0.256360110331302,0.278662514000597
