"","X0","X1","X2","X3","X4","X5","X6","X7","X8","X9","X10","X11","X12","X13","X14","X15","X16","X17","X18","X19","X20","X21","X22","X23"
"1",0.096085148796841,0.172789033786246,0.20795940452054,0.193301288374369,0.144302799690008,0.0919819556380843,0.0510391867740845,0.0251018503219137,0.0110085960817596,0.00430636591010349,0.00149870189938792,0.000462132601101488,0.000125778069741525,3.00988681347723e-05,6.30305437317232e-06,1.14797838284052e-06,1.80397827796675e-07,2.42151130561164e-08,2.74259561348891e-09,2.58245879626286e-10,1.98621642159581e-11,1.22168750345137e-12,5.85763038880349e-14,2.17675271946092e-15
"2",0.0697106321339774,0.132838742046448,0.175043585092956,0.183214787904935,0.158399178621955,0.118560811926254,0.0777031616458575,0.0449410619949849,0.0229773595835755,0.0103845657526742,0.00414704740552482,0.00146225309431537,0.000454749372024927,0.000124505216452205,2.99204792138216e-05,6.28372729875349e-06,1.14645047119907e-06,1.80316624325531e-07,2.42125141227878e-08,2.74255111908264e-09,2.58245543597117e-10,1.98621642161027e-11,1.22168848026251e-12,6.07520796262403e-14
"3",0.0421642564846136,0.087403227040018,0.130774515986566,0.159775952978882,0.163948293534727,0.145342714917671,0.111891486773874,0.0751536336249707,0.0441811466292488,0.0227967598454131,0.0103494034535542,0.00414081009657791,0.00146118078347024,0.000454579587434346,0.0001244825514574,2.9918158986971e-05,6.2835588511246e-06,1.14644278115439e-06,1.80316446347906e-07,2.4212512778671e-08,2.74255111908771e-09,2.5824554362583e-10,1.98622189823967e-11,1.2823857598151e-12
"4",0.0214289287039158,0.049138439743529,0.0851701375419695,0.123303806798338,0.150910903573671,0.158241424235739,0.142552343471451,0.110887207515714,0.0748834845865977,0.0441270101659395,0.022789193050469,0.0103486043446954,0.00414072823587144,0.00146117145257807,0.000454578436280879,0.000124482439648158,2.99181513737098e-05,6.28355853973755e-06,1.14644277577792e-06,1.80316446347906e-07,2.42125127791238e-08,2.74255112165376e-09,2.58247620282609e-10,2.11425250665186e-11
"5",0.00923018674245947,0.0236156191142087,0.0477702942984425,0.0821669104275179,0.119879239143546,0.14878183711297,0.157220540088605,0.142192918182519,0.110794950490583,0.0748663042711879,0.0441250273210005,0.0227890589409412,0.0103485977036186,0.0041407281340943,0.0014611714489384,0.000454578436130561,0.00012448243964547,2.99181513737098e-05,6.28355853973755e-06,1.14644277577792e-06,1.80316446372104e-07,2.42125129162151e-08,2.74260792272937e-09,2.79333182983262e-10
"6",0.00339919361554531,0.0097362718806596,0.0229743649419352,0.0467573894823668,0.0810507811516779,0.119207733041109,0.148463040544606,0.157109149211,0.142165127810009,0.110789973370549,0.0748657998052857,0.0441250034115573,0.0227890578725187,0.0103485976987837,0.00414072813408981,0.0014611714489384,0.000454578436130561,0.00012448243964547,2.99181513737098e-05,6.28355853973766e-06,1.14644277664551e-06,1.80316451285852e-07,2.42136822461386e-08,3.0207659943436e-09
"7",0.00107645936266045,0.00346052844867488,0.00949073707457753,0.0226858750028251,0.0464513752396976,0.0808741259125682,0.119124267225479,0.148433903202158,0.157102013987914,0.14216388197946,0.110789860797905,0.0748657967526284,0.0441250032799885,0.022789057872283,0.0103485976987837,0.00414072813408981,0.0014611714489384,0.000454578436130561,0.00012448243964547,2.99181513737157e-05,6.28355856199389e-06,1.14644290262799e-06,1.80335147561706e-07,2.72156037200203e-08
"8",0.000293175095966052,0.0010637202339516,0.00338195484396008,0.00942159560339273,0.022616357763945,0.0464138247560846,0.0808564370730324,0.119118083342438,0.148432403471079,0.157101755203802,0.142163860312038,0.110789860544944,0.0748657967419198,0.0441250032799841,0.022789057872283,0.0103485976987837,0.00414072813408981,0.0014611714489384,0.000454578436130562,0.00012448243964568,2.99181518000946e-05,6.28356097331396e-06,1.1466809560756e-06,2.07309859925045e-07
"9",6.83729742366737e-05,0.000282778546927431,0.0010427572259971,0.00336811360614951,0.00940875725693842,0.0226102031857923,0.0464109412393119,0.0808554297382988,0.119117840178443,0.148432361625459,0.157101751822322,0.142163860300307,0.11078986054445,0.0748657967419198,0.0441250032799841,0.022789057872283,0.0103485976987837,0.00414072813408982,0.00146117144893841,0.000454578436135927,0.000124482445947172,2.99181873861082e-05,6.28602512287756e-06,1.35148477354784e-06
"10",1.35576327055061e-05,6.48254699980193e-05,0.000278207066807185,0.00104045428171145,0.00336620414705376,0.00940802253966472,0.0226098632453552,0.0464108232824142,0.0808554013839233,0.119117835293407,0.148432361234736,0.157101751822109,0.142163860300298,0.11078986054445,0.0748657967419198,0.0441250032799841,0.022789057872283,0.0103485976987837,0.00414072813409058,0.00146117144904188,0.000454578509911978,0.000124482861688324,2.99392848059438e-05,7.61592285509929e-06
"11",2.26056406061508e-06,1.27366314703559e-05,6.40326935739108e-05,0.000277889200808377,0.00104022311712761,0.00336614480036506,0.00940799581369152,0.0226098541377795,0.046410821111414,0.0808554010092923,0.119117835263457,0.148432361234736,0.157101751822109,0.142163860300298,0.11078986054445,0.0748657967419198,0.0441250032799841,0.0227890578722851,0.0103485976988081,0.00414072813565819,0.00146117214874575,0.000454582440739446,0.000124634430367418,3.73990068564054e-05
"12",3.11122228813431e-07,2.11964423361109e-06,1.26306041423577e-05,6.39965816315418e-05,0.000277865794064478,0.00104022020761523,0.00336614356733218,0.00940799541129938,0.022609854043847,0.0464108210951939,0.0808554010079947,0.119117835263457,0.148432361234736,0.157101751822109,0.142163860300298,0.110789860544451,0.0748657967419238,0.0441250032800432,0.0227890578728752,0.0103485977182356,0.00414073361433312,0.00146120279232696,0.00045550707451794,0.000161072661108114
"13",3.43197142074453e-08,2.92729064834823e-07,2.10909253497663e-06,1.2627328618994e-05,6.39945903439566e-05,0.000277865721442203,0.00104022018158525,0.00336614355986787,0.00940799540967773,0.022609854043567,0.0464108210951715,0.0808554010079947,0.119117835263457,0.148432361234736,0.157101751822111,0.142163860300319,0.110789860544614,0.0748657967434019,0.044125003291751,0.0227890580794673,0.010348633719967,0.00414093368938258,0.00146603929871182,0.000611506932494218
"14",2.90862578307463e-09,3.25117856219941e-08,2.91984473854064e-07,2.10887028760323e-06,1.26271956627893e-05,6.39945895931532e-05,0.000277865721305302,0.00104022018157032,0.00336614355986787,0.00940799540967773,0.022609854043567,0.0464108210951715,0.0808554010079951,0.119117835263465,0.148432361234825,0.157101751822841,0.142163860305185,0.110789860577076,0.0748657969448157,0.0441250052972458,0.0227892597210513,0.01034974272723,0.00416279737737499,0.00205436964930468
"15",1.78825667932686e-10,2.78067317620958e-09,3.24772165079359e-08,2.91974280075741e-07,2.1088641811682e-06,1.26271956590557e-05,6.39945895931532e-05,0.000277865721305302,0.00104022018157032,0.00336614355986787,0.00940799540967773,0.0226098540435672,0.0464108210951805,0.0808554010081689,0.11911783526545,0.148432361250741,0.157101751923293,0.142163860878017,0.110789863537436,0.0748658156460099,0.0441259852559925,0.0227945460808607,0.0104357135562721,0.00612490752615851
"16",7.35705480950497e-12,1.72828658837559e-10,2.7797483451238e-09,3.2476944498793e-08,2.91974116870256e-07,2.1088641811682e-06,1.26271956590557e-05,6.39945895931532e-05,0.000277865721305302,0.00104022018157032,0.00336614355986788,0.00940799540968103,0.0226098540437101,0.0464108210978747,0.080855401038288,0.119117835501815,0.148432362697858,0.157101759542813,0.142163896042518,0.110790028668059,0.0748700511571483,0.0441479642035703,0.0230902278292933,0.0162385152441967
"17",1.77517840301847e-13,7.1950938763515e-12,1.72818080140698e-10,2.77974523374237e-09,3.24769426319642e-08,2.91974116870256e-07,2.1088641811682e-06,1.26271956590557e-05,6.39945895931533e-05,0.000277865721305304,0.00104022018157062,0.00336614355990989,0.00940799541131678,0.0226098540733875,0.0464108214217751,0.080855403531607,0.119117850451707,0.148432437986624,0.157102084363527,0.142165183688151,0.110806828602391,0.0749510976386161,0.0450421604379917,0.0383349948696888
"18",1.86682885780566e-15,1.75651011444041e-13,7.1950938763515e-12,1.72818080140698e-10,2.77974523374237e-09,3.24769426319642e-08,2.91974116870256e-07,2.10886418116822e-06,1.26271956590583e-05,6.39945895932684e-05,0.000277865721311842,0.00104022018201069,0.0033661435743332,0.00940799565698381,0.0226098566683697,0.0464108409667507,0.0808555185357936,0.119118412543291,0.148434759829361,0.157110449563664,0.142227985664845,0.111076598471107,0.0773422525380205,0.0806420420237269
"19",0,1.86682885780566e-15,1.75651011444041e-13,7.1950938763515e-12,1.72818080140698e-10,2.77974523374237e-09,3.24769426319656e-08,2.919741168714e-07,2.10886418126793e-06,1.26271956630084e-05,6.39945897189429e-05,0.000277865725582214,0.00104022028828506,0.00336614519950144,0.00940801196128471,0.0226099757826673,0.0464115261894073,0.080858780643177,0.119131444580211,0.148479009677375,0.15733266435142,0.143049260496763,0.116765540260552,0.151190496783213
"20",0,0,1.86682885780566e-15,1.75651011444041e-13,7.1950938763515e-12,1.72818080140698e-10,2.77974523387042e-09,3.24769426624367e-08,2.91974119044115e-07,2.10886425921589e-06,1.26271975702479e-05,6.39946300094337e-05,0.000277866439531922,0.00104022950759676,0.00336623017668639,0.0094086032526441,0.022613264748354,0.0464267042661597,0.0809174538788873,0.119321981906125,0.149207424773403,0.159623977029685,0.155165057758047,0.252552148160041
"21",0,0,0,1.86682885780566e-15,1.75651011444041e-13,7.1950938763515e-12,1.72818084441996e-10,2.77974581704177e-09,3.24769753096151e-08,2.91975139564793e-07,2.10888548335595e-06,1.26275382182047e-05,6.39991358652709e-05,0.000277913949141305,0.00104061771733325,0.00336873748903535,0.00942183954811382,0.0226717300963117,0.0466437251560559,0.0815922619014039,0.121466058216284,0.155001371235121,0.182813178855491,0.375623502864089
"22",0,0,0,0,1.86682885780566e-15,1.75651011444041e-13,7.19516135323879e-12,1.7282535525966e-10,2.78008806860341e-09,3.24863621388641e-08,2.92147323166565e-07,2.11122706086935e-06,1.26528763306154e-05,6.42221745930971e-05,0.000279510011166217,0.00104999906157724,0.00341483507120278,0.00961350508629437,0.0233458881047931,0.0486352066766023,0.0871154328477209,0.134486587119289,0.194829148879942,0.497150573269455
"23",0,0,0,0,0,1.86682885780566e-15,1.76177674922072e-13,7.24701888074768e-12,1.75056955150787e-10,2.83636489313504e-09,3.3435810407093e-08,3.03848516968494e-07,2.22358952823147e-06,1.35268704978813e-05,6.98343652169423e-05,0.000309675080353437,0.00118734590463714,0.0039479780928644,0.0113736522239707,0.0282427393759673,0.0607955541869947,0.112467606924779,0.195240104682104,0.586349418399911
"24",0,0,0,0,0,0,3.93159897520269e-15,3.72191369652521e-13,1.53428422101199e-11,3.70577641576818e-10,5.98797430646412e-09,7.03088548622769e-08,6.36759742166592e-07,4.64425032523048e-06,2.80838810278716e-05,0.000143470985845252,0.000626306265865562,0.00234956445447661,0.00757917939240045,0.0209352736524602,0.0500396930413348,0.10184252687828,0.193124784795836,0.623325758959279
