"","X0","X1","X2","X3","X4","X5","X6","X7","X8","X9","X10","X11","X12","X13","X14","X15","X16","X17","X18","X19","X20","X21","X22","X23"
"1",0.24469870343419,0.170058162005612,0.118198604805786,0.0945037664605219,0.0793097200337992,0.0668311190364262,0.055507848804085,0.0449963305442267,0.0354526660129374,0.027107812409105,0.020107940698986,0.0144721605569623,0.0101100563889802,0.00685868735297466,0.00452104763071625,0.00289744062277649,0.00180662016946941,0.00109688858270849,0.000649243669786923,0.000375284565737783,0.000212505704688901,0.000118690389342232,6.7165031759711e-05,4.15350884190011e-05
"2",0.226263670430477,0.158980232396194,0.112990146492532,0.0927637703930245,0.0800147780858869,0.0693066644840211,0.059165932698292,0.0493031815178077,0.0399429330026531,0.0314126255157319,0.0239719213704586,0.0177530519551214,0.0127628565582965,0.0089107417015758,0.00604494395916561,0.00398689948267203,0.00255823130720349,0.00159840564620942,0.000973679188655958,0.000579318847392395,0.000337697880894297,0.000194103426984498,0.000112851940459231,7.13617182887719e-05
"3",0.20078463528059,0.143436344750238,0.10533207760324,0.0897686954169332,0.0803749173994623,0.0721897383804284,0.0638354393401704,0.0550631148472661,0.0461552473296698,0.0375416352483234,0.0296186679797865,0.0226672274116863,0.0168316953830101,0.0121318436080094,0.00849197955337887,0.0057760104780703,0.00382028805250972,0.00245938951660511,0.00154314920705394,0.000945507294942537,0.000567418519311323,0.000335488650917173,0.000200203877587387,0.000129284870808629
"4",0.17158174970252,0.125226504500135,0.0957704347375032,0.085313244999907,0.0797010328030702,0.0745133363169943,0.0684488021774693,0.0612517176827944,0.0532104193956593,0.0448172293687874,0.0365861954019629,0.0289496735314085,0.0222098755691289,0.0165273753553149,0.0119355087245064,0.00837007097304997,0.00570442113228857,0.0037822341437647,0.00244331921290809,0.00154085678478904,0.000951349364283581,0.000578081371422825,0.000353651435736056,0.000232915314593458
"5",0.141623538042073,0.106019448215385,0.0849004390445599,0.0793304366967682,0.0774665727126797,0.0754493102654253,0.0720246410223905,0.0668691111251756,0.0602000836327794,0.0524975939395737,0.0443354172665348,0.0362647316689322,0.0287393419272905,0.0220759605079975,0.0164456845617281,0.0118896389447626,0.00834927051591277,0.00570165843893244,0.00379243195670576,0.00246185275802138,0.00156378273148364,0.000976330213720908,0.000611972909411326,0.000410750901753276
"6",0.113162698123912,0.0871673041197118,0.0733332025033489,0.0719532261187659,0.0734296293628321,0.0744602704243484,0.0738208323158479,0.0710706789914319,0.0662798405542555,0.0598267925891738,0.052260616862455,0.0441866192274344,0.0361735618516603,0.0286864158660865,0.0220494279288477,0.0164388393736292,0.011899061738728,0.00837297958254612,0.00573726516767236,0.00383557636612816,0.0025075133926458,0.00160868944514934,0.00103284020670646,0.000706117886681024
"7",0.0876570653665119,0.0696481752462281,0.0616612621385815,0.0635062687643394,0.0676560689945701,0.0713529054650116,0.0734088607445031,0.0732477178893811,0.0707403175001628,0.0660837423225129,0.0597102201576687,0.0521928858080927,0.0441500489618231,0.0361585229857349,0.028688637994641,0.022068184190811,0.0164752516192787,0.0119539040264577,0.00844417485667291,0.00581780983257004,0.00391638035034335,0.00258219218562983,0.00169772571051564,0.00118167688795582
"8",0.0658732381021232,0.0540920371362761,0.0504236404298099,0.0544488679634587,0.0604697367040607,0.066254881707053,0.0706845978304821,0.0730672813786019,0.0730627333939531,0.0706370453656272,0.0660267719677784,0.0596814329462033,0.0521834555417196,0.0441571042368379,0.0361834155531406,0.0287355221316532,0.022142048976671,0.0165786573544086,0.0120830074581716,0.00858566758347212,0.00595425711340443,0.00403508445105869,0.00271592681624632,0.00192358785778641
"9",0.0480430005717888,0.0408310768958494,0.0400683056105127,0.0452946900329733,0.0523645280325172,0.0595470931753749,0.0658380810716727,0.0704839566938277,0.0729650100163176,0.0730095304264365,0.0706114781058336,0.0660196354313899,0.0596904990937118,0.0522115955289086,0.0442113166522409,0.036273405316417,0.0288707438075135,0.0223262862983302,0.0168034177627824,0.0123229660936011,0.00880822704992202,0.00613535683663394,0.00422590903684794,0.00304389045859398
"10",0.0340127636564014,0.0299513104362441,0.0309190346376309,0.0365302790943561,0.0439041098174767,0.0517720146517451,0.0592927594557291,0.0657227983467774,0.0704293089796278,0.0729401776151984,0.0730030311728598,0.070620882052924,0.0660486610270393,0.0597483903750185,0.0523126339273179,0.0443728123185729,0.0365106636407632,0.0291878661768671,0.0227052941165953,0.0171977204381398,0.012673984465545,0.00907275029995274,0.00639165884737646,0.00467909444983891
"11",0.0233785688175049,0.0213476598832142,0.0231583268736358,0.0285500026356641,0.0356283326718533,0.0435332309960524,0.0516205989123443,0.0592287496611648,0.0656961622515431,0.0704223435038547,0.0729488926250426,0.0730311381268555,0.0706789163968461,0.0661544534365915,0.0599267146488067,0.0525917389904482,0.0447756745910582,0.0370396515477562,0.0298073617317723,0.0233328968199916,0.0177324061712493,0.0130420221491757,0.00939154100043907,0.00698261555713361
"12",0.0156039586558013,0.0147829242848975,0.0168314390390443,0.0216178694239866,0.0279812295188585,0.0354023186285955,0.0434458457833673,0.0515875139818845,0.0592198943332766,0.0657034307229732,0.070448305641352,0.073004236989904,0.0731356499165455,0.0708629215318812,0.0664581017095893,0.0603937320658408,0.0532545593803678,0.0456306832008115,0.0380204528229549,0.0307739411770102,0.024118043118403,0.018216348306807,0.0133976882725534,0.0101089114932923
"13",0.010115289192236,0.00994580229388642,0.0118689371904283,0.0158584221392979,0.0212693081402954,0.0278476197499386,0.0353544970305929,0.0434324200128539,0.0515925070893964,0.0592430085861224,0.0657543245600561,0.0705469868060472,0.0731838675166378,0.0734448107163237,0.0713637367274067,0.0672152433106251,0.0614500488042286,0.0545925870981791,0.047133228910266,0.0394589455826563,0.0318827677676617,0.0247118315668619,0.0185455046900109,0.0141883045179884
"14",0.00637006732347042,0.00650143907583545,0.00812043990014075,0.011271914626525,0.0156512311442587,0.0211936309833231,0.02782491361143,0.0353557826236615,0.0434522635583666,0.0516382329286383,0.0593333564738402,0.0659225759438687,0.0708456393394008,0.0736874091261807,0.0742454187652923,0.0725527291754636,0.0688447357427746,0.0634754916658889,0.0568172626313354,0.0491987085135375,0.0409604583802116,0.0325470365273326,0.0248955346593478,0.0192937272798736
"15",0.00389797224803352,0.00412970140055739,0.00539110289361351,0.00776486216022538,0.0111532739148111,0.0156119881411662,0.0211886902064971,0.0278408759724139,0.0353962562907589,0.0435335488582266,0.0517916752636946,0.0596111807224148,0.0664044110525709,0.0716411535868269,0.0749276550879025,0.0760529731682923,0.0749839146145539,0.0718074413780178,0.0666548485261146,0.0596735892922148,0.0511406717195267,0.0416047972930082,0.0323935032552532,0.0254039129533036
"16",0.00231840648086228,0.00254951097817269,0.00347394876563718,0.00518619846419723,0.00770099141642158,0.0111382403198144,0.0156228324245301,0.0212238168487086,0.0279132641551302,0.0355340664035633,0.0437858468185505,0.0522369872444538,0.0603655972328387,0.067622889410119,0.0735017688139931,0.0775857739933273,0.0795579966792514,0.0791669733559151,0.0761872494496665,0.0704516680419552,0.0620600469415197,0.0516064692180079,0.0408381075687366,0.0323713489746259
"17",0.00134084449341787,0.00153037828214244,0.00217396777607054,0.00336098660397776,0.00515681325341436,0.00770465877493528,0.0111673801323135,0.0156863538694349,0.0213460461604148,0.028138595013888,0.0359359061362761,0.0444777428949505,0.0533815725713554,0.0621726379300576,0.0703228719735064,0.0772788834853641,0.0824633598252764,0.0852522627726276,0.08497497071922,0.0810287923316883,0.0732192108685315,0.0621102890392043,0.0498689601380597,0.0399065149538709
"18",0.00075466425872421,0.000894012701103153,0.00132279120909736,0.0021166699531358,0.00335514626112302,0.00517865877508214,0.00775862426820815,0.011273529220596,0.0158837381016853,0.0217009288442039,0.0287564392938861,0.0369745623528152,0.0461558539129372,0.0559706601763166,0.0659558457310361,0.075501626274949,0.0838225989134055,0.0899282756093889,0.092657350962213,0.0908865702751991,0.0840297417897317,0.0725440759393628,0.0589870381643797,0.0475905970114181
"19",0.000414164064274603,0.000509472765820352,0.000784912109072892,0.001300012024449,0.00212976679399545,0.00339836477648256,0.00526746953191465,0.00792628547137207,0.0115781555177728,0.0164197812706291,0.0226138096839269,0.0302567830222974,0.0393440059047851,0.0497298648628789,0.0610781851961767,0.0727955819869978,0.0839541885601235,0.0932375907768615,0.0989979590005619,0.0995597947942121,0.0938893106229895,0.0822759551172848,0.0676143400539408,0.0549242460911777
"20",0.000222851095741826,0.000285051184480419,0.000457633362779456,0.000785361208592462,0.00133164718867151,0.00220024764192745,0.00353473098060742,0.00551896213300194,0.00837467434621392,0.0123520941328916,0.0177113355718168,0.0246922120174445,0.0334690917900762,0.044085239297183,0.0563600803949932,0.0697664693133416,0.0832965481938614,0.0953707517635626,0.103905148147501,0.106700003619145,0.102272518523346,0.090713403091259,0.0751860792173545,0.0614078657842049
"21",0.00011943988410635,0.000159351742745033,0.000267246301659188,0.000476348149537906,0.000838026793415141,0.00143733510468588,0.00239888919920591,0.0038944340644033,0.00614916330259025,0.00944274724784342,0.014100624338077,0.020469466677779,0.0288685006299547,0.0395061320597995,0.0523524406559688,0.0669666148071651,0.0823080840890476,0.0966051811837726,0.107422730418351,0.112118044803664,0.108812759009964,0.0974038183272401,0.0812506390008296,0.0666319822081928
"22",6.66457608146081e-05,9.31252146443085e-05,0.000163614078168327,0.000303542046729716,0.000554971774330631,0.00098903944616674,0.00171519477978526,0.00289307152606204,0.00474480291664806,0.00756386171727704,0.0117146733511635,0.0176142455389435,0.0256835567889979,0.0362537191665308,0.0494142839113959,0.0648032417796368,0.0813746255360917,0.0972325040195349,0.109693800797701,0.115791048258172,0.113346760704625,0.102101528629112,0.0855422360696148,0.0703459061878524
"23",4.28395955653317e-05,6.25074797734335e-05,0.000114481223491224,0.000219903115631923,0.000415336745128034,0.000763786552168879,0.00136545163814648,0.0023717857141062,0.00400113783084634,0.00655219851952354,0.0104088587076183,0.0160262147036263,0.0238830537476822,0.0343829371814953,0.0476889213175852,0.0634913063094573,0.0807483357758843,0.0974977182599743,0.110914525657028,0.117840247069359,0.115917683642615,0.104789597953805,0.0880114731818426,0.0724896980776445
"24",3.55715188356918e-05,5.3006875890408e-05,9.89882845638512e-05,0.000193181560019255,0.000370185714443014,0.000690107077194067,0.00124976905444486,0.00219748894677167,0.00374986812107273,0.00620688939799978,0.00995872741121972,0.0154734784971325,0.0232502638296044,0.0337187214932484,0.047068992864869,0.0630114337225626,0.0805073667458149,0.0975720674281888,0.111330422159328,0.118555170248072,0.116823618821444,0.105742055303847,0.0888893050906181,0.073253319832815
