"","X0","X1","X2","X3","X4","X5","X6","X7","X8","X9","X10","X11","X12","X13","X14","X15","X16","X17","X18","X19","X20","X21","X22","X23"
"1",0.112833890010745,0.121375207447364,0.14281114017214,0.127878501696771,0.122676964266027,0.105415531983041,0.0852375278993774,0.0642914692906899,0.0453341282062087,0.0299874642763246,0.0186800937334382,0.0109987721075002,0.00614023887336353,0.00325846756955271,0.00164714971693648,0.00079442437783703,0.000366014220691431,0.000161222908401156,6.79269770088849e-05,2.73786724304431e-05,1.05561084537658e-05,3.89299967440171e-06,1.45127991642727e-06,5.85206105288175e-07
"2",0.0949395347658668,0.104372603045727,0.126298205999507,0.118968006048517,0.119587331045109,0.108768455781087,0.0932796943847607,0.0747757348471647,0.0561012688722546,0.0394958544979107,0.0261723589151039,0.0163749350572563,0.00969977500739949,0.00545321446882046,0.00291596131815637,0.00148570842645497,0.000722337209322104,0.000335487643266384,0.000148958171272783,6.32532996818187e-05,2.56928847414795e-05,9.98536473857012e-06,3.93276984481482e-06,1.71017603367856e-06
"3",0.0727801049635673,0.0826884140092319,0.104283789514438,0.105403412756838,0.11282035568608,0.110325874861982,0.101688352975117,0.0875822536644551,0.0705098226978338,0.053159287555541,0.03762756333406,0.0250736652073648,0.0157718714508397,0.00938900133271761,0.00530229689587253,0.00284672546859981,0.00145566030330169,0.00070999469538467,0.000330691942078181,0.000147202074899954,6.26585475459812e-05,2.55236838080362e-05,1.05580229853003e-05,4.9183554551306e-06
"4",0.051206404236961,0.0606727730500912,0.0805357338302299,0.0883079077833104,0.101449217344538,0.107258321448154,0.106663814223332,0.0989566534796998,0.0856237715775392,0.0691945938788553,0.0523404889776764,0.0371544285840507,0.0248181391417648,0.0156421956339468,0.00932697266300114,0.00527427654262956,0.00283476271558046,0.0014508361155578,0.000708165411813946,0.000330059670205718,0.000147041497275255,6.26959117799048e-05,2.71943467647109e-05,1.35519352393268e-05
"5",0.0333305860223769,0.041461703178695,0.0582828218130578,0.0695901398041411,0.0860098801112153,0.0983491061841037,0.10554401351022,0.105504116019187,0.0981694391182821,0.0851100318778367,0.0688803507553086,0.0521613794692109,0.0370587768438873,0.0247700432666882,0.0156193738638248,0.0093167414998415,0.00526994605401273,0.00283304200576439,0.00145021827379055,0.000708029012301313,0.000330188008571615,0.000147366110826561,6.69984430497895e-05,3.57087538035666e-05
"6",0.0202313991865224,0.0265340343376593,0.0396151531711238,0.05144658772126,0.0683517139736575,0.0843655906709615,0.0975991200924551,0.10509900803958,0.105225574443322,0.0979950459057366,0.085005805391351,0.0688219406512141,0.0521305884667791,0.0370434414143495,0.0247628208395228,0.015616162270137,0.00931540826252969,0.00526945876840778,0.00283296015372128,0.00145044486034886,0.000708633550931765,0.000331236422836099,0.000157864799224496,9.00066063657233e-05
"7",0.0115310200821217,0.0159794290347636,0.025351591906653,0.0356710249500076,0.0508182389519033,0.0675086665960648,0.0840475375210995,0.0974389215638095,0.105010309684994,0.105173646806989,0.0979651277830217,0.084989474586245,0.068813503159362,0.052126445304966,0.0370415147053034,0.0247619918777988,0.015615876164269,0.00931542303533556,0.00526975685033629,0.00283379479169511,0.00145222976226783,0.000711641218736365,0.000355734208426615,0.000217099453826811
"8",0.00620359435284284,0.00908998986338455,0.0153103986866696,0.0232271308734096,0.0353684592742072,0.0503982444251805,0.0673741775398526,0.0839908026394001,0.0974124922475973,0.104996458767032,0.105166153991154,0.0979612249946499,0.0849875325728591,0.0688125771193848,0.0521260387102453,0.0370414022057999,0.0247621123949253,0.0156162740464408,0.00931636499470427,0.0052720430208025,0.00283859166821733,0.00146033312145124,0.000766412108612476,0.000501190381173869
"9",0.00316186048584398,0.00489804642147489,0.00874440819629279,0.0142337382886416,0.0230885049873558,0.0351655867275556,0.0503409316875479,0.0673534871350643,0.08398293199632,0.0974089919812574,0.104994753072053,0.10516533836519,0.0979608505000343,0.084987373148601,0.0688125547562206,0.0521261977094003,0.0370418979043534,0.0247632137163622,0.0156187194779135,0.00932215858214047,0.00528415754626051,0.00285924561303007,0.00157775296976762,0.00110729873131615
"10",0.00153035662668248,0.00250495029951746,0.00473192462554946,0.00822830681798586,0.0141733666704958,0.0229940087039355,0.0351411957361112,0.0503330501405876,0.0673509890496267,0.0839820117382816,0.0974086015995344,0.104994590382809,0.105165278967884,0.0979608545335836,0.0849874970579419,0.0688130204162369,0.0521274414651548,0.0370446221539346,0.0247691904697702,0.0156325963630277,0.0093510720014037,0.0053340830326663,0.00310074387941253,0.00234024726786356
"11",0.000704368699102633,0.00121753643026978,0.00242979403125094,0.00449716940666929,0.00820339313299066,0.0141311522141513,0.0229838315817728,0.0351381343653695,0.0503322014654537,0.067350722820358,0.0839819129245455,0.0974085695258008,0.104994597411858,0.10516535705568,0.0979611856020411,0.0849886102112672,0.0688159486428086,0.0521338835808807,0.0370585900900129,0.0248007996492382,0.0156980494241282,0.00946575488248185,0.00581076091450678,0.00472767593735878
"12",0.000308516794612944,0.000562939732374593,0.0011853499247109,0.00232830502132035,0.00448746840060085,0.00818537369087142,0.0141270522543921,0.0229826583918861,0.0351378398320187,0.0503321205470141,0.0673506986315611,0.0839819188578049,0.0974086242949178,0.104994815424164,0.105166162372356,0.0979637512600294,0.0849952729091456,0.0688306566376063,0.0521652945228535,0.037127430488634,0.02494188664763,0.0159488394770001,0.0103689763481399,0.00911804753835289
"13",0.000128627241240296,0.000247724291448846,0.000549861090769708,0.00114362652266284,0.00232475892206131,0.00448013470211398,0.0081837927818125,0.0141266178945028,0.0229825587231146,0.0351378180923413,0.0503321254263207,0.0673507430935136,0.0839820820863454,0.0974091932289261,0.104996731756545,0.105171938636076,0.0979784939777386,0.0850278276489195,0.0688989189694581,0.0523093714606396,0.0374181426625437,0.0254646822483388,0.0175920223053796,0.016762206237184
"14",5.10385959202079e-05,0.000103773062496614,0.000242679342498958,0.00053355133788078,0.00114241745276955,0.00232191687281906,0.00447955385574308,0.00818363918719444,0.0141265872015526,0.0229825610395791,0.035137853073423,0.0503322561745347,0.0673511820646036,0.0839835075516855,0.0974136429948928,0.10500943781778,0.105203699782696,0.0980483882103102,0.0851714150359086,0.0691897766313734,0.0528838095861524,0.0384575586690549,0.0283344663281401,0.0293152881309875
"15",1.92648191878973e-05,4.1376128241048e-05,0.000101926352179649,0.000236620558451274,0.000533170264548827,0.00114136988766172,0.00232171421589171,0.00447950305761623,0.00818363490422056,0.0141266108170566,0.0229826578817463,0.0351381909862757,0.0503333534679951,0.0673545760577561,0.0839934883329782,0.0974408003149941,0.105075819902458,0.105348759307488,0.0983401540180242,0.0857383974842566,0.0702799942126575,0.0548536601521822,0.0432662218027137,0.0486687350734165
"16",6.91170825366818e-06,1.56951569913919e-05,4.0735188054805e-05,9.97893234685949e-05,0.000236511103167339,0.000532803497688368,0.00114130328377278,0.00232170067567796,0.00447951495180744,0.00818369695517561,0.0141268451249988,0.0229834593818595,0.0351407361435046,0.0503409557397994,0.0673759501847086,0.0840493638455914,0.0975744031164366,0.105364913862846,0.105918460832812,0.0994049813108943,0.0877242708620976,0.0738320735431678,0.062574118580221,0.0765308056270015
"17",2.35444496220801e-06,5.65980366463527e-06,1.54844923667534e-05,4.00203508184826e-05,9.97614171537611e-05,0.000236389454392786,0.000532783869947737,0.00114130565042177,0.00232173417317681,0.00447965584041883,0.0081842173839476,0.0141285986924152,0.0229889268868121,0.0351566458961413,0.050384215212945,0.0674854841469481,0.0843059484297393,0.0981231521532949,0.106426093097491,0.107835068099067,0.10286578574534,0.0938011186432983,0.0856835611294264,0.113756034985806
"18",7.60477525269894e-07,1.93821286590732e-06,5.59433037134364e-06,1.52580691819405e-05,4.0014454782642e-05,9.97236644292117e-05,0.000236386574113026,0.000532799029264082,0.00114137949597961,0.0023220305916529,0.00448072917265163,0.00818777375697223,0.0141394938634702,0.0230199541782582,0.0352388514843007,0.0505870988756959,0.0679518457360607,0.0852905198042305,0.0999947689120344,0.109709821852998,0.113576650139827,0.112693423576829,0.111144846878927,0.159588336867577
"19",2.32532684694696e-07,6.29498347893669e-07,1.91901507103617e-06,5.52658297006672e-06,1.5257478999276e-05,4.00046715976383e-05,9.97299110578765e-05,0.000236422744334455,0.00053295315457264,0.00114197293556198,0.00232411864131541,0.00448749109197622,0.00820806491415941,0.0141960661476796,0.0231664804588048,0.0355925388290029,0.0513853618338594,0.0696131655515305,0.0883982059462517,0.10531539100333,0.118728092701698,0.128544392795846,0.136806245647025,0.211159735912322
"20",6.71893854160868e-08,1.93606355554484e-07,6.24241346775305e-07,1.90009527831519e-06,5.52765164672348e-06,1.52589559961869e-05,4.00242778293541e-05,9.98124686202204e-05,0.000236744419311924,0.000534120394783374,0.00114590338807154,0.00233641873306481,0.00452336269567538,0.00830554944387213,0.0144425555985649,0.0237482031483375,0.0368796122452596,0.0540191867794729,0.0744592197263902,0.096515921379652,0.118664271599508,0.140125218252656,0.160275824209162,0.263624479499756
"21",1.83173445216635e-08,5.6321877029913e-08,1.92425618367961e-07,6.19992353328271e-07,1.90363343433324e-06,5.54050743860447e-06,1.53113706790236e-05,4.02188695230104e-05,0.000100503097291809,0.000239068510208116,0.000541489602386099,0.00116787329360007,0.00239796587974275,0.00468498267306974,0.00870212838173721,0.0153535896058119,0.0257150954902612,0.0408187462170603,0.0611284628703816,0.0861094535472268,0.115087596183996,0.14730611695578,0.179504848789005,0.311078217464171
"22",4.73335986429473e-09,1.55938447754193e-08,5.66505026303602e-08,1.93859670224663e-07,6.30503659443634e-07,1.94207273318341e-06,5.67722876437523e-06,1.57762807811994e-05,4.17348658394218e-05,0.000105224079836754,0.000253051903465698,0.000580788655714905,0.00127247183679039,0.00266070677959065,0.0053052723922963,0.01007874393614,0.0182323475555113,0.0313175522932305,0.0506835023223057,0.0768907756112627,0.11038598252656,0.150940206395806,0.193231169900379,0.347996172021953
"23",1.25678786743296e-09,4.48010575642148e-09,1.74537932681282e-08,6.39532822083591e-08,2.22104116770002e-07,7.29780517233901e-07,2.27465055125427e-06,6.74028618799091e-06,1.90233688686793e-05,5.12061887972852e-05,0.000131569854364627,0.000322856802339591,0.000756709369901144,0.00169288583262028,0.00360959857437987,0.00732590045788777,0.0141415469870324,0.0258575955757566,0.0443285777800898,0.0708423058891708,0.106726726888241,0.152338221858661,0.201130512614436,0.370714707992109
"24",5.68412316251172e-10,2.15979102103375e-09,8.88844848023636e-09,3.43105882189426e-08,1.25121418041457e-07,4.30852903526212e-07,1.40526429549343e-06,4.35236455802417e-06,1.28258473819858e-05,3.60066987139723e-05,9.63634905436258e-05,0.000245936896542461,0.000598539459461653,0.00138778459167918,0.00306013309811138,0.0064087196955529,0.0127391785524932,0.0239287001542815,0.0420062731726768,0.0685350203022336,0.105209922047815,0.152668609375776,0.203930629376315,0.379128997710006
