"","X0","X1","X2","X3","X4","X5","X6","X7","X8","X9","X10","X11","X12","X13","X14","X15","X16","X17","X18","X19","X20","X21","X22","X23"
"1",0.165162689719487,0.114043273315579,0.107809845350155,0.107696149227686,0.101091384376792,0.0909955738850657,0.0784191807442101,0.0646117190365264,0.0509499913514,0.0384946357943915,0.0278940887420875,0.0194056872443085,0.0129748592209451,0.0083461472105972,0.00517044705203898,0.00308790725024996,0.00177954784751544,0.00099050829656683,0.000532980250615836,0.000277623921910249,0.000140502997565899,6.99913060871026e-05,3.61580806737885e-05,1.91077775438793e-05
"2",0.146218951509181,0.102718095627357,0.0995155132071534,0.101990389357929,0.0986792699051064,0.0917929191236021,0.0819067879226831,0.0699873592090407,0.0573010066827511,0.0449840021535521,0.0338857647366718,0.0245128565519527,0.0170438837284662,0.0114009153310129,0.00734367577046159,0.00455923349613716,0.0027306407878023,0.0015791006829081,0.000882538114896347,0.000477408667367813,0.000251025467948392,0.000130125845958585,7.01099452576982e-05,3.84261747999837e-05
"3",0.121311198392703,0.0874846991486836,0.0878782466349426,0.0934322362403222,0.0942735237044586,0.0916457356993526,0.0855531929486292,0.0765282928190328,0.0655947406872211,0.0538893102029595,0.0424539490421383,0.0320918723932734,0.0232953977890854,0.0162524229468577,0.0109077404647042,0.0070489079925716,0.0043901270701601,0.00263752429469603,0.00153011949361759,0.000858668597710755,0.000468409920041427,0.000252215584112069,0.000141364924887999,8.01030078367682e-05
"4",0.0948051999601618,0.0707298825706509,0.0743150592166908,0.0825849942006913,0.0874928549062666,0.0893828420372306,0.08767889593314,0.0823759933155815,0.0740941353483054,0.0638056673445729,0.0526226279732814,0.0415895040883869,0.0315231411230099,0.0229348435496418,0.0160323153139782,0.0107784215987621,0.00697585409302305,0.004350641650763,0.00261773402286493,0.00152267836156839,0.000861105769578892,0.000481287692036366,0.000280345717769187,0.000163974212041935
"5",0.070139313544806,0.0544722178296925,0.0602183728323049,0.0702476731007977,0.0783807325350557,0.0843117981461399,0.0870044127786517,0.0859061685977844,0.0811076345482881,0.0732197055341188,0.0632210164028318,0.0522428258044641,0.0413496030608579,0.0313759300217469,0.0228472520459453,0.0159819091447782,0.0107505446109683,0.00696151271810881,0.00434522984239614,0.00262061231613796,0.00153705574764474,0.000892241368570801,0.000540247326070612,0.000325990141836734
"6",0.0493392188900389,0.0400751551377348,0.046767434094745,0.0573772468646998,0.0674719771928491,0.0764222054725051,0.082946499444011,0.0860506775052216,0.0852681357346935,0.0806972631768868,0.0729635084241638,0.0630650093041659,0.052149813097382,0.0412952598139082,0.0313448926153103,0.0228300681915579,0.0159730356476915,0.0107473404092292,0.00696432098712976,0.00435851204397613,0.0026539609858307,0.00160178481103829,0.00100884364378142,0.000627836511447684
"7",0.0331116203084155,0.0282194502115818,0.0348103011594405,0.0449289829420459,0.0556509623323919,0.0663227122100999,0.0756659510152347,0.0824453173212321,0.0857341791920125,0.085077364627773,0.0805863457885381,0.0729008686016685,0.0630303848127483,0.0521310078114467,0.04128529480602,0.0313400007160932,0.0228286341765845,0.0159756035719471,0.0107581078567148,0.00699412882693436,0.00442696377589625,0.00278168602611167,0.00182380384529951,0.00117032806376729
"8",0.0212486782341164,0.01904196523955,0.0248290942665358,0.0336932251865418,0.0439100737469653,0.055005962392273,0.0659180311985638,0.0754082677757079,0.0822895411696814,0.0856449891426695,0.0850285807250312,0.0805607223390269,0.0728878627479435,0.0630240428178613,0.0521282635363678,0.0412849214279098,0.0313424030288062,0.0228369801674242,0.0159993057254842,0.0108186211837249,0.00712832340079016,0.00467005121518491,0.00318999357506109,0.0021100997567772
"9",0.0130598050800932,0.0123222681273654,0.0169697501750906,0.0241859173835517,0.0331195274899614,0.0435632742656811,0.0547972011475548,0.0657890529925425,0.0753326571366052,0.0822477604073802,0.0856231140388014,0.0850177447868334,0.080555713871472,0.0728859448562307,0.0630241192242287,0.052130587043557,0.0412917512010588,0.0313607047544288,0.0228851005672977,0.0161172482266343,0.0110726694740216,0.0075754501379433,0.00539518951690888,0.00367744809475525
"10",0.00769656125644568,0.00765119038956592,0.0111147390617906,0.0166168032797868,0.0238767102488658,0.0329407279999913,0.0434597460465626,0.0547347923659964,0.065753276870339,0.0753133615979965,0.0822379741053799,0.085618554517132,0.0850160487838551,0.0805559010910127,0.0728882080951812,0.0630302183182888,0.0521456269711973,0.0413293495727252,0.0314548647603073,0.0231074257683844,0.0165821348101666,0.0118671627723047,0.00881800199494707,0.00619061932177513
"11",0.00435324308480334,0.00456089562729577,0.00697848721658127,0.0109295011524266,0.0164569187290714,0.0237882535696933,0.0328914741300544,0.0434307198100049,0.0547184705027315,0.0657446685198239,0.0753091927783454,0.0822363772995833,0.0856187409045624,0.0850182327554534,0.0805616377099837,0.0729016224335583,0.0630614970589111,0.0522201407198747,0.0415077073538906,0.0318602868844901,0.0239292400271938,0.0179446830195394,0.0139192650635309,0.0100587436485949
"12",0.00236499927282971,0.00261144128170394,0.00420200738814134,0.00688531975352061,0.0108500695807594,0.0164148947674614,0.0237657967729289,0.0328785482878073,0.0434236157373775,0.0547148879797517,0.0657432403493142,0.0753093736638265,0.0822384570368443,0.0856241984015746,0.0850307454924233,0.0805895723864509,0.0729642618324016,0.0632043173151783,0.0525470906935794,0.0422223910718196,0.0332625077308777,0.0261821952638455,0.0212070601681712,0.0157630077714092
"13",0.00123497291921092,0.00143697358444154,0.00242786408199964,0.0041570461979971,0.00684736617275158,0.0108308844566327,0.0164050920265925,0.0237603199175984,0.0328756853178178,0.0434224452997587,0.0547150873486148,0.0657451906001535,0.0753145265136314,0.0822502515782928,0.0856500973054317,0.0850867485741289,0.0807107106296131,0.0732289783199418,0.0637838927125013,0.0537638981741156,0.0445293246204503,0.0368497751929215,0.0311675863307354,0.0238052821246648
"14",0.000620240666118465,0.000760289555702881,0.0013468597947376,0.00240702917183587,0.00413959307910332,0.00683895014588001,0.0108268096531746,0.0164029519239814,0.0237594399910745,0.0328759188456803,0.0434242376827044,0.0547198681409624,0.065756238353963,0.0753387710453226,0.0823019649217109,0.0857585805526252,0.0853131436246365,0.0811849967960097,0.0742216854562433,0.0657828331050089,0.0574192692335743,0.0500220277691943,0.0441608209387949,0.0346174795519589
"15",0.00029975458820656,0.000386970401750954,0.000717810052053766,0.0013375850726096,0.00239930584090517,0.00413606075475837,0.00683739076971606,0.0108261947920623,0.0164032087570443,0.0237610359843885,0.0328802255834579,0.0434343760403274,0.0547423804576835,0.0658043329153765,0.0754386120720986,0.0825050670046354,0.0861673366747156,0.0861339372435425,0.0828262485517762,0.0773865333238937,0.0713540204298945,0.0654944575153525,0.0602918472012262,0.0484353079725221
"16",0.000139462063311573,0.000189551217406928,0.000367730835385778,0.000713846269687614,0.00133430741087054,0.00239792620882494,0.00413563242368551,0.0068376393449304,0.0108275446483269,0.0164069123781857,0.0237699811676208,0.0329005408994745,0.0434784339515674,0.0548343236891402,0.0659902286376276,0.0758053331623205,0.0832168117144356,0.0875372475143744,0.0887494474495782,0.0876489854880925,0.0855424698982306,0.0827342899330606,0.079284358054981,0.0651569956388785
"17",6.24837957645643e-05,8.93876104189341e-05,0.000181178167847234,0.000366112520620879,0.000712538534443582,0.00133388964165676,0.00239812463500658,0.00413669332959729,0.00684062182480044,0.0108349759272111,0.0164243112182286,0.0238087180446373,0.0329829583942322,0.04364679913649,0.0551663465449852,0.0666261109031011,0.0769966020403314,0.0854161642135017,0.091546791187983,0.0958113472950508,0.0991007620995747,0.100891722252407,0.100397743678943,0.0842276170031652
"18",2.69647097669125e-05,4.05935686226106e-05,8.58902483936863e-05,0.00018056380239937,0.000365674862390647,0.000712622479908622,0.00133464906848977,0.00240033944490648,0.00414240828219736,0.00685448010005132,0.0108668804910043,0.0164942486776763,0.0239550555130417,0.0332762142902244,0.044212034983218,0.0562194082572624,0.0685340745956349,0.0803812578770679,0.0913136371171129,0.101465074406265,0.111211792838229,0.118886990609047,0.122435283381241,0.104603860395846
"19",1.12105447782289e-05,1.77587666064585e-05,3.92009543576832e-05,8.57062074740127e-05,0.00018054823460294,0.000366151381557193,0.000714132894384468,0.00133869275262065,0.00241050680577243,0.00416667707245592,0.0069095782142845,0.0109859703154388,0.0167396521793669,0.0244382935801305,0.0341884022271494,0.0458690096824194,0.059130100910195,0.0735078157212841,0.0886801905574376,0.10464928192464,0.121277968268027,0.13556782616848,0.143877369799112,0.124847954837423
"20",4.49267838770103e-06,7.49105975123194e-06,1.72489466571515e-05,3.92261619211467e-05,8.59752981573634e-05,0.000181504871419197,0.000368818080428807,0.000721060214994842,0.00135579336520093,0.00245069127044736,0.00425657281743627,0.00710104897824446,0.0113745002417007,0.0174917990660284,0.0258303093207341,0.036657993610241,0.0500845969047349,0.0660875089799689,0.0846526184772534,0.105817969309498,0.129016498243934,0.149903960594477,0.163132400818804,0.143359920689577
"21",1.74128928416798e-06,3.06037805829156e-06,7.35836201212072e-06,1.7430939774179e-05,3.98171670937775e-05,8.76764832823743e-05,0.000186029661018205,0.000380268069694198,0.000748712629786177,0.00141950282690963,0.00259062323537535,0.00454942118010697,0.00768494582837981,0.0124842052349446,0.0195042470633875,0.0293184172351919,0.0424509180896783,0.0593372420596211,0.0803511612230885,0.105684363389733,0.134464173804816,0.161160473546627,0.178838048038834,0.158690162263301
"22",6.66498469252973e-07,1.24056225022543e-06,3.12717535512074e-06,7.75062099966232e-06,1.85391386247201e-05,4.27912672965207e-05,9.52878845815572e-05,0.000204687983082835,0.000424061498543702,0.000847018809227257,0.00163030024559737,0.00302193335309679,0.00539084112245986,0.00924949777350116,0.015257431613311,0.0241930834174934,0.0368910474681014,0.0541641769734612,0.0767417871632164,0.105003621532242,0.137894190884376,0.168990012925205,0.190105918478963,0.169820985610543
"23",2.82544877103772e-07,5.60984210981854e-07,1.49043932134974e-06,3.88364259043448e-06,9.76772227992703e-06,2.37085451651376e-05,5.55192944117398e-05,0.000125396342091907,0.000273043690356757,0.000572807867246939,0.00115681539926935,0.00224694980200542,0.00419351690649241,0.00751337577824477,0.0129139981809022,0.0212851653605437,0.0336443336562122,0.0510413636863907,0.0744437064975045,0.10437470313983,0.139691240043439,0.173435750227874,0.19665081858222,0.176341801666518
"24",1.83077323092852e-07,3.79207521977731e-07,1.04158515781627e-06,2.79902878014983e-06,7.25349675208722e-06,1.81225141009225e-05,4.36377662866746e-05,0.00010123093715103,0.000226117654264942,0.000485973915914883,0.00100407913230745,0.00199239520329063,0.00379322198756766,0.00692281619710487,0.0121032086749673,0.0202620217439982,0.0324822258402211,0.0499019121684273,0.0735804531365756,0.10410030749278,0.140291611139977,0.175002947847867,0.198990735865729,0.178685324385933
