"","X0","X1","X2","X3","X4","X5","X6","X7","X8","X9","X10","X11","X12","X13","X14","X15","X16","X17","X18","X19","X20","X21","X22","X23","X24"
"1",0.0646456768749993,0.0670821061775561,0.0842606520408726,0.0956373789896805,0.10328424542072,0.10484329515596,0.100198900134243,0.0903079193734205,0.0769745200360604,0.062234869194672,0.0478694541661937,0.0351237318633179,0.0246452458214069,0.0165738310500366,0.0107037433597534,0.00665027942559381,0.00398114889475455,0.00229942682884566,0.00128279973962463,0.000691871589162499,0.000361048385764676,0.000182487513718424,8.98599799015688e-05,4.38912967394977e-05,3.16166870031668e-05
"2",0.0477046857719208,0.0514418022422969,0.0677998275483786,0.0815085297994512,0.0932690355119446,0.100235086760456,0.101224340433445,0.0961978603672296,0.0862699775293159,0.0732313718768217,0.0590184681314078,0.0452852822492057,0.0331685201815624,0.0232440773768257,0.0156183113613425,0.010081284643144,0.0062616903661736,0.00374805566132383,0.00216479336252593,0.001207811685457,0.000651611805990425,0.000340385301340276,0.000173348943517419,8.77539297164031e-05,6.60871592067097e-05
"3",0.0304382903232607,0.0347998072753609,0.0491649198420905,0.0639417791162735,0.0789376713554143,0.0912022263835897,0.0985944778121491,0.0998877509509457,0.0951223444946672,0.0854318587301356,0.0726053801171649,0.0585717203025224,0.0449805793012236,0.0329696017159739,0.0231195435506823,0.015543395939836,0.0100378974025006,0.00623745903422472,0.00373500144962338,0.0021580583413955,0.00120466549834426,0.000650791761859549,0.000342978500913017,0.000180043784897406,0.000141757014952009
"4",0.0175502326977568,0.0215335319572068,0.0329340539735058,0.046670217905679,0.0624849524640878,0.0779501075793623,0.0905641196369494,0.098169537617292,0.0996031054026298,0.094933608210423,0.0853097822638876,0.0725289296099309,0.0585254826836984,0.0449535687449248,0.0329543463463425,0.0231112048441163,0.0155389835902482,0.0100356485797813,0.00623640224464379,0.00373469968998326,0.00215856190907366,0.00120663458330168,0.000658455308774491,0.000358626997065956,0.000295205159335386
"5",0.00926702861048559,0.0122975761856443,0.0204471987634687,0.0316249685605891,0.0459883540669223,0.0620736835084484,0.0777224348700665,0.090434859503888,0.098095375529055,0.0995604327754405,0.094909385002277,0.0852963852560004,0.0725217567404894,0.0585217697274997,0.0449517086017472,0.0329534444212225,0.0231107893871128,0.0155388364712687,0.0100357426859761,0.00623695753464269,0.0037364817911596,0.00216336181094515,0.0012235886413925,0.000692087657054824,0.000595791897203717
"6",0.00450735348298501,0.00649953424220796,0.0117604415368875,0.0198392131767701,0.0313393411942108,0.0458308854438196,0.0619971628372949,0.0776846645867526,0.0904161085270857,0.0980859459134522,0.0995556862415427,0.0949070325357461,0.0852952518818556,0.0725212293919239,0.058521534295177,0.0449516130387785,0.0329534323893498,0.0231108944238264,0.0155392669534153,0.0100371313448564,0.00624106965218016,0.00374719595370226,0.00219946218469566,0.00129347938462621,0.00116506938685845
"7",0.00202649713157888,0.00318321352270655,0.006263233543364,0.0115039383511205,0.0197296248742566,0.0312829896529256,0.0458063491838347,0.0619864187095084,0.0776800042327409,0.0904140597980568,0.0980850326472068,0.0995552794638346,0.0949068547493961,0.0852951770649288,0.0725212021765784,0.0585215396550568,0.0449516833467409,0.0329537201829118,0.0231119049465731,0.0155424158415574,0.0100462271054038,0.00626417886239074,0.00382164205881818,0.00234006453236194,0.00220674836614869
"8",0.000844274177910605,0.00144609383107927,0.00308884058311389,0.00616380429484341,0.0114651025205012,0.0197107277494896,0.031275500119401,0.04580337784361,0.0619852746959381,0.0776795621647382,0.0904138854729249,0.0980849630310949,0.0995552521152245,0.0949068458175209,0.0852951821818873,0.0725212426637186,0.0585217139909258,0.04495234368663,0.0329559787642094,0.0231187956702199,0.0155618695359173,0.0100944533710727,0.00641285844549082,0.0040954098582102,0.00404664741432835
"9",0.000326570107492777,0.000609966868498898,0.00141152138846119,0.00305321736781255,0.00615104352425992,0.0114591683960213,0.01970856603851,0.0312747095866809,0.045803103207375,0.0619851805580101,0.0776795292936386,0.0904138738387908,0.0980849596082131,0.0995552550099482,0.0949068668567994,0.0852952784658962,0.0725216360064142,0.0585231689732327,0.044957218168104,0.0329705537704052,0.0231590299454729,0.0156592328157318,0.0103819307674561,0.00692858198907174,0.00717983744770323
"10",0.000117470577921528,0.000239140352441664,0.000598281398274124,0.00139968498333947,0.00304932120315284,0.00614929991667183,0.0114585817175786,0.0197083657147455,0.0312746459006212,0.0458030836634071,0.0619851745493981,0.0776795276976544,0.0904138751522419,0.0980849695759934,0.0995553036863846,0.0949070804147621,0.0852961320183555,0.0725247299609854,0.0585333308395194,0.0449870121361216,0.0330510037120336,0.0233491344830793,0.0161971297290721,0.0113213342392476,0.012316386376998
"11",3.9349241266721e-05,8.72366152579789e-05,0.000235483075253639,0.000594626332384502,0.00139857798091663,0.00304884199491606,0.00614915077379456,0.0114585337137864,0.019708351585222,0.0312746419947897,0.0458030827089419,0.0619851750306045,0.0776795320125798,0.0904138976980668,0.098085075600022,0.0995557592934342,0.0949088663484842,0.08530248188993,0.0725451884989595,0.058592173522679,0.0451424767016477,0.0334098255803892,0.0243224794756748,0.0178504900700104,0.0204087022609886
"12",1.22882153642397e-05,2.96402831392048e-05,8.61742081802357e-05,0.000234432647240162,0.000594333323724583,0.00139845479223408,0.00304880657597048,0.00614913995433354,0.0114585307427646,0.019708350875597,0.0312746421050611,0.0458030844223971,0.0619851846273793,0.0776795802426914,0.0904141198948559,0.098086012373738,0.0995593631437271,0.0949214425111692,0.0853422465772574,0.0726574204669536,0.0588823647661492,0.0457967816097755,0.0351118305567951,0.0271315647364002,0.0326342103471024
"13",3.58072628727073e-06,9.38841177515463e-06,2.93533885654814e-05,8.58930061158726e-05,0.00023436034179301,0.000594303700203974,0.00139844695058737,0.00304880429375234,0.00614913937892122,0.0114585307113763,0.0197083515058092,0.0312746458983888,0.0458031046582623,0.061985284036785,0.0776800291814057,0.0904159770027922,0.0980930257487077,0.0995833919274357,0.0949960233253383,0.0855488440906477,0.0731802498210232,0.0600340356505147,0.0486699131133487,0.0397141009134235,0.0503012222167401
"14",9.74223142570709e-07,2.77426050467838e-06,9.3163229828089e-06,2.92832343449768e-05,8.58763633021043e-05,0.00023435367730436,0.000594302084957988,0.00139844650617743,0.00304880422227982,0.00614913959708788,0.0114585321395706,0.0197083594708037,0.0312746871637078,0.045803302630412,0.0619861594520132,0.0776835802747096,0.0904291384601278,0.0981372969589765,0.0997182770178764,0.0953627527165276,0.086457153167634,0.0751348553855376,0.0647108314613185,0.0559318257227306,0.0746499774859701
"15",2.47578106270148e-07,7.65212439331539e-07,2.75739777909875e-06,9.30001097844943e-06,2.92796607314035e-05,8.58749608985201e-05,0.000234353370029373,0.000594302016995157,0.00139844657752941,0.00304880475465688,0.00614914263091085,0.0114585483894336,0.019708441080483,0.0312750685708681,0.0458049510779881,0.0619927092675122,0.0777073884277878,0.0905077338867818,0.0983723062245549,0.100345302349209,0.0968824892121126,0.0896516931172638,0.0824659190077422,0.0757316114159254,0.106542563801284
"16",5.87726962880155e-08,1.97076215575096e-07,7.61540367614037e-07,2.75386390300287e-06,9.29929540505854e-06,2.92793855021003e-05,8.58749116792471e-05,0.000234353391233869,0.000594302220114416,0.00139844773815195,0.00304881102863921,0.00614917490447613,0.0114587050296974,0.0197091522418566,0.0312780662275269,0.045816599435065,0.0620341909795323,0.0778416939962887,0.0909016779281682,0.0994034721754033,0.102790539391341,0.101902714065583,0.100702252243182,0.0985293398204735,0.146078282337498
"17",1.30307015679346e-08,4.73952731510881e-08,1.96332097553407e-07,7.60827557890542e-07,2.75373063836772e-06,9.29924682074043e-06,2.92793901243766e-05,8.58749894659426e-05,0.000234353839358513,0.000594304639219037,0.00139846026702669,0.00304887300242366,0.00614946541991556,0.0114599846393143,0.0197144051065253,0.0312980037743006,0.0458860931258289,0.0622547176601097,0.0784759364063717,0.0925299008735431,0.103180431684878,0.110363686078736,0.11789619970615,0.12315743239155,0.19222952644207
"18",2.69697738396611e-09,1.06414308383744e-08,4.72550793637532e-08,1.9619845818814e-07,7.60805103642152e-07,2.75372682756205e-06,9.29927501992797e-06,2.92795583768421e-05,8.58759062802817e-05,0.000234358617995763,0.00059432851684136,0.00139857428834152,0.00304939017745167,0.00615167638099335,0.0114688213291042,0.0197471492649734,0.0314096544996247,0.046233210935478,0.0632333034876896,0.0809394042086382,0.098119739038514,0.114127447954895,0.132555546139089,0.147963448985623,0.242645720111194
"19",5.20659108002599e-10,2.22956466651364e-09,1.06169268873546e-08,4.72319894443499e-08,1.96196191637352e-07,7.60813149065198e-07,2.75378291241229e-06,9.2995917506736e-06,2.92812528000797e-05,8.58845561401536e-05,0.000234400819362605,0.000594524949618841,0.00139944255483734,0.00305301055570621,0.00616580918523285,0.0115200491991442,0.0199182416027479,0.0319312076856652,0.0476753183624377,0.066794731584347,0.0888480402919352,0.113253994490956,0.143608615889961,0.171082912779621,0.293791463256343
"20",9.36477125342064e-11,4.35565916678018e-10,2.22563163069694e-09,1.06135081894468e-08,4.72338026417251e-08,1.96211151335207e-07,7.60903839656987e-07,2.75429427497597e-06,9.30232307259022e-06,2.92951267246126e-05,8.59516667942206e-05,0.000234709540048236,0.000595870310238286,0.00140496458341685,0.00307421226854745,0.00624137236228355,0.011768159916872,0.0206618341405186,0.0339518069193212,0.0525780760467434,0.0774637516215818,0.108821502748354,0.15071271577193,0.190841056501862,0.34152164614027
"21",1.56696298349804e-11,7.92563837290856e-11,4.35027474612621e-10,2.22551297847757e-09,1.06165327415428e-08,4.72539666788905e-08,1.96334188528449e-07,7.61609350068824e-07,2.75811700950129e-06,9.32194809257109e-06,2.93906455779671e-05,8.63917618865318e-05,0.00023662222093053,0.000603671547606839,0.00143464580733693,0.00317882489152202,0.00658055352188545,0.012770886289823,0.0233465131160938,0.040364888577812,0.066279465259038,0.102599635181825,0.154331084239886,0.206151337632304,0.381992990671866
"22",2.43477712496581e-12,1.34157234488095e-11,7.92257218008807e-11,4.35365775560945e-10,2.2285750043356e-09,1.06376113631512e-08,4.73889594682044e-08,1.971438311837e-07,7.66171040920729e-07,2.78229952118017e-06,9.442570635161e-06,2.99558867492353e-05,8.88727460570389e-05,0.000246780321667925,0.000642278809225065,0.00157006161547036,0.00361450421651828,0.00785598227206896,0.016146008011502,0.0313044073484235,0.057098133292315,0.0964321635721188,0.155507114684206,0.216763372582742,0.41268711567032
"23",3.51263816795607e-13,2.11527741646517e-12,1.34822820805043e-11,7.98354840623213e-11,4.39953916804763e-10,2.2600481572903e-09,1.08383034939293e-08,4.85832652437962e-08,2.03796329885576e-07,8.00922539885936e-07,2.95265535108163e-06,1.02256600731738e-05,3.33242288709876e-05,0.000102384716433532,0.00029711132513951,0.000815422640055645,0.00211686721827066,0.00518716212285623,0.011946580147405,0.025631051201665,0.0508933501478291,0.0917447079853664,0.155458985587935,0.223114312005947,0.432644495420576
"24",4.853765514613e-14,3.23360192354738e-13,2.2518227214084e-12,1.45578486759295e-11,8.75939696965286e-11,4.91717206721544e-10,2.58100872370738e-09,1.2694122657319e-08,5.86178171631981e-08,2.54639278436251e-07,1.04257102713447e-06,4.0298439760978e-06,1.47226439059598e-05,5.08581659693324e-05,0.000165986007971991,0.000510624935766423,0.00147482450266969,0.00397522434089224,0.00993094791093252,0.0227570660935166,0.0475695452417908,0.0890315694302102,0.155112703188929,0.226233590078116,0.443166935915608
"25",9.57428516897772e-15,7.28936339442697e-14,5.69378483691316e-13,4.11075845743376e-12,2.75179761216093e-11,1.71298578603387e-10,9.94251100752588e-10,5.39398906057185e-09,2.74134663168817e-08,1.30766277296173e-07,5.86338791631255e-07,2.47337463307108e-06,9.81562016317484e-06,3.66084339446436e-05,0.000128037194091567,0.000418489675997864,0.00127252939188448,0.0035780520448112,0.00924532659967765,0.0217438956885166,0.0463544928226579,0.0879915147940098,0.154910319222242,0.227311468586369,0.446996225440648
