"","X0","X1","X2","X3","X4","X5","X6","X7","X8","X9","X10","X11","X12","X13","X14","X15","X16","X17","X18","X19","X20","X21","X22","X23","X24"
"1",0.5223967944812,0.165423332694506,0.0838480959904438,0.053300431952524,0.0402545070784376,0.0325540410859213,0.0262646807599076,0.020731086844105,0.0159534394077141,0.0119633112385682,0.0087422096768825,0.00622637947528602,0.00432312592080148,0.00292705427806868,0.00193315242717724,0.00124573997731013,0.000783414795316137,0.000480750603919994,0.000287700529027987,0.000167626503721351,9.47193497800324e-05,5.14739027240549e-05,2.68079293918973e-05,1.37071640369627e-05,6.41593322829275e-06
"2",0.489826911535753,0.159197423427471,0.0845903524559103,0.056722626156836,0.0446857567186188,0.0372368926641974,0.0308305008057238,0.024952410469046,0.0196858550296535,0.0151333114500263,0.0113360690579131,0.00827571501972072,0.00588922854721193,0.00408634638160708,0.00276539809682935,0.00182572119100036,0.00117602216315332,0.000738945084010593,0.000452554934342814,0.000269620804006945,0.000155587759206307,8.61853358338336e-05,4.5659386176705e-05,2.36993776569469e-05,1.12061480936981e-05
"3",0.447567319130602,0.15063670468403,0.0849192253622552,0.0605628251280111,0.0499689030235052,0.0430279534298087,0.0366562901253478,0.0304959835279222,0.0247226410207307,0.0195244540672271,0.0150214377766371,0.0112604536783338,0.0082262715888086,0.00585816771369727,0.00406767596562676,0.00275455054376979,0.00181926138051753,0.00117148122122237,0.000734729584895824,0.000447811660056572,0.000263970035430265,0.000149054007286878,8.03185977896792e-05,4.23109468892687e-05,2.02057995974398e-05
"4",0.401811845609324,0.140627378511362,0.0842907430736771,0.0637697962120532,0.0549242628999884,0.048799374091477,0.042749739537201,0.0365453334033366,0.0304356523288661,0.0246882256856642,0.0195061202058154,0.0150135422627504,0.0112592783184895,0.00822911905276939,0.00586291376606138,0.00407252507956915,0.00275793846461685,0.00181996768212528,0.00116883309575466,0.000728661542346291,0.000438623267694471,0.000252369169106352,0.000138255848864946,7.3881490246212e-05,3.56194008397655e-05
"5",0.354859155788603,0.129476297247556,0.0824562306946578,0.0658787687064264,0.0590145486303443,0.0540199580922409,0.0486328084706507,0.0427062265084314,0.0365309817094677,0.030433930648384,0.0246939811360566,0.0195167175734926,0.0150271517973777,0.0112742304515001,0.00824366047595979,0.00587513800489998,0.00408045751835065,0.00275992161981695,0.00181515193487851,0.00115736693694746,0.000711321187791464,0.000416906118735083,0.000232115183908383,0.000125776253402543,6.11973101199071e-05
"6",0.308261788892306,0.117462137428289,0.0793290009620734,0.0666306261544334,0.0618876802483647,0.058295542110964,0.0539104026213543,0.0486188316513058,0.0427122912549916,0.0365457749804953,0.0304546701683957,0.0247191481428995,0.0195447790980449,0.0150560764811903,0.0113013942713572,0.00826592599361869,0.00588913771113641,0.00408335601756233,0.00275032541463441,0.00179346960280378,0.00112519145742469,0.000671565094450835,0.000379846365221967,0.000208627350608466,0.000102410526071845
"7",0.263322648155984,0.104909142100725,0.074951099772186,0.0659086300902417,0.0633129214104079,0.0613139050039127,0.0582238776497835,0.0539167490692023,0.0486422938772419,0.0427449554636544,0.0365860467746583,0.0305012185950656,0.0247698648912264,0.0195963266345537,0.0151039107498718,0.0113400199532092,0.00828947616468083,0.00589274189827441,0.00406472717588387,0.00271038786826172,0.00173533462490789,0.00105432241862741,0.000605576436155098,0.000336989516136956,0.000166833705146987
"8",0.221129657256842,0.0921760057970772,0.0694748375649041,0.0637276375296814,0.0631836465415919,0.0628603668036571,0.0612745693657534,0.0582520586183419,0.0539634183189461,0.0487019019328234,0.0428164358556018,0.0366675967836703,0.0305893049003393,0.024858687353031,0.0196779726221506,0.0151688842280911,0.0113783157326699,0.00829293782326838,0.00585773808582523,0.00399320370894479,0.00260820012609,0.00161239970819521,0.000940040018127352,0.000529763655917449,0.00026441966845807
"9",0.182522809223526,0.0796276809038584,0.0631391405381703,0.0602223007467412,0.0615215101181908,0.0628378293145131,0.0628558092634493,0.0613331267258978,0.0583346215931296,0.0540662577668007,0.0488240143712605,0.0429548220656423,0.0368161314553776,0.0307380069753598,0.0249940758316178,0.0197840583878789,0.0152290732643201,0.01137935013748,0.00822927665983665,0.00573326011298874,0.00381854735488775,0.0024007924598484,0.00141999695315302,0.000810031587205107,0.000407476188865019
"10",0.14806863054538,0.0676050823126111,0.0562390940807394,0.0556250687472372,0.0584687342329925,0.0612758443015905,0.0628775343142454,0.0629604646766823,0.0614722851860957,0.058506128018073,0.0542686982146767,0.0490521742592225,0.0431982295559098,0.0370580273901782,0.0309560444483516,0.0251620913310529,0.0198753289941466,0.0152227131749287,0.0112672714815992,0.0080188501160953,0.00544315752459775,0.00347841527212524,0.00208607760521489,0.00120392119474203,0.000610133021510878
"11",0.118058728448575,0.0563990424105332,0.0490921579563093,0.0502351942548643,0.0542671706473647,0.0583246328970155,0.0613770314746331,0.0630527523059224,0.0631872328109769,0.0617499284532383,0.0588321719022823,0.0546341812252707,0.0494396529663474,0.043580347406505,0.0373988026963094,0.0312139165412691,0.0252953155716121,0.0198520551110986,0.0150317133897551,0.010921947842465,0.00755086797342487,0.00490133045420446,0.00297858430339042,0.00173814864898604,0.000887092307646245
"12",0.0925329379269549,0.0462321320344191,0.0420058643195357,0.0443833869472674,0.0492273863317852,0.0542348693410779,0.0585136855448879,0.0616581658138459,0.0634111928234682,0.0636237077973581,0.0622599036769282,0.059400658827089,0.0552329648475918,0.0500253828145383,0.0440968026313444,0.0377819497608334,0.0314005573297595,0.025238490762512,0.0195370671941504,0.0144819321783361,0.0101892592224227,0.00671303331056488,0.00413107968042303,0.00243605199518884,0.00125153688771646
"13",0.0713213595383448,0.0372499235874365,0.0352512425396878,0.038397469097906,0.0436929862753618,0.0493269763034636,0.0545489236088057,0.0589491106593916,0.0622079222991131,0.064077205069979,0.0643978453654419,0.0631178774369648,0.0602982150596761,0.0561034791782772,0.0507836843561406,0.0446472829947175,0.0380319721805496,0.0312832728770776,0.0247360059439078,0.018688512868466,0.0133694322507628,0.00893260651772737,0.00556215654241254,0.00331228132007384,0.00171225612831373
"14",0.0540971959019847,0.0295214337867788,0.0290446580749105,0.0325735514512415,0.0380056496899401,0.0439551793249123,0.0498150635185396,0.0552014303555589,0.0597668895836359,0.063193587011081,0.0652167622168272,0.0656532239154879,0.0644218415265853,0.0615515474489538,0.0571811875227942,0.0515475512635297,0.0449659626334098,0.0378137145343421,0.0305083187495387,0.0234673123710265,0.0170515846573965,0.011542625350819,0.00726656402939432,0.00436683025860429,0.00227033482270671
"15",0.0404321552601175,0.023047028727243,0.0235388610887002,0.0271555343546904,0.0324753553013355,0.0384716957597485,0.0446781693339005,0.0507616065290972,0.0563803534396263,0.0611805072801671,0.0648188859178091,0.0669960872467535,0.0674877166334112,0.0661684629519315,0.0630327619712294,0.0582037009425374,0.0519314007934388,0.0445899203278658,0.0366590478419535,0.0286723720177671,0.0211351744849533,0.0144797352330033,0.00920769462875621,0.00557968382179283,0.00291608811217018
"16",0.0298475233540632,0.0177712018658763,0.0188223363304001,0.0223237650457186,0.0273585263246606,0.0331954457207752,0.0395001963978743,0.0460069587234898,0.0524072726021862,0.0583432799895985,0.0634245491628626,0.067259765515755,0.0694932786128265,0.0698417738679182,0.0681355433776924,0.0643515963446067,0.05863622881419,0.051323655622086,0.0429290817628141,0.0340897449641486,0.0254578437344737,0.017631407958262,0.011314007258968,0.00690781419357341,0.00362720245517887
"17",0.02185613106854,0.0135973990817316,0.014924873850025,0.0181919638810729,0.0228449087650144,0.0283880393499408,0.0346048870180688,0.0413042626733985,0.0482292760488852,0.0550439347811025,0.0613400598529895,0.0666626587805485,0.0705462811411831,0.0725594849160211,0.0723640863013363,0.0697728999397909,0.0648001910469116,0.0577083603179588,0.0490194571366222,0.0394549536452616,0.0298064908412039,0.0208420595922777,0.0134819095292386,0.00828631966967135,0.00436911077120417
"18",0.0159928181408878,0.010402409381503,0.0118268183343367,0.0148104541719382,0.0190524590842774,0.0242381276781719,0.0302505684024754,0.0369717907379721,0.0442048259384137,0.0516522843148909,0.0589116684233058,0.0654912490663705,0.0708417615978974,0.0744037743020777,0.0756807958183328,0.0743194869405806,0.0701885433425608,0.0634566677162005,0.0546276253694664,0.0444842859121419,0.033941616074927,0.0239301096557307,0.0155866124800186,0.00963491320398376,0.00509833391153765
"19",0.0118330249301914,0.0080484951808303,0.00946955765268152,0.0121732912661592,0.0160285186386194,0.0208537825198744,0.026611495844935,0.0332486785613152,0.0406275537136891,0.0484963482965142,0.0564731892462767,0.0640513127045043,0.0706233801113626,0.0755278057106158,0.078131205105789,0.077927162061542,0.0746412026164716,0.0683397626665237,0.0594908362769841,0.0489164119632798,0.0376328033623675,0.0267149451408824,0.0175006173601358,0.0108697569485788,0.00576886211987513
"20",0.00900096998274885,0.00639243747259084,0.00776556670527666,0.010227317429339,0.0137555400952381,0.018262080831534,0.0237685479761544,0.030274659049765,0.0376943208109116,0.0458199688221653,0.0542965954395218,0.0626168881238899,0.070137345631208,0.0761211614151548,0.0798260330005389,0.0806168327577345,0.078092266948029,0.0722213977067256,0.0634286839632537,0.0525568081315454,0.0406991083215152,0.0290492200491469,0.0191168294248096,0.0119188034158088,0.00634061649539323
"21",0.00717122865551042,0.0052923624564936,0.00660809030362628,0.00888297186254952,0.0121613549775236,0.0164165756436724,0.0217113023527012,0.0280842004005463,0.0354895265222733,0.0437566978417469,0.0525567206505573,0.0613890512727766,0.0695902646879812,0.0763726902550882,0.0809146818339746,0.0824827264842156,0.0805744087529813,0.0750769209555203,0.0663726555218128,0.055312223446628,0.0430427167280165,0.0308471805079479,0.0203696449491936,0.0127362375530189,0.00678756538364282
"22",0.00606647975596112,0.00461288200065394,0.0058802281868656,0.00802610317474359,0.0111328678321147,0.0152114681157523,0.0203507149549747,0.0266153143623304,0.0339876374999401,0.042324149871231,0.0513166245493627,0.060473031375249,0.0691204531664529,0.0764398943634151,0.0815572965654499,0.0836714178946856,0.0822078132390248,0.0769929899502602,0.0683752622017885,0.0572061245812217,0.0446667685685965,0.0321012088982619,0.0212481230373769,0.0133119493076876,0.0071031965465984
"23",0.00546580892888093,0.00423692629740468,0.00547201219567618,0.00754061142870157,0.01054479352243,0.0145161094426439,0.0195581255789589,0.0257507874360727,0.0330934215352459,0.0414593657609313,0.0505540814585378,0.0598923575635757,0.0687975058831295,0.0764334623825731,0.0818958009077465,0.0843427119513303,0.0831554627571341,0.0781221534933594,0.0695682434352193,0.0583435766213178,0.0456484029556686,0.032863038449055,0.0217840397742138,0.0136643773966553,0.0072968228435364
"24",0.00518821051029704,0.00406098397939266,0.00527912419424556,0.00730954109541843,0.0102630750895595,0.0141808375917919,0.0191733858849134,0.0253280722131204,0.0326526390895296,0.0410289932739807,0.0501697967182626,0.0595938144744962,0.0686231746764777,0.0764139822658495,0.0820471675264587,0.0846608625648568,0.0836140162398956,0.0786749780076916,0.0701570016843121,0.0589083075509017,0.0461380663291675,0.0332444764595907,0.0220531941882755,0.0138418296132503,0.00739446877826384
"25",0.00509543218040136,0.0040017130726688,0.00521375128084992,0.00723087077018965,0.0101667692354626,0.0140657590465575,0.0190407686835701,0.0251817030679869,0.0324992435704227,0.0408783314490917,0.0500342320077903,0.0594872287531321,0.0685591882015234,0.0764036220474457,0.0820964409921834,0.0847687872049297,0.0837717366150387,0.0788665828243072,0.0703621197996644,0.0591058175442955,0.0463098411756799,0.0333786075745317,0.022148029791135,0.0139044574573361,0.00742896565380485
