"","X0","X1","X2","X3","X4","X5","X6","X7","X8","X9","X10","X11","X12","X13","X14","X15","X16","X17","X18","X19","X20","X21","X22","X23","X24"
"1",0.481047342917321,0.155411189976149,0.0983083575691946,0.0583665763317122,0.0453898569185896,0.0377832425266924,0.0309715846776911,0.0247570544808789,0.0192685918534156,0.0145987820515866,0.0107679004827889,0.00773359314359281,0.0054098955870879,0.0036872076492899,0.0024494418751294,0.00158658655152224,0.00100238535259382,0.000617765272750659,0.000371331061442167,0.000217397782504827,0.000123621744732182,6.76671591141341e-05,3.51408879253671e-05,1.72863252938492e-05,1.0199821000175e-05
"2",0.446624486544314,0.148757803481715,0.0974195624468778,0.0614778800551689,0.049826751837519,0.0426649106371556,0.0359046360963125,0.0294537201288984,0.0235229144756273,0.0182862800593129,0.0138379937903698,0.0101956403843359,0.00731580805594764,0.00511390326666226,0.00348367518054051,0.00231353244776771,0.00149829626040774,0.000946256674667345,0.000582616310401713,0.000349139022342728,0.000202990740388961,0.000113393649332359,5.99487293434398e-05,2.99518210935515e-05,1.79079034958901e-05
"3",0.402510829254804,0.139682924284804,0.0955865760414656,0.0647604120698509,0.0549374451607598,0.048543450289538,0.0420637370605174,0.0355089534980497,0.0291730483946403,0.0233231296524427,0.0181461945437381,0.0137421482814485,0.0101321843184538,0.00727551511521354,0.00508962899558661,0.00346994310403607,0.00230615091924781,0.0014939757969167,0.000942970735339898,0.000578750276578675,0.000344163790355061,0.000196229222283169,0.000105605638944765,5.35809788480179e-05,3.24525761352197e-05
"4",0.355587806057805,0.129193388463098,0.0925680809289158,0.0671456324317647,0.0594403649510882,0.0541472224687851,0.0482877829648914,0.0419336833009164,0.0354320597461681,0.0291272860006241,0.0232972273924426,0.0181333918672806,0.0137381167022791,0.0101338767167556,0.00728060049919645,0.00509616050689231,0.00347611531521782,0.00231006946623163,0.00149473864813624,0.000939499845390145,0.000571313788122759,0.000332361696069294,0.000182004655797373,9.37325590964565e-05,5.74830270339587e-05
"5",0.308427708212829,0.117664864973936,0.0882578963351755,0.0681858916661519,0.0627703815181402,0.0588854879607097,0.0540153228936114,0.0482388023189471,0.0419121530105346,0.035425165253554,0.0291294588620212,0.0233055300510352,0.0181460896746878,0.0137537292285239,0.0101508282128353,0.00729706421773778,0.00510993626807013,0.00348445539676473,0.00231175096005544,0.00148812355410173,0.000925310510874649,0.000549116889805831,0.000305876835050463,0.000159840016149423,9.92151786955844e-05
"6",0.262681675432234,0.105431952783152,0.0826954757758178,0.0676805249860989,0.0646004771880276,0.0623555007593907,0.0588105550327044,0.0539998326615097,0.0482396149498905,0.041922334254156,0.0354422339829762,0.0291521678464704,0.0233330098677663,0.0181769348567539,0.0137857859359438,0.0101811588094048,0.00732189440276949,0.00512448666500276,0.00348658961446437,0.00229871345134638,0.001461363944548,0.000884440655348151,0.000500974314217245,0.000265539192363993,0.000166762637641413
"7",0.219630733982629,0.0928627612924337,0.0760450658887754,0.0656017526264836,0.0647664192458612,0.064279648735649,0.0623128491907901,0.0588148972332741,0.054016625840054,0.0482657118810727,0.0419570462979977,0.0354850720086176,0.0292023830728651,0.0233884541884425,0.0182339041354409,0.0138390840837731,0.0102241159478279,0.0073462118780134,0.00512642735351801,0.00346160852307492,0.0022495921640145,0.00138808334074937,0.000799217916790147,0.000429521875321427,0.000272811296529716
"8",0.180244761840477,0.0803427039267093,0.0685670752653294,0.0620688886874848,0.0632574612290022,0.0645149076638354,0.0642605709091809,0.062335449348739,0.0588508692410787,0.0540655229586112,0.0483280891347182,0.0420327222435305,0.0355729156557469,0.0292986404437134,0.0234865929871193,0.0183248062966782,0.0139111958453268,0.0102633806826619,0.00734627456657926,0.00508003566837526,0.00337393977131746,0.00212172938011109,0.00124125167728106,0.00067609210804416,0.00043412246834759
"9",0.145174297935637,0.068242386948307,0.0605825544284131,0.0573202954073296,0.0602055937276636,0.0630626714818791,0.06451925870246,0.0643067350320928,0.0624001955892158,0.0589360756827265,0.0541728551217485,0.0484573742380635,0.0421818625932048,0.0357352987734462,0.0294629534890343,0.0236372303501061,0.01844229298386,0.0139723846353557,0.0102578084599566,0.00726278347158976,0.00492797972081282,0.0031569525786484,0.00187564791169368,0.00103496585859613,0.000671544878157478
"10",0.114753471148065,0.0568864160232384,0.0524344111175531,0.0516764679756651,0.0558615179982947,0.0600636465807147,0.0630968063314774,0.0646004951197926,0.0644167232654251,0.0625432885328308,0.0591151566798692,0.0543874259715115,0.0487034855357051,0.0424481138811158,0.0360026134981776,0.0297053676856863,0.0238228539437998,0.0185341123526185,0.0139537449558797,0.0101122053598471,0.00700661449299859,0.00457004643544433,0.00275602450339935,0.00153982122015909,0.00100916939072991
"11",0.0890279264934752,0.0465297400989039,0.0444506342162328,0.0454978377208372,0.0505586227770508,0.0557759263672819,0.0601403326616113,0.0632317811450599,0.06478086334101,0.0646498780453079,0.0628335658234466,0.0594612100372462,0.0547820475587559,0.0491275649815978,0.0428703977713093,0.0363811581487137,0.0299894898317322,0.0239551318338546,0.0184889490456006,0.013707752630707,0.00969325613138441,0.00643307307538736,0.00393545829176179,0.00222514047215063,0.00147226149957983
"12",0.0678043409473442,0.0373445320352053,0.0369144477216743,0.0391435116689833,0.0446707539717292,0.0505399679149579,0.0559151508462786,0.060356528358029,0.0635186836079333,0.0651498063684555,0.0651069073654346,0.0633756079163683,0.0600756149120242,0.0554377303875979,0.0497748312197682,0.0434435120334014,0.0368020041189441,0.0301717212001041,0.0238608195432559,0.0180864927364486,0.0130430569203909,0.00880115423702968,0.00545798499250733,0.00312110107332888,0.00208373790280417
"13",0.0507126662178224,0.0294180548018163,0.0300445840171523,0.0329366982208075,0.0385706526599775,0.0447368690682873,0.0507700825377553,0.0562506714771596,0.0607994560795238,0.0640854376361288,0.0658482922593124,0.0659308938743129,0.0643037594948235,0.0610589196207579,0.0563995664561617,0.0506153354944835,0.0440460272910187,0.0370407983367694,0.0299926978744172,0.0232235392148791,0.0170641512270295,0.0116971285960576,0.00734772671421063,0.00424672579825982,0.00285926503107406
"14",0.0372713798281162,0.0227599760477725,0.0239866295754035,0.0271405857013652,0.0325949704470633,0.0387469105074143,0.0450955560207267,0.0512750017097598,0.0569140288135203,0.0616440123934698,0.0651208315765743,0.0670629377607461,0.0672901973829874,0.0657328820255867,0.0624434045942933,0.0575924854267854,0.051448038923168,0.0443414008865078,0.0367247182676863,0.0290166389390097,0.0217003964605523,0.0150960754422308,0.00959721856527698,0.00560217411900343,0.00380154858497863
"15",0.0269475093877492,0.0173163138964105,0.0188143422629569,0.0219459321024691,0.0270195976588388,0.0329142038228262,0.0392813562008536,0.045832049472051,0.0522380062518599,0.0581338195770131,0.0631313527463021,0.0668556216325469,0.0689912464195132,0.0693014611829095,0.0676616117030865,0.0640804250515294,0.0587019828260451,0.0517888888367371,0.0438162358140757,0.035279837146491,0.0268203121468433,0.0189135086518873,0.0121575917800885,0.00716182077890342,0.00489497265001171
"16",0.0192058237403408,0.0129867097344932,0.014538409912433,0.017469339140443,0.0220464693281763,0.0275210973431533,0.033679780797207,0.040321754600824,0.0471859056050352,0.0539439443128177,0.0602024299014283,0.0655297932600327,0.0695030620655317,0.0717298106963743,0.0718997706582304,0.0698317765580179,0.0655038171606682,0.0590616377587271,0.0509624819888198,0.0417506498188412,0.0322172018876352,0.0230017281933588,0.0149340031624415,0.00887035894727644,0.00610224342769137
"17",0.0135444640347541,0.00964193908621772,0.0111194873464529,0.0137596061861872,0.0178007496808908,0.0227734892353068,0.0285778739523586,0.0351017350938388,0.0421631677653488,0.0494939678622339,0.056726939906039,0.0634095532782801,0.0690446283952653,0.0731079440978451,0.0751122134856654,0.0746769730476523,0.0715880693839722,0.0658371970332572,0.0578254963151732,0.048113223333775,0.0376242811681618,0.0271583120041468,0.0177896038788528,0.0106442483566781,0.00736483607164457
"18",0.00951682055311084,0.00713929599796969,0.00848248326397654,0.0108089133442965,0.0143358471997279,0.0187961182782056,0.0241801525438867,0.0304562105029288,0.0375223725477382,0.0451812261623294,0.053112462399665,0.060871248245976,0.0679186560616179,0.0736290743301227,0.0773602876038785,0.0785413706658456,0.0767595530601295,0.0718323818943787,0.0640760412190715,0.0540365541189971,0.0427457240775853,0.0311485958971676,0.0205599844387935,0.0123800685353207,0.00860855705727882
"19",0.00674122471941723,0.00533439484675002,0.00652968480803899,0.00856570073379849,0.0116431216521889,0.0156355308845654,0.0206012704961175,0.0265755391356663,0.0335284722301502,0.0413329872988527,0.0497244137158791,0.0582840325951757,0.06645750839654,0.0735487303523739,0.0787906564069983,0.0814455054417212,0.0809144880133945,0.076840586669802,0.0694402579534602,0.0592229524361038,0.0473005679326172,0.0347406089855109,0.023077581458634,0.0139697736308424,0.00975440920539951
"20",0.00490118466674755,0.00408897200661793,0.00515134505485232,0.00694699749805657,0.00966361893163965,0.0132682686819154,0.0178672244179424,0.0235469826612667,0.0303364613155121,0.0381701104554195,0.0468372733306374,0.0559530460558753,0.0649651809672245,0.0731337296108073,0.0795991259974961,0.0834894959565448,0.0840476073462807,0.0807594773991865,0.0737423434103859,0.063457806852404,0.0510716174345752,0.0377464601811513,0.0252020433625675,0.0153204748544685,0.0107331515504235
"21",0.0037400400333381,0.00327565368716388,0.00423401736604747,0.00584985746074848,0.00830114573723117,0.0116136365514176,0.0159251538002378,0.0213583079563193,0.027985550080491,0.0357893724260584,0.0446043218258733,0.0540781910670969,0.0636693765907195,0.0726139714056294,0.0799895813810105,0.0848259060912339,0.0862433680172906,0.083601324072741,0.0769311149044088,0.0666463681728671,0.0539452510266956,0.0400582331464138,0.0268478045088941,0.0163730671799308,0.0114993855101401
"22",0.003052886930737,0.00278049253775073,0.00366687102756859,0.00516149517254837,0.00743563958541847,0.0105494552032848,0.0146599133585376,0.0199127897795455,0.0264096313092138,0.0341663727635107,0.0430506133785889,0.0527362340296068,0.0626938533801096,0.0721483599464742,0.0801385797658617,0.0856288289905242,0.0876546421125347,0.085484301565663,0.0790841665661974,0.0688280882426038,0.0559314598544897,0.0416685315569383,0.0280011757644709,0.0171144488443755,0.0120411683334442
"23",0.00268515386137326,0.00250962038447619,0.0033529519747119,0.00477620933471473,0.00694661933535043,0.00994252449449403,0.0139312766377725,0.0190717651496277,0.0254825397018682,0.0331996775682344,0.042111382992947,0.0519087273488847,0.0620718483725833,0.071821342185724,0.0801748882440117,0.086058770682378,0.088457383503297,0.0865826156026231,0.0803591203348139,0.0701336613601543,0.0571295145158796,0.0426457687870777,0.028704469853579,0.0175683130086602,0.0123738547647611
"24",0.00251717951304392,0.00238390999836611,0.00320603189118778,0.00459444766808055,0.00671436279911518,0.00965233627727595,0.0135804860837798,0.0186639182021708,0.0250294322356271,0.0327230907983031,0.0416435557112745,0.0514909390427951,0.0617508613014306,0.0716426620578308,0.0801743202275127,0.0862537330195545,0.0888399057681563,0.0871161653228059,0.0809855158658284,0.0707801078252903,0.057726208816495,0.0431346708424004,0.0290575629973281,0.0177968454865379,0.012541750247808
"25",0.00246145808577375,0.00234178704743221,0.00315654021996966,0.00453291220254407,0.00663539869409411,0.00955326118596213,0.0134602005691621,0.0185234306724658,0.0248725905462848,0.0325572263718522,0.0414797013593479,0.0513433955992493,0.0616360113178478,0.0715766428817514,0.0801700584607501,0.0863178428691046,0.0889701317185168,0.0873001445000906,0.0812031072072125,0.0710057976712259,0.0579353186547644,0.0433065017991107,0.0291819452490361,0.0178775020846713,0.0126010930317786
