"","X0","X1","X2","X3","X4","X5","X6","X7","X8","X9","X10","X11","X12","X13","X14","X15","X16","X17","X18","X19","X20","X21","X22","X23","X24"
"1",0.540862931516357,0.109151250995133,0.0674403914970468,0.056666647293943,0.0488987838526513,0.0413508338273629,0.0340541534577889,0.0272691185740236,0.0212249862371429,0.0160590506561425,0.0118135180800146,0.00845194472519739,0.00588319608542402,0.00398596339674034,0.00262976297997251,0.00169036364488899,0.0010591413370969,0.000646974775494199,0.000385459990892882,0.00022355924641595,0.000125790940533694,6.7920660639452e-05,3.45516612109691e-05,1.62584052363348e-05,7.44616264953667e-06
"2",0.496762404355092,0.10554935853186,0.0693805331517163,0.0602256713604532,0.0535160901807459,0.0465296294220916,0.039380504547133,0.0324025688399356,0.025912372441224,0.0201411009909266,0.0152191113163035,0.0111826787961205,0.00799291819105376,0.00555962821017465,0.00376498168412997,0.00248354207565347,0.00159660580097449,0.00100034156031077,0.000611077209418873,0.000363102006433268,0.000209059465657322,0.000115267938867611,5.97104898123383e-05,2.8525581298222e-05,1.3215852612246e-05
"3",0.440927810895694,0.100298861227704,0.0709501758346088,0.0638957460061551,0.0586958036786353,0.0526553766880288,0.0459475869218252,0.0389621569655834,0.0320994268060547,0.0256950023407225,0.0199883004499181,0.0151145264955851,0.0111136024216872,0.00794941419337667,0.00553392147779342,0.00375116356665254,0.00247718501548911,0.00159355830853549,0.000998936242800101,0.00060849764011165,0.000358631287373778,0.000201942763441873,0.000106516369147851,5.16533752904611e-05,2.42030277830489e-05
"4",0.382574909029088,0.093767234767409,0.0712344965091212,0.0664242443034628,0.0630265582643304,0.0583086525437851,0.0524415182016522,0.0458178885800684,0.0388819091609896,0.0320505412783419,0.0256667265612545,0.0199738003454508,0.0151095531773892,0.0111152649101514,0.00795539389639916,0.00554234139866469,0.0037603659628777,0.00248407369954204,0.00159807945635822,0.000997927837437467,0.000601956812266716,0.000346060675948851,0.000185785568752057,9.1413447123352e-05,4.33036121342166e-05
"5",0.325146291010273,0.0861232205603082,0.0699110185506397,0.067319736064696,0.0659005611356801,0.0628317158749648,0.0582187959830857,0.0523960238832431,0.0457956862491346,0.0388735183396524,0.0320511652656375,0.0256736705619802,0.0199858394599964,0.015125764197767,0.0111342838775881,0.00797562593957694,0.0055618755772186,0.00377431440456216,0.00249265410324366,0.0015959028204602,0.000985238173254482,0.000578168822208653,0.000315834490728846,0.000157627734662719,7.54669194356067e-05
"6",0.270732845508115,0.077605341631181,0.0669442254421752,0.0664069725354723,0.0670011772965423,0.0657991814278974,0.0627935416801715,0.0582051206574254,0.0523950850200805,0.0458032074877769,0.0388878845563126,0.0320715361308538,0.0257001128171724,0.0200179574780716,0.0151617929539729,0.0111716709219424,0.00801101591517946,0.00558670174398481,0.00378877462377374,0.00248740110416013,0.00157156052903845,0.000941198160597662,0.000522996309275498,0.000264669628326271,0.000128028440499337
"7",0.220820214403262,0.0685308847860766,0.0624940493412728,0.0637276828445761,0.0662162093341113,0.0669502561088759,0.0657868654737063,0.0627965105196224,0.0582176000705808,0.0524160505784047,0.0458330025851667,0.0389266554252532,0.0321201413390473,0.0257581354561489,0.0200823534895745,0.0152279632038232,0.0112334927719645,0.00805365452325871,0.0056100716160324,0.00377705913526671,0.0024420026686666,0.00149217770409212,0.000843146251586564,0.000432503197679719,0.000211317171948642
"8",0.176399701061719,0.059259891060804,0.0568596033056204,0.0594961954537899,0.0636181443124359,0.0661953813263708,0.066954683715743,0.0658037439126989,0.0628241097863416,0.0582573539876807,0.0524699464846375,0.0459019286503974,0.039012206176334,0.0322214659213679,0.0258697928150308,0.0201961063035377,0.0153328727647819,0.0113045141534939,0.00808993724425534,0.00558561989810405,0.00369482447748151,0.00230278053677843,0.001322611361994,0.000687441890345374,0.00033914339825483
"9",0.137996817206433,0.0501522234183801,0.0504234323514735,0.0540528205951054,0.0594395316298112,0.0636184703690108,0.066215423553199,0.0669890024096008,0.0658538173953516,0.0628938506516607,0.0583506440594967,0.0525884693952365,0.0460481198637192,0.0391841987313846,0.0324096931509645,0.026059868643957,0.0203690444503567,0.0154475387993385,0.0113584171871661,0.00804162874087878,0.00544099013656334,0.00345737988864726,0.00201759063320636,0.001062124538059,0.000528902200997408
"10",0.105715396018788,0.0415289579976693,0.0435957086196096,0.0478096861470408,0.0540328604323648,0.0594591384516605,0.0636583397619819,0.0662758061013142,0.0670746156669773,0.0659717069763222,0.0630504694317152,0.0585486869262791,0.0528313349244229,0.0463319430506833,0.0394925920202348,0.0327182405607704,0.0263366012885016,0.0205482954364437,0.0155237059758388,0.0112674570538057,0.00779475543685411,0.00504740982429787,0.00299117690197711,0.00159413958462288,0.000800975409822802
"11",0.0793099389939518,0.0336440819912585,0.0367645529903341,0.0411952102252697,0.0478190884873718,0.0540752464918444,0.0595279525867537,0.0637590721050161,0.066417172686756,0.067268015651068,0.0662272178249015,0.0633720957544232,0.0589407922703732,0.0532864096492348,0.0468227016080286,0.0399788092648848,0.0331477346880826,0.0266075619197112,0.0206497225152343,0.015359811907162,0.0108586808461848,0.00716112155937504,0.0043071690928957,0.0023227376648277,0.00117710122505484
"12",0.058277172011564,0.0266693346086214,0.0302584582070475,0.0346053791162047,0.041233551959874,0.0478927002141462,0.0541875689689315,0.0596902974921324,0.0639855812351819,0.0667253685222415,0.0676730008992069,0.0667346028168783,0.0639869040676192,0.0596492290999905,0.0540443652472642,0.0475658986913745,0.0406247356705503,0.0335432189810093,0.0267329125328527,0.0203664312794233,0.0147036168248343,0.0098686052098878,0.00602030316692705,0.00328328618244003,0.00167747699379472
"13",0.0419527960191672,0.0206920961063321,0.0243240176457073,0.028368131227376,0.0346781250367647,0.0413519976666719,0.0480694910881269,0.0544413161784445,0.0600426349841884,0.064462450663391,0.0673485844588412,0.0684499480796098,0.0676700953065122,0.0650568459795515,0.0607844520843444,0.0551453302596931,0.0485063065465392,0.041181166200727,0.0336829088064612,0.0262624896764588,0.0193459152384491,0.0132032709948131,0.00816340222243283,0.00449961218581048,0.00231661534358458
"14",0.0296007066365637,0.0157239239834236,0.0191188979934035,0.0227237376152641,0.0284861041689616,0.0348605874405951,0.0416215238707531,0.0484542468355197,0.0549730827197911,0.0607585138192734,0.0653928089638788,0.0685024408462427,0.0698301498884409,0.0692364750969642,0.0667042980565962,0.0623637240539495,0.056469432778956,0.0492595684943854,0.0413124240539965,0.0329318785768074,0.024726041288353,0.0171426964543477,0.0107331957052958,0.00597514583037552,0.00309839482785982
"15",0.0204858728976859,0.0117160273210061,0.0147173662999496,0.0178205743857593,0.0229027266175759,0.0287575282520102,0.0352587972897327,0.0421871213867147,0.0492322806397729,0.0560148169427703,0.0621046358724384,0.0670532869853509,0.0704751667307702,0.0720510874458092,0.0715510133030993,0.0688959483776392,0.0641649398929944,0.0574485683268062,0.0493412441553451,0.0401593521493677,0.0306943271766255,0.0215934316206702,0.0136779303443579,0.00768468449589238,0.00401127108985453
"16",0.0139266702239995,0.00857770939724188,0.0111242076265211,0.0137230489398149,0.0180806989757605,0.0232933298183174,0.0293273233692153,0.0360640984031262,0.0432895899312475,0.0507002994066935,0.057900766803962,0.0644179542224663,0.0697824178827307,0.0735223690160803,0.0751964344523773,0.0744910348376038,0.0712610049585923,0.0653842941923012,0.0574171542025477,0.0476388913503172,0.0370100514746843,0.026385326707511,0.0168908956244699,0.00956934743619815,0.00502508074621817
"17",0.00932651966562459,0.00619436968352497,0.00829258768631209,0.0104271074720831,0.0140874900805736,0.0186243425193721,0.024082154500059,0.0304366783693203,0.0375754555979096,0.045290934895307,0.0532563115091591,0.0610178828091118,0.0680691142653598,0.0738247287420671,0.0776536591304375,0.0790059803506981,0.0774861126814306,0.0727124056905988,0.0651532802440215,0.0550011964069576,0.0433586754645864,0.0312804726858512,0.0202140112929951,0.0115374823044583,0.00609104595217892
"18",0.00618755634004211,0.00444269649468873,0.00614207029618549,0.00787871620268889,0.0109198897785288,0.0148185605711428,0.0196796780779875,0.0255590455521555,0.0324389731004691,0.0402122714177632,0.0486387491438381,0.0573150757147007,0.0657377273167901,0.0732499567638864,0.0790659887997788,0.0824191089760178,0.0826623637948641,0.0791335846081867,0.0721772763198581,0.0618590303360749,0.0493885337796499,0.0359993290342121,0.0234541022794763,0.013473499849182,0.0071462154518299
"19",0.00411052195514974,0.00320180625526693,0.00457412432732697,0.00599155937477136,0.00852131400636424,0.0118684822502108,0.0161811454893394,0.0215774427448685,0.0281196319211797,0.0357927820428543,0.0444458143246481,0.053741280023312,0.0632062057086222,0.0721492483181162,0.0796700435596531,0.0848198265063826,0.0867223431450071,0.0844426039271338,0.0781844860455513,0.0678644439266915,0.0547633886937847,0.0402624742312841,0.0264115545798855,0.0152548523526863,0.00812262428990765
"20",0.00278550156589111,0.00236015065462111,0.00348381513486187,0.00466166300262161,0.00679845363607469,0.00970700986743587,0.0135637837597601,0.0185316405291511,0.0247344178890858,0.032233340435112,0.0409569131997644,0.0506346859012367,0.0608372904061389,0.0708654127922653,0.0797419458172781,0.0863780738333335,0.0897069460852814,0.0885535690428383,0.0829848437811021,0.0727671065695743,0.0592213649300631,0.0438408452301262,0.0289167492263593,0.0167746029288474,0.00895987378117392
"21",0.00197817466508416,0.00181912233421885,0.00276802468592188,0.00377873193407358,0.00563621592729941,0.00822465681410383,0.0117376603885324,0.0163676199099103,0.0222817092969265,0.0295979201741095,0.0383076812874084,0.0481981441559461,0.0588839136141492,0.0696726547887956,0.0795411470317158,0.0873022260950095,0.0917451506380198,0.0915044453308858,0.0865302177379699,0.0764569716816566,0.062623233766979,0.0465999468083005,0.0308637765086113,0.0179631134502298,0.00961754097414047
"22",0.00151484712818004,0.00149426940225768,0.00233072943859181,0.00323433958541356,0.00491023431632891,0.00728629506934806,0.0105656026288739,0.0149583729840325,0.0206594757118866,0.0278249622529488,0.0364904024606616,0.0464857848034138,0.0574616693859149,0.0687377591789487,0.079266233160427,0.0877973675205168,0.0930225987769498,0.0934412285089093,0.0889160297167306,0.078980371893825,0.0649770652914052,0.0485258166445878,0.032231964343353,0.0188027011445876,0.0100838786519053
"23",0.00127298880193687,0.00131854802912873,0.00209100279619065,0.00293377635373145,0.00450541014734982,0.00675771158479191,0.00989843529524828,0.0141473626151762,0.0197149619548858,0.0267795501785337,0.0354034034087402,0.0454435009108161,0.0565744628220225,0.068126505786323,0.079040411220167,0.0880314592449805,0.0937331531904345,0.094561858060012,0.0903247802560477,0.0804896086332534,0.0663979527874725,0.0496964088846701,0.0330679956718893,0.0193178742227627,0.0103708771434328
"24",0.00116455151682565,0.0012376803489579,0.00197960982711944,0.00279339597413662,0.00431498049770176,0.00650725684858551,0.00957995073074154,0.013757187116625,0.0192567919046433,0.0262678857340088,0.0348660171206401,0.044921954852274,0.0561230978917545,0.0678060417168774,0.0789071459480307,0.0881253083050908,0.0940656522771574,0.0951028221694303,0.0910153615931013,0.0812365524791298,0.0671059981692271,0.0502827101183061,0.0334883729149054,0.0195777189156972,0.0105159550290307
"25",0.00112901249007024,0.00121073108909889,0.00194226036350578,0.00274617357632966,0.00425063317897514,0.00642223969830597,0.00947133302347885,0.0136234678841939,0.0190989552150244,0.0260906328700183,0.0346786854858911,0.0447387810182925,0.0559629647103987,0.0676903172311293,0.0788559303391755,0.0881532034899718,0.0941774341327042,0.095288566299143,0.0912548872750975,0.0814972418626427,0.0673542089997202,0.0504889219176605,0.0336366025083706,0.0196695274276926,0.0105672879131072
