"","X0","X1","X2","X3","X4","X5","X6","X7","X8","X9","X10","X11","X12","X13","X14","X15","X16","X17","X18","X19","X20","X21","X22","X23","X24"
"1",0.224653462252756,0.112974527823033,0.0912213090385956,0.0867706044954751,0.0827567042348668,0.0767946625636134,0.0688808977589489,0.059618604135226,0.0497851922572667,0.0401262232174548,0.0312362512481511,0.0235039722580076,0.017109912452094,0.0120602445047011,0.00823834301298597,0.00545841896594208,0.00351082309495054,0.00219420026623039,0.00133414081423474,0.000790691554317263,0.000458160282335213,0.00026051623248034,0.000145269455098326,7.75602749340681e-05,3.93078063026054e-05
"2",0.190220211474918,0.0991084499185982,0.0838872781712971,0.0830635139092995,0.0822254358692135,0.079097055766521,0.0734871790873589,0.0658406206494237,0.056878318229414,0.0473968539769842,0.0381236337639678,0.0296228972694976,0.0222545781405059,0.016178826181118,0.0113916533141132,0.00777524389162636,0.00514892798276832,0.00331159318256996,0.00207140386833369,0.00126273260425576,0.000752649905541473,0.000440204908260594,0.000252163014930293,0.000137719118989908,7.08558004938016e-05
"3",0.150110918211456,0.0822226889180019,0.0740598971244694,0.0771291977142949,0.0799027075741801,0.0802419597653424,0.0776986272826622,0.072453768984095,0.065064965887889,0.0562972824354668,0.0469674521121221,0.0378129112525902,0.0294037733114745,0.0221044585009682,0.0160792558654096,0.011328185331564,0.00773719873410445,0.00512893703692406,0.00330489549653236,0.00207487159868996,0.00127360715526725,0.000766903492781197,0.000451527755524837,0.000252272667265716,0.000131735790924835
"4",0.113113404156986,0.0656133492165216,0.0631505251844556,0.0692716585378183,0.0751590535870724,0.0788414410215009,0.0796068300725027,0.077301495690649,0.0722005840215857,0.0649022534817795,0.0561927893026837,0.0469009345277283,0.0377712881597078,0.029378521597245,0.0220901681419407,0.0160728111936812,0.0113282761876406,0.00774391078329113,0.0051431693327097,0.00332735994844848,0.00210450895084571,0.00130522271933567,0.000789934224627912,0.000451371424875184,0.000239138534368619
"5",0.0818658761408145,0.0505017990807961,0.0519476112605094,0.0599659597913397,0.0680993432353831,0.0745976548190466,0.0785438287651892,0.079442818936525,0.0772098320647985,0.0721490437985434,0.0648732797146451,0.0561767007287214,0.0468924138749378,0.0377675896966539,0.0293786130897983,0.0220944032404781,0.0160828480174685,0.0113468963787854,0.00777433224679523,0.00518744927958338,0.00338365372933456,0.00216294096581703,0.00134599512952531,0.000786485550303327,0.000422630464207837
"6",0.0570035117463588,0.0374875738071708,0.0411512920973757,0.0499190599612031,0.059291645405276,0.0678076433301122,0.0744576551698044,0.0784740753360981,0.0794077995396067,0.0771922880898811,0.0721404067235835,0.0648693831196758,0.0561757309408777,0.0468940283282903,0.0377726945956471,0.0293895295964579,0.022115137192918,0.016118957281242,0.0114042950227854,0.00785637879800856,0.00529000896338309,0.00348789005692756,0.00223248665370544,0.00133378111212951,0.000726747131482089
"7",0.0382081871956552,0.0268203114731521,0.0313509871929628,0.039907007165498,0.0495432832927141,0.0591435601185144,0.0677425198609619,0.0744278419033563,0.0784604175869225,0.0794016998559014,0.077189895236537,0.0721402230891933,0.0648712953575721,0.0561808158188844,0.0469048620480136,0.0377939878405532,0.0294287198041096,0.022182109218494,0.016223780073026,0.0115519182193601,0.00803792253250201,0.00547054350012531,0.00360252786668019,0.00220029888649716,0.00121528486281424
"8",0.0246587033958112,0.0184831064082833,0.0229506941929849,0.030614722720559,0.0397040706598969,0.0494701074358709,0.0591139074128526,0.0677299546013806,0.0744226121657396,0.0784585364634773,0.0794017040207394,0.077191707711233,0.0721449245600575,0.0648814856763362,0.0562014705175111,0.0469445302377546,0.0378657411882255,0.0295494429971862,0.0223682716292805,0.0164820289595818,0.0118641760654795,0.00834136605609501,0.00565284303762485,0.00352881771636248,0.00197507416967694
"9",0.0153252431668279,0.0122637954363526,0.0161365603890638,0.02253012788975,0.030508502453237,0.0396689388464434,0.0494569815465205,0.0591087969228761,0.067728187137573,0.0744225812246586,0.0784600900791077,0.0794058269044875,0.0772008740723689,0.0721640467724857,0.0649194826815577,0.0562732362271541,0.047072283478313,0.0380773835408436,0.029870897088919,0.0228073048329481,0.0170035766224478,0.0123587109623049,0.00862034867073244,0.00549865401308772,0.00311756903993952
"10",0.00917334159663141,0.00783232200338528,0.0108947057416021,0.0159045883082968,0.0224762408332705,0.0304921376978565,0.039663348171211,0.0494551092656557,0.059108626402837,0.0677294127348898,0.0744260194810855,0.0784679755096195,0.079422769898578,0.0772355896530929,0.0722319441349603,0.0650457024132482,0.0564943801866581,0.0474329466901288,0.038616730176138,0.0305957288797861,0.0236525685991767,0.0177842807008542,0.0127682727878917,0.00831913912400013,0.00477611900914691
"11",0.00528926851794829,0.00481408114350184,0.0070634841253489,0.0107711532520162,0.0158781012447298,0.0224688745360274,0.0304899356072676,0.039662981773858,0.0494559871671474,0.0591113467937282,0.0677358846258546,0.0744403652720745,0.0784982842992793,0.0794839579512945,0.0773534600385576,0.0724476445439622,0.0654176355528558,0.0570913949727574,0.0483116160632157,0.03977798664224,0.0319238642390011,0.024845087809859,0.0183586226640347,0.0122124290395796,0.00709655212386124
"12",0.00293821042960812,0.00284765435525713,0.00439839678964936,0.00699994838709317,0.0107585594564308,0.0158749525461639,0.0224682403335569,0.0304904791658938,0.0396650149116666,0.0494610415499638,0.0591229240415514,0.0677611283675132,0.0744929618695033,0.0786029690477838,0.0796826197836953,0.0777113554830765,0.07305494178005,0.0663768380641074,0.0584802116856127,0.0501155063167982,0.0417993675915586,0.0336842339962342,0.0256099264215551,0.0173833585752596,0.0102191590504179
"13",0.00157277261331331,0.00162123336531741,0.00263122200874025,0.00436686588113002,0.00699419186752026,0.0107573850821859,0.015875173672051,0.0224696641736716,0.0304942255499485,0.0396738977871219,0.049481047475501,0.0591659724027232,0.0678496368516014,0.0746666728093787,0.0789277591936362,0.0802586687655341,0.0786731974713023,0.074549458419479,0.068504731900455,0.061194760621517,0.0530925803192618,0.0443073656500018,0.0346430660761317,0.0239767330493703,0.014251716993107
"14",0.000811379766723195,0.000888485201022666,0.00151269486097123,0.0026161428739379,0.00436439886072156,0.00699400861786716,0.0107582933828409,0.0158778007429746,0.0224761297405848,0.0305092751730182,0.0397073598423417,0.0495521526086811,0.0593102658405786,0.068128934432321,0.0751812344475307,0.0798262909604039,0.0817348984981415,0.0809292452835372,0.0777069298168259,0.0724582811651255,0.0654334578499427,0.0565362634282252,0.0454233097906045,0.0320267955164792,0.0192359712985998
"15",0.000403495062987017,0.00046879605194161,0.000836059378801674,0.00150578142910738,0.00261526153443504,0.00436484544016716,0.00699573783373338,0.0107627475250483,0.015888523276326,0.0225007718402461,0.0305634145101177,0.0398209960187077,0.0497797918780128,0.0597448859627844,0.0689180365229123,0.0765380053114054,0.0820195877594193,0.0850311276363445,0.0854623381501763,0.0832745255224215,0.0782866050835818,0.0699839529041792,0.0577121022201622,0.0414089316852644,0.0251136794617181
"16",0.000193460001198377,0.000238203739493888,0.000444421035529859,0.000833080311316675,0.00150572407419692,0.00261629470074089,0.00436773954619066,0.00700295783276969,0.0107799008872717,0.0159274934681475,0.0225853973093625,0.0307388971769608,0.0401680697714264,0.0504335284232661,0.0609148032150883,0.0708989521011325,0.0796890092071526,0.0866760240811802,0.0913217193926596,0.0930365678958503,0.0910069650093411,0.0840650152411543,0.0710456258731729,0.0518082830644595,0.0317018666409372
"17",8.945005397203e-05,0.000116595280281134,0.000227324596327295,0.000443313403326698,0.000833558136849303,0.00150748003571235,0.00262087712419508,0.00437899972465217,0.00702941139122754,0.0108393353031539,0.0160550876390613,0.0228468429250136,0.0312495445650733,0.0411171965864752,0.0521081370908461,0.0637077273242505,0.0752711434568188,0.0860422591813455,0.0951058604460207,0.101267417700643,0.102926848217666,0.098049199737674,0.0847561985285245,0.0627214754851757,0.0386887160657156
"18",3.98996011652758e-05,5.50077760130714e-05,0.00011198337041212,0.000227139092878787,0.000444274006123514,0.000836286836244897,0.00151443136208287,0.00263776566931774,0.00441825624556796,0.00711666016349172,0.0110245575598854,0.0164302215275332,0.0235706367872481,0.0325775167449307,0.0434280484141351,0.05590571134012,0.0695600987059964,0.0836348567570538,0.0969418380392934,0.107702965560656,0.113457320895218,0.111156115694108,0.0980452402293656,0.0735035891171775,0.045659578503981
"19",1.71855515740242e-05,2.50480397131572e-05,5.32262493653823e-05,0.000112318887600959,0.000228643860619213,0.000448289064117396,0.000846383160566047,0.00153871597177323,0.00269364964519096,0.00454118547434638,0.00737485954949298,0.0115417114371725,0.0174164402687903,0.0253577996734681,0.035646509397157,0.0484005203793908,0.0634534851593523,0.0801733938926205,0.097223485027956,0.112326786494851,0.122180490046655,0.122676916649991,0.11010395251276,0.0834625939733128,0.0521564096321638
"20",7.16857627410858e-06,1.1052510750405e-05,2.45332003719276e-05,5.39344511554142e-05,0.000114466397553182,0.000234253007361434,0.00046226331193994,0.000879701799916661,0.00161470187416468,0.00285924527625324,0.00488563691451287,0.0080577771917869,0.0128301053435268,0.01972457846806,0.02927299582037,0.0419066588454727,0.0577686327765991,0.0764257733284325,0.0965030401730677,0.115344989462903,0.128909601146779,0.132097673192708,0.120260807794399,0.0919874500237453,0.0577629591118965
"21",2.92312287481773e-06,4.78259990666704e-06,1.1122496121575e-05,2.5567651086584e-05,5.68071346240176e-05,0.000121894348291406,0.000252624799501644,0.000505744984854111,0.000978103563257524,0.00182742073464345,0.0032979672025686,0.00574766937535073,0.00966860799808026,0.0156864666379624,0.0245164676304314,0.0368438996032212,0.0530906294756723,0.0730388907246985,0.0953482828441207,0.117109594648882,0.133699095632063,0.139187832027289,0.128112860331972,0.0986731668853683,0.0621915775471582
"22",1.19856185611491e-06,2.0980455091248e-06,5.14716346752307e-06,1.24592360334848e-05,2.91851421490278e-05,6.61066992931212e-05,0.000144771334660123,0.000306458317039584,0.000626824934371355,0.0012381286070934,0.00235995103493741,0.00433647990316155,0.00767266835077424,0.0130524282553652,0.0213097759810776,0.0333099569283503,0.0496889637816677,0.0704143848064706,0.0942101667724135,0.118017790793444,0.136806082019843,0.144030858269877,0.133604191415263,0.103407178598833,0.0653467450470502
"23",5.36592562551577e-07,1.01729446018046e-06,2.65441146715394e-06,6.81054981587728e-06,1.68990014773717e-05,4.05087274140724e-05,9.37513676380856e-05,0.000209332011993556,0.000450562645232245,0.000933922003262631,0.0018621566574684,0.00356717393620025,0.00655572485342186,0.01154011406774,0.0194211169119143,0.0311729593007546,0.0475694127108944,0.0687066290462515,0.0933675300639646,0.118418138559476,0.138581188469297,0.14692240372828,0.136946347918555,0.106317259174717,0.0672958499957421
"24",3.05540610021175e-07,6.24733514610512e-07,1.72198863345752e-06,4.64081041693343e-06,1.20571610977767e-05,3.01669478686591e-05,7.26367371512749e-05,0.000168189661676349,0.000374201317121249,0.000799243748238252,0.00163712124041448,0.00321232667040461,0.00603041980385761,0.0108153203644925,0.0184989784001499,0.0301095947721277,0.0464922554311428,0.0678130793875162,0.0928919978447484,0.118563449243344,0.139428168478167,0.14835089772903,0.138621712866952,0.107787001056151,0.0682838880651733
"25",2.41871487124377e-07,5.13450619487944e-07,1.45216392464991e-06,4.00121703991409e-06,1.06044346364981e-05,2.70109485312952e-05,6.6087467379951e-05,0.000155227649335627,0.000349781403915693,0.000755554228810476,0.00156311430459617,0.00309408991163122,0.0058531709348825,0.0105677722734793,0.0181802601942171,0.0297376099815001,0.0461104295269943,0.0674906576885972,0.0927129539396858,0.118602146756543,0.139716462246226,0.148848747315844,0.139211253094101,0.108306732689211,0.068634124306811
