"","X0","X1","X2","X3","X4","X5","X6","X7","X8","X9","X10","X11","X12","X13","X14","X15","X16","X17","X18","X19","X20","X21","X22","X23","X24"
"1",0.227911758009276,0.0942347610597087,0.0904311706832146,0.0875909885963364,0.0843335416388801,0.0787535858419443,0.0709860711796419,0.0616796665999855,0.0516578681439993,0.0417221574355855,0.0325205112739719,0.0244843410089455,0.0178221675524073,0.012553846542767,0.00856511595247695,0.00566520500685936,0.00363586189688109,0.00226631684415208,0.00137366462563184,0.000811162571640632,0.000468222703423069,0.000265534484774004,0.000148418319130931,7.98732171684542e-05,3.81888111981134e-05
"2",0.191485877505085,0.0828619668685355,0.0826469729715274,0.0833160121377683,0.0832984817186691,0.0806997250204187,0.0754084602880202,0.0678801453228432,0.0588589853816362,0.0491860075615564,0.0396416300872498,0.0308403404532381,0.0231815694053382,0.0168509970565215,0.011856774289259,0.00808275315551469,0.00534322010029724,0.00342878621696631,0.00213871834009508,0.00129944346754905,0.00077183235597964,0.000450481124472305,0.000258903524791886,0.000142669203777751,6.92464428903831e-05
"3",0.149388438809137,0.0689078797883373,0.0723285655276171,0.0766908777734708,0.0803045335709378,0.0813080773070059,0.0792719910563531,0.0743465364544345,0.0670792938090177,0.0582570429389278,0.0487400942524573,0.0393185345160808,0.0306123835733412,0.0230254085698904,0.0167474083380369,0.0117906091098313,0.00804276027923488,0.00532163913972207,0.00342070859111411,0.00214114005507745,0.00131018050913832,0.000787751990909451,0.000465804111781858,0.000262852878205369,0.000129487049940515
"4",0.111021497536116,0.0550569755976338,0.0610351303688838,0.0681793336949951,0.0748418357888357,0.0792481858508407,0.0806627164788017,0.0788660388081237,0.0740867262801652,0.0669119029086899,0.0581493348777361,0.0486714440687695,0.0392755097414729,0.0305861563364462,0.0230102933598126,0.0167400308965055,0.0117894480145082,0.00804781619172406,0.00533399970157131,0.00344163915468435,0.00217086367080239,0.00134527373870474,0.000818569135750807,0.00047291432822356,0.000236363470202592
"5",0.0790975078283218,0.0423559296840299,0.0496149843225149,0.0583448649729594,0.0671049997720631,0.0742922665128356,0.0789494892572278,0.0804971346233872,0.0787732131398911,0.0740344383445086,0.0668824360408299,0.0581328962618587,0.0486625921839392,0.0392713528609319,0.0305854665077198,0.0230131721173803,0.0167479082550659,0.0118050735512855,0.0080748631775126,0.00537564127166149,0.00349844653225569,0.00223617941006759,0.00140072174443203,0.000828443894374151,0.000419977732946348
"6",0.0541281271263189,0.0313606225634122,0.0387856086239144,0.047951523971322,0.0577444029067615,0.0668255686067367,0.0741540342990786,0.0788801913273329,0.0804622687582053,0.0787557176057917,0.0740257574494262,0.0668783816598292,0.0581315632289408,0.0486634579971704,0.039275022605498,0.030593846181197,0.0230299032325321,0.0167785623343828,0.0118564852401999,0.00815251153626442,0.00547978006410707,0.00361588892550331,0.00233259879967105,0.00141221540741569,0.000725959548988344
"7",0.0356052393989168,0.0223301503674521,0.0291201507423244,0.0377979729557441,0.0476275082893729,0.0576061333435929,0.066762469767437,0.0741249333823375,0.0788668286278423,0.0804562572587614,0.0787532368202321,0.0740252574792284,0.0668795806394084,0.0581352101788581,0.0486715927522887,0.0392916398296473,0.0306257987704609,0.0230872155434171,0.0168730898409919,0.0119970798710519,0.00833802408607385,0.00568487662903536,0.00377831710055196,0.00234132420618507,0.00122011211878846
"8",0.0225216496223397,0.0152814376552012,0.0209812551975589,0.0285556522669744,0.0376290047289402,0.0475611592093048,0.0575779977592103,0.0667504187549405,0.0741198755704338,0.0788649118791411,0.0804559897424618,0.0787543906023755,0.0740285827462352,0.066887082305207,0.0581509298159249,0.0487028825119789,0.0393506784316704,0.0307299210870354,0.0232562414984784,0.017120625998153,0.0123182469103033,0.00868574782529686,0.00594966481443179,0.00377302978120144,0.0019926232852016
"9",0.013702402205419,0.0100468601328319,0.0145011843208306,0.0206702704998565,0.0284704383341801,0.0375981879102835,0.04754898173677,0.0575731605127713,0.0667486641433712,0.0741196267291849,0.0788658832645988,0.0804588488827912,0.0787610069586406,0.0740428319510031,0.0669163133823254,0.0582081089943373,0.0488089454108378,0.0395346529268189,0.0310238035700917,0.0236798198103792,0.0176606530550976,0.0128901336932591,0.00910283655174115,0.0059062693542794,0.00316011566830011
"10",0.00802056248949053,0.00634468892448609,0.00961292274669315,0.0143359489796554,0.0206286833372915,0.0284566013492825,0.0375931125298554,0.0475471858440561,0.0575728300789848,0.0667494016676682,0.0741219559200737,0.0788714534398964,0.0804712179642325,0.0787871475960058,0.074095604158882,0.0670178715551875,0.0583933477520683,0.0491249318735679,0.0400311912975418,0.0317277892686087,0.0245610835086391,0.0185722305149698,0.0135238167789357,0.00897515229871356,0.0048632681252144
"11",0.00451775939228375,0.00384856188799233,0.00611256182406301,0.00952822185004775,0.0143163021837585,0.0206226958443736,0.0284546209487009,0.0375926526730451,0.0475476771318804,0.0575746242923795,0.0667538674842326,0.0741322008238526,0.0788938026019371,0.0805177564595864,0.0788796814722967,0.0742708429651078,0.0673321807118182,0.058920544278543,0.049939594039484,0.0411667304603239,0.0331223786128419,0.0259679420220822,0.0194988275038475,0.0132305479807457,0.00725742455477587
"12",0.00244934149736184,0.00224255873462008,0.00372910043153503,0.00607067166795243,0.00951924366740133,0.0143138392721207,0.0206220765846238,0.0284548817308077,0.0375939519236975,0.0475510785107801,0.0575826997955428,0.0667720704901972,0.0741713598790265,0.0789742049741466,0.0806752474537819,0.0791732132170806,0.0747885661854489,0.0681859203366308,0.0602174251780314,0.0517157875475484,0.0433049425482913,0.0352223169549996,0.0272685272517279,0.0189069568342512,0.0104940173323949
"13",0.00127843841093438,0.00125554708221001,0.0021834056279299,0.00370911899875964,0.00606672197797422,0.0095183443693896,0.0143138957210423,0.0206229525980142,0.0284573363573725,0.0375999960842207,0.0475651664522896,0.0576140323406388,0.0668385879484765,0.0743060543182873,0.0792341574275734,0.0811521227395994,0.0800003344088247,0.0761293097116031,0.07018735135653,0.0629092242628012,0.0548890683929779,0.0463329320022639,0.0369689092747607,0.0261747858891862,0.0146922062463402
"14",0.000642550861593751,0.000675579263763663,0.00122736598464795,0.00217422590177295,0.00370748283025767,0.00606655211789523,0.00951888052960072,0.0143155686983252,0.0206272393057302,0.0284676735228354,0.0376237755049551,0.047617392653984,0.0577234724488941,0.0670571757441591,0.0747217561294715,0.0799848259947128,0.0824325253328584,0.082040275300802,0.0791208278390289,0.0741360378871166,0.0674632285565422,0.0591017916485426,0.0485676904158916,0.0350830406771527,0.0199030648494661
"15",0.0003110432689152,0.000349460298193978,0.000662667601930717,0.00122332539025469,0.00217365331268775,0.00370773635481687,0.00606762228385087,0.00952175508741634,0.0143227455483021,0.0206443180117886,0.0285064902297786,0.0377079844059375,0.0477915966868695,0.058066714901702,0.0677004995839278,0.0758654387980562,0.0819033380891745,0.0854364836953046,0.0863666493792166,0.0847223082066894,0.0804496596777495,0.073111250432458,0.0618110449507454,0.0455035777131839,0.0260726360910504
"16",0.000145045475745481,0.000173832784325258,0.000343781850080876,0.000660998997993505,0.00122327840898023,0.00217427703338872,0.0037095535152486,0.00607232717197308,0.00953333899392428,0.0143499916563508,0.0207055205135881,0.0286376593993713,0.0379759072303981,0.0483124492981114,0.0590289742010303,0.0693849228314831,0.0786446553227087,0.0861799880325226,0.0914842971264868,0.0940434524732624,0.0931703936180626,0.0877382606485218,0.0761994205945708,0.0570935388921267,0.0330141339297447
"17",6.5169883019533e-05,8.31826169012612e-05,0.000171453920162076,0.000343194416244813,0.000661279363951155,0.00122435178258861,0.00217718219792098,0.00371695659436847,0.00609034640728331,0.00957524744453233,0.0144430500769665,0.0209025919164423,0.0290351866406114,0.0387385653622936,0.049701640233778,0.0614240137064368,0.0732725825737716,0.0845244520667117,0.0943435755820496,0.101639805593071,0.104944887096538,0.10221467345929,0.0910101885697974,0.0692946943956515,0.0404017280996182
"18",2.82215769903158e-05,3.83116983361653e-05,8.22629546984176e-05,0.000171380102984333,0.000343765862761937,0.000662961770090264,0.0012287975813375,0.00218838070089728,0.0037439208280623,0.00615237474043373,0.00971143739621387,0.0147281106051859,0.0214706261505756,0.0301109968948769,0.0406713216855866,0.0529847219855323,0.0666686464383972,0.0810707492454641,0.0951554094284258,0.107301908922292,0.115198407329501,0.115729777316507,0.105376819316161,0.0813841388105578,0.0477965506581316
"19",1.17876343261562e-05,1.70034807029853e-05,3.80302448693612e-05,8.24751889158479e-05,0.000172281693252809,0.000346261467977202,0.000669471984770735,0.00124502974852782,0.0022270688306048,0.00383199520061459,0.00634368336209129,0.0101074241637684,0.0155080243138879,0.0229296013934111,0.0326977409451364,0.045003194823753,0.0597991136703539,0.0766349419735427,0.0944163345147091,0.111096815252423,0.123554023268975,0.127558509719636,0.118420371800369,0.092579705492852,0.0547091098305289
"20",4.75988376204414e-06,7.29639250546182e-06,1.70122256544916e-05,3.84506711830168e-05,8.37703204407847e-05,0.000175793178870665,0.000355337114830423,0.00069190124032564,0.00129800519603731,0.00234654188914411,0.00408898655929003,0.00687023145046987,0.0111334162574574,0.0174055878564968,0.0262530131260067,0.0381899933957477,0.0535194152857929,0.0720617961044599,0.0927773764032473,0.113324327623548,0.12988352482001,0.13718759493265,0.129410326642381,0.102185103706947,0.0606904377227423
"21",1.8727424852882e-06,3.05849583612952e-06,7.45503150252159e-06,1.76201019980816e-05,4.01928699216621e-05,8.84480547707148e-05,0.000187796453016653,0.00038478412924671,0.000760918519614401,0.00145240477864456,0.0026758536026608,0.00475769344319664,0.00816089339308541,0.0134963416339765,0.0214988409111932,0.0329371665876938,0.048419908040372,0.0680413770197648,0.0908790576610623,0.114417408023868,0.134301862929895,0.144401792783218,0.137907727386997,0.109733268396403,0.0654262570095773
"22",7.35824432686927e-07,1.29041576365509e-06,3.31026868044629e-06,8.23977086816991e-06,1.98230851142614e-05,4.60752539283516e-05,0.000103463772139122,0.000224427018660976,0.000470119460969475,0.000950586894126411,0.00185413580667881,0.00348556607975186,0.00630806849093091,0.0109749278718416,0.0183255219249047,0.0293041666100428,0.0447488527157201,0.0649804467952464,0.0892043317301751,0.114821489438124,0.137111638496565,0.149308200793789,0.143850515622214,0.115086950209291,0.0688071156500419
"23",3.12112556693704e-07,5.95905042246745e-07,1.62402108089876e-06,4.29224223823241e-06,1.09619784887198e-05,2.70324633882062e-05,6.43332664401848e-05,0.000147655462067218,0.000326571835065693,0.000695362779358773,0.00142386696470838,0.00280030694745349,0.00528207266643686,0.0095405128842142,0.0164714260008029,0.0271230559527884,0.0424784186497208,0.0630117013021693,0.0880284028158911,0.114898967912191,0.13868746928925,0.152226501666828,0.147467234271625,0.118382309667963,0.070899010942231
"24",1.67987667390342e-07,3.48958541983483e-07,1.00657313454353e-06,2.80576861235338e-06,7.53363133187706e-06,1.94686840879589e-05,4.83899070172188e-05,0.000115595584154565,0.000265182482213501,0.000583678479593466,0.00123136961227424,0.00248711894949451,0.0048034043727307,0.00885782310754192,0.0155715931321817,0.0260435151974435,0.0413306992914515,0.0619894464055702,0.0873836915118554,0.114876633647802,0.139427642569153,0.15366383426229,0.149280070081424,0.120048267212357,0.0719607125900754
"25",1.2901983199574e-07,2.80033885791199e-07,8.30604281342081e-07,2.37371328871083e-06,6.51819993702624e-06,1.71875165303664e-05,4.34974346594312e-05,0.000105592685993895,0.000245721453906583,0.000547730368450584,0.00116850104282759,0.00238339780335784,0.00464274700309931,0.00862572061685978,0.0152618066956606,0.0256671763758923,0.0409252317903373,0.0616222839402224,0.0871446987274008,0.114855045440977,0.139676761313021,0.154163719040319,0.149917932435088,0.120637758677827,0.0723373580663439
