"","X0","X1","X2","X3","X4","X5","X6","X7","X8","X9","X10","X11","X12","X13","X14","X15","X16","X17","X18","X19","X20","X21","X22","X23","X24","X25","X26","X27"
"1",0.184644669012348,0.135195743920083,0.135899625507229,0.130147743036902,0.111937715536983,0.0908778415701431,0.0695899727727396,0.0503225537867563,0.0346438223942637,0.0227872459753618,0.0143451379834832,0.00867013787332656,0.00504007939256845,0.00282103014630492,0.00152314009775596,0.000794038212097207,0.000399913811661135,0.000194712928417959,9.16659458176792e-05,4.17342732345596e-05,1.83754308713144e-05,7.82360905158315e-06,3.22071594219942e-06,1.28144142660456e-06,4.92752404020187e-07,1.83182360033783e-07,6.58372676786045e-08,3.28531956179256e-08
"2",0.184640252359014,0.13519288154077,0.135897328041597,0.130146262020228,0.111937309510336,0.0908783884175157,0.0695912168324163,0.0503241863219561,0.0346455506586438,0.0227888536710226,0.0143465004590107,0.00867120948443624,0.00504087078245755,0.00282158323769825,0.00152350789681475,0.000794271893743854,0.000400056112317611,0.000194796182248642,9.17128312624888e-05,4.1759726198268e-05,1.83887657944774e-05,7.83035675236126e-06,3.22401579744844e-06,1.28300172730801e-06,4.93466535009169e-07,1.8349929484722e-07,6.59738303617644e-08,3.29405776364438e-08
"3",0.184624480116237,0.135182642986198,0.135889083032163,0.130140910761691,0.111935785575138,0.0908802717221019,0.0695956090574897,0.0503299935975138,0.0346517287197363,0.0227946249179103,0.0143514110861166,0.00867508737002702,0.00504374649047155,0.00282360167389165,0.00152485615772685,0.000795132538855151,0.000400582786478267,0.000195105912447948,9.18882112811611e-05,4.1855483830007e-05,1.84392391177913e-05,7.85606201296254e-06,3.23667282126689e-06,1.28903026619815e-06,4.96247466242207e-07,1.84744056682685e-07,6.65152061619518e-08,3.32917431992361e-08
"4",0.184583241118862,0.135155808366591,0.135867369156725,0.130126678114569,0.111931513890639,0.0908849237877867,0.0696068929689587,0.0503450837596151,0.0346679006487415,0.0228098266920582,0.0143644233529084,0.00868542483423866,0.00505145977099073,0.00282905030723522,0.00152852009592971,0.000797487788017891,0.000402034703157731,0.000195966372414729,9.23793996395894e-05,4.2125973534247e-05,1.85831037840439e-05,7.93003174598864e-06,3.27346457033852e-06,1.30674325360937e-06,5.045129524174e-07,1.88490112828683e-07,6.81666955599982e-08,3.43842670540988e-08
"5",0.184492369730245,0.13509649960339,0.13581908935797,0.130094644441611,0.111921294593852,0.0908944013064755,0.0696311765111634,0.0503780474365901,0.0347035632211736,0.0228436194567238,0.0143935707606831,0.00870875928294688,0.00506900902278694,0.0028415495165715,0.00153699791203152,0.000802986933756501,0.000405456995884766,0.000198014848732244,9.3561065006807e-05,4.27839049111095e-05,1.89371193594017e-05,8.11429376323797e-06,3.36630647429711e-06,1.35205646574574e-06,5.25968806553123e-07,1.98368547097049e-07,7.25965927610908e-08,3.73874789059051e-08
"6",0.184315598209934,0.134980708435546,0.135724150573205,0.130030736177327,0.111899484903406,0.0909109622580847,0.0696769743308499,0.0504414146652625,0.0347729330229496,0.0229100066580712,0.0144513741964572,0.00875547553601121,0.00510448813307978,0.00286707757226573,0.00155449833671285,0.000814466231982911,0.000412685220099428,0.00020239501483404,9.61206045217619e-05,4.42284522388647e-05,1.97255229359428e-05,8.5308231153735e-06,3.57949611118214e-06,1.4578393550971e-06,5.76942914588723e-07,2.22282121228518e-07,8.35391302451855e-08,4.50214700768671e-08
"7",0.184000712583519,0.134773606549963,0.135552974206689,0.129913655838358,0.111856670465131,0.0909365506178042,0.0697554714430226,0.0505525690467472,0.0348963173618064,0.0230294529623057,0.0145565173584592,0.00884138913714027,0.00517047941772444,0.00291512445867434,0.00158784697651135,0.000836627425392356,0.000426831247712646,0.000211090698955003,0.000101278559944781,4.71854474983342e-05,2.13660380278646e-05,9.41250279595521e-06,4.03890518618761e-06,1.69009954442252e-06,6.91096477936266e-07,2.76973140713375e-07,1.09133483632102e-07,6.34479784676411e-08
"8",0.183478707830995,0.134428747178924,0.135265432866713,0.129713590395452,0.111778302802695,0.0909715562236115,0.0698795983107215,0.0507332737314067,0.0351001380589797,0.0232293631974666,0.0147346712897312,0.0089887746734575,0.0052851456722256,0.00299973386039417,0.00164740248205466,0.000876790794737834,0.00045286724256942,0.000227355856122015,0.000111090596418346,5.29103997823685e-05,2.460089085701e-05,1.11844636078102e-05,4.98065044382274e-06,2.17610141479723e-06,9.35173234295073e-07,3.96610583582103e-07,1.66494288041157e-07,1.06151105834028e-07
"9",0.18266396397197,0.133887909986689,0.134810265237425,0.129391155059521,0.11164325466,0.0910132037440986,0.070062526453656,0.0510085199912684,0.0354162949020662,0.0235440100823108,0.01501893124316,0.00922718455487832,0.00547327256570489,0.00314061684892433,0.00174812023557809,0.000945829481344229,0.000498392279676941,0.000256307878162903,0.000128883481613802,6.34941255070019e-05,3.07019401108559e-05,1.45962681186901e-05,6.83306050403222e-06,3.1533849942905e-06,1.4374116420339e-06,6.48823353107571e-07,2.90547178685422e-07,2.01780536500697e-07
"10",0.181456333339332,0.133082209931868,0.134125538499246,0.128897035743462,0.111422570697071,0.0910536412443163,0.0703154543788004,0.0514044002803339,0.0358804561418327,0.0240134447654953,0.0154494043609459,0.00959364705060466,0.00576692914526357,0.00336409471133305,0.00191060636357381,0.0010591989848746,0.000574547897125561,0.000305684321822917,0.000159843386705724,8.22962885053995e-05,4.17751666021979e-05,2.09265355576331e-05,1.03486653810639e-05,5.05172147866488e-06,2.43683015407301e-06,1.16354851318504e-06,5.50519788997169e-07,4.09480006081684e-07
"11",0.179745710480607,0.131934892092829,0.133140583515962,0.128172727068681,0.111078723184796,0.0910779167609064,0.070644728316914,0.0519449019323635,0.036529040874708,0.0246810584360034,0.0160715654718159,0.0101318574720627,0.00620539744800027,0.00370358634371949,0.00216195383884603,0.00123792805140955,0.000697011686741317,0.000386738781939409,0.00021176220769214,0.000114528386300296,6.11915943115062e-05,3.22862008335607e-05,1.68083045010621e-05,8.62501812042566e-06,4.36569746740959e-06,2.18319011825239e-06,1.07973037539748e-06,8.47911967238836e-07
"12",0.177418725885177,0.130365632242588,0.131779348201292,0.127152464526887,0.110565627555615,0.0910621990860788,0.0710486770673839,0.0526479449131736,0.0373951009001903,0.025589859526669,0.0169333095818438,0.0108901886566877,0.0068341419295335,0.0041994023816245,0.00253615096218683,0.00150941081768223,0.000886964723490341,0.000515222479875616,0.000295927548170212,0.000167997302580702,9.41690406614827e-05,5.20489460316141e-05,2.83242936702334e-05,1.51556983892955e-05,7.98265686339976e-06,4.14689838414339e-06,2.12766841421885e-06,1.74850884853242e-06
"13",0.174367089743136,0.128296078365679,0.129965032071247,0.12576638163783,0.109829639218095,0.0909726125878819,0.0715146054849266,0.0535210968134187,0.0385034458552746,0.0267776692776179,0.0180807457868514,0.0119184233941544,0.00770261906658356,0.00489759461573634,0.00307380715988758,0.00190777809089813,0.00117186431628645,0.000712342009867985,0.000428099676643526,0.000253993176824377,0.000148514770458977,8.54326637892553e-05,4.82709607617063e-05,2.67585224225499e-05,1.4579501177503e-05,7.82716632941425e-06,4.14801102491078e-06,3.5500551881763e-06
"14",0.170496596055425,0.12565601498491,0.127625551306906,0.123944682422324,0.108811631416936,0.0907650626789962,0.0720165187215068,0.0545576229471861,0.0398656410104399,0.0282717437401067,0.0195530632220455,0.0132633469526111,0.00886089444587314,0.00584770369535977,0.00382097153234925,0.00247360896502231,0.00158580942323345,0.00100553003203353,0.000629468773120796,0.000388266409464612,0.000235513577900226,0.000140242442868438,8.18666932463853e-05,4.68125355675487e-05,2.62895266890687e-05,1.4543046476575e-05,7.94225123959737e-06,7.06119015297959e-06
"15",0.165736302917962,0.122389830008363,0.124699573763443,0.121622674959654,0.107450163121856,0.0903862373314173,0.0725139207421156,0.0557333236018351,0.0414753661544304,0.0300832691285026,0.0213768078333322,0.0149633885283195,0.0103550959208017,0.00709929323354259,0.00482683313279042,0.0032527232266775,0.00216923833258189,0.00142880349579209,0.000927422026903193,0.000591983190396803,0.000370904081090374,0.000227758640255225,0.000136917668911292,8.05455603872594e-05,4.6527579137183e-05,2.6479970460543e-05,1.48856687493085e-05,1.37301802836198e-05
"16",0.160046522052261,0.118462367536319,0.121142343321907,0.118746115496953,0.105685534579021,0.0897759422248282,0.0729521648268634,0.0570048729156743,0.0433049746320521,0.0322025766095692,0.0235603191168554,0.0170428877810398,0.0122220668380766,0.00869742125548032,0.00614027238938629,0.00429389511884296,0.00296773042133374,0.00202246729737309,0.00135590544827139,0.000892494685406648,0.000575835565719518,0.00036371442378486,0.000224707859347983,0.000135782580004641,8.05887859070312e-05,4.71496193956455e-05,2.72695328526938e-05,2.60770854642532e-05
"17",0.153424811962228,0.113863585217813,0.116930732251381,0.115276378901143,0.103464416858047,0.0888706770863441,0.0732645094022853,0.0583100470509821,0.0453038252011283,0.0345957564489101,0.0260890219281323,0.0195066072216712,0.0144836951663172,0.0106773398191146,0.00780536430944306,0.00564542507802715,0.00402973218279037,0.00283192307999726,0.00195513141565208,0.00132370100982491,0.000877638631674153,0.000569254372663063,0.000360979735773173,0.000223843731232145,0.000136420897445856,8.20216294922413e-05,4.87987855811925e-05,4.83606248974413e-05
"18",0.145909390547653,0.108611558953848,0.112067024610505,0.111194955092569,0.100744631492573,0.0876081734067707,0.0733758017099551,0.0595699978992909,0.0473987702787887,0.0372032379483688,0.0289222477178232,0.0223351816299145,0.0171415370618814,0.0130588976918807,0.00985612412440907,0.00735067029636974,0.00540314447977966,0.00390540370752524,0.00277039196564519,0.00192576128894093,0.00131019110800042,0.000871707933813786,0.000566898214742091,0.000360538489881525,0.000225561280430139,0.000139348817087831,8.52851668666493e-05,8.75670846760924e-05
"19",0.137579294323447,0.102753313492631,0.106580867091508,0.106506697435345,0.09749957138356,0.0859325113097512,0.0732075927866984,0.0606936038090118,0.0494970735393833,0.0399408293623807,0.0319922472720839,0.0254822555044288,0.0201724836292502,0.0158413054764676,0.0123109977889478,0.00944284246399014,0.0071308827759922,0.00529057684410702,0.00384980212182601,0.00274391204462595,0.00191363205473318,0.0013049606234768,0.000869833455425942,0.000567151960086212,0.000364192453494456,0.000231185777057275,0.000145568013997977,0.000154815206282171
"20",0.128551395715337,0.0963634666252832,0.100529230451385,0.101241499880675,0.0937217903589429,0.0837992646378227,0.0726841539423662,0.061583492124327,0.0514915601586672,0.042703275105125,0.0352057049638307,0.0288738252330756,0.0235261144377168,0.0189989369760844,0.0151677070518152,0.0119395437349452,0.009245699798966,0.00703011856830531,0.00524091091444931,0.00382621553080214,0.00273318543581161,0.00190917666974433,0.00130374766791681,0.000871263514823141,0.000574221217700338,0.00037456504533237,0.000242674508985382,0.000267259729754401
"21",0.118974533738142,0.0895407836627788,0.0939943355734181,0.0954541767839398,0.0894253449899589,0.081180117127032,0.0717387829659821,0.0621431714091989,0.0532675882382852,0.0453701456631038,0.0384478337049198,0.0324101206534504,0.0271242773402904,0.022478829156821,0.0183991370966992,0.0148376607366497,0.0117647486057283,0.00915655124156005,0.00698628453472722,0.0052201786821412,0.00381691822942375,0.0027296384903419,0.00190894447248637,0.00130718995844482,0.000884232235130756,0.00059274606114012,0.000395194000224602,0.000450534647969554
"22",0.109021252754111,0.0824029185419359,0.0870796817090221,0.0892224887048266,0.0846465943311798,0.0780664426821167,0.0703197485163524,0.0622845763250486,0.0547112108233559,0.0478135983062297,0.0415888313960042,0.0359700830029694,0.0308632159632505,0.0262004129018022,0.0219509255867216,0.0181093035356766,0.0146845064253056,0.01168682541326,0.00911835879347649,0.00696835123334557,0.00521237902365302,0.00381453448335095,0.00273095407276941,0.00191582095031376,0.00133011780405549,0.000916393364526317,0.000628783838319642,0.000741689517008674
"23",0.0988780395929123,0.0750799031716503,0.0799045915942219,0.082643503786355,0.0794433394885621,0.0744714285938286,0.0683952030941653,0.0619352028374624,0.055717674603661,0.0499072466310759,0.0444921348245187,0.0394181458600391,0.0346182513883549,0.0300577640113639,0.0257412671045371,0.0216994399096863,0.0179767444675473,0.0146172691431758,0.0116540470640929,0.00910320904507316,0.00696223622699584,0.00521165254142862,0.00381839655444374,0.00274362821550703,0.00195515170049198,0.00138447434433583,0.000977640718215434,0.00119241348628586
"24",0.0887349784680902,0.0677070018013338,0.0725977949028061,0.0758286460966163,0.0738923878921392,0.0704305346400631,0.0659565817241105,0.0610441335320676,0.0561994317756137,0.051535305157864,0.0470237414979496,0.0426127924382933,0.0382507616547024,0.0339244143914515,0.0296632506942182,0.0255257614776023,0.0215862109705502,0.0179196014779422,0.0145897334589889,0.0116418099258961,0.0090992171931789,0.00696408647151834,0.00521975940052148,0.00384065493845462,0.00280922477219237,0.00204455438476401,0.00148561403512393,0.00187201482593532
"25",0.0787768480201606,0.0604184236609627,0.0652915608593316,0.068898871131201,0.0680867425362183,0.0660011756695466,0.0630210224710078,0.0595871419320857,0.0560935551840136,0.0526016799803161,0.0490621489189467,0.045416417950159,0.0416170547699773,0.0376604473254081,0.0335896082329307,0.0294808003446565,0.0254301396751824,0.0215381442629073,0.0178967264984316,0.0145801642663886,0.0116401045331165,0.00910450206397378,0.00697843479798074,0.00525665415604218,0.00394624389987908,0.00295138909086115,0.00220582249624954,0.00286817527205262
"26",0.0691920291197796,0.0533543509779991,0.0581296617696101,0.0619936847080031,0.0621454872050781,0.0612736115012461,0.0596433396903355,0.0575796965910144,0.0553755278802859,0.053044050424488,0.0505120019775965,0.0477076534298863,0.0445784227232085,0.0411194053669213,0.037375794688361,0.0334307965448192,0.0293928775975337,0.0253805537284402,0.0215087682128308,0.0178784397500375,0.0145696801157129,0.0116388562353474,0.00911712036697603,0.00702680063036282,0.00541131765808814,0.00415576883426321,0.00319118378071373,0.00427311849104867
"27",0.0602421042142366,0.0467138898051599,0.0513238999436385,0.0553298500530712,0.0562705246564223,0.0564243975911014,0.0559651810927716,0.0551211193676208,0.054097906312779,0.0528664350731901,0.051329780978577,0.0493992776704908,0.0470103760542088,0.0441481055574761,0.0408499657277963,0.0371958746502759,0.0332968313073939,0.0292806530023351,0.0252783557048548,0.0214127362132152,0.0177900969799104,0.0144954727248596,0.0115884698854679,0.00912511588401799,0.00719678696012704,0.00566383152445499,0.00445743804928825,0.00612552301524613
"28",0.0527484981954175,0.0411200290101092,0.0455346955751371,0.0495834022298584,0.0510967212917972,0.0520223978550199,0.0524684418980367,0.0525910908678855,0.0525293983875251,0.0522219177504732,0.0515520806288169,0.0504146822254342,0.0487306683252425,0.0464705212698085,0.0436580853677994,0.0403628140715388,0.036690259344208,0.032769239530658,0.0287387919072047,0.0247363855789702,0.0208887184885669,0.0173055124917202,0.0140727512423902,0.0112811745347767,0.00907500015206732,0.00728620606135083,0.00584853834658985,0.00820197737158454
