"","X0","X1","X2","X3","X4","X5","X6","X7","X8","X9","X10","X11","X12","X13","X14","X15","X16","X17","X18","X19","X20","X21","X22","X23","X24","X25","X26","X27"
"1",0.214317291116746,0.214593790850498,0.175090276110984,0.144122152435855,0.0972889233491407,0.0659652871114761,0.0402944018467564,0.0235017242353188,0.0126850688674932,0.00648474304293398,0.00314909018625424,0.00144960092652484,0.000632229608922574,0.000262290308448241,0.000103510366450793,3.88475063087176e-05,1.3877701370363e-05,4.71627146037647e-06,1.52386311831798e-06,4.67741249974459e-07,1.36151182083223e-07,3.75272752385093e-08,9.77252164166087e-09,2.398473450315e-09,5.53600609925155e-10,1.19838327405458e-10,2.42677612850868e-11,5.52745592730493e-12
"2",0.214310940006351,0.21458813823937,0.175087229717016,0.144121308628944,0.0972903286097058,0.0659678022712389,0.0402973201982684,0.0235044285600133,0.0126872649720146,0.00648634756863934,0.00315016508262972,0.0014502692363335,0.000632618217253539,0.000262502698908758,0.000103619901546382,3.8900962504858e-05,1.39024378116602e-05,4.72714110000049e-06,1.52840317902404e-06,4.69544841940844e-07,1.36832843304465e-07,3.77723768365661e-08,9.85634328219825e-09,2.4257243158237e-09,5.62016795067517e-10,1.22305499582721e-10,2.49543155183607e-11,5.76383716706661e-12
"3",0.214288327481944,0.214567973555832,0.175076271901102,0.144118153093689,0.0972951868044016,0.0659766648791067,0.0403076895285713,0.0235141012149177,0.0126951705310064,0.00649216260672678,0.0031540890144209,0.00145272814434264,0.00063406024647291,0.00026329815270569,0.000104034279907479,3.91054091513629e-05,1.39981717788062e-05,4.76975345675534e-06,1.54645243867645e-06,4.76825066328767e-07,1.39630310929718e-07,3.87965411662361e-08,1.02135376968775e-08,2.54436100953733e-09,5.99521610839006e-10,1.33583683279641e-10,2.81819692289487e-11,6.92048940986987e-12
"4",0.214229461946861,0.214515332041025,0.175047322630499,0.144109359377782,0.0973072715917436,0.0659993692728717,0.0403345862104069,0.0235394370371531,0.0127160747804723,0.00650769233118364,0.00316468086085281,0.00145944268683221,0.000638047681649693,0.000265527833580336,0.000105213038261304,3.96963320868207e-05,1.42796860453274e-05,4.89741227726472e-06,1.60162134290152e-06,4.99564657786348e-07,1.48574391488008e-07,4.21543271532031e-08,1.14167244694545e-08,2.95577567552736e-09,7.33714750275166e-10,1.75317819698927e-10,4.05684585374398e-11,1.15925829057456e-11
"5",0.214100457236967,0.214399564332779,0.174982724253809,0.144088491777112,0.0973321807140432,0.0660480627983959,0.0403931995379509,0.0235953349845232,0.0127627497664401,0.00654280433602178,0.00318895441269887,0.00147505780124376,0.000647469371223471,0.000270887851887048,0.000108100018347306,4.11729801600354e-05,1.4998528568526e-05,5.23103610276369e-06,1.74942559015905e-06,5.62125633507448e-07,1.7388805641879e-07,5.19485549129829e-08,1.50406245684541e-08,4.23782858656222e-09,1.16725821395227e-09,3.15410098963849e-10,8.38797003823699e-11,2.88857206360825e-11
"6",0.213851148833105,0.214174907115963,0.174855207122504,0.144044424833492,0.0973765625048164,0.0661395353130454,0.0405055234032552,0.0237040820847173,0.01285488060552,0.00661317243225289,0.00323840502361338,0.0015074397884688,0.000667387629711419,0.000282457852422865,0.000114473068069822,4.45119770837597e-05,1.66662176038205e-05,6.02644427542789e-06,2.1121560022799e-06,7.20425186138743e-07,2.40037664393762e-07,7.84249196126507e-08,2.51914917937268e-08,7.96516772603179e-09,2.47774951655777e-09,7.56476077693542e-10,2.26218307149429e-10,8.91996806099869e-11
"7",0.213410313513471,0.213775830374869,0.174624432868254,0.143959014837679,0.0974473604030856,0.0662956827865764,0.0407018146889316,0.0238974271421842,0.0130214030853523,0.00674257024248387,0.00333104485560605,0.00156933978295848,0.00070630332041935,0.000305602023484812,0.000127547761633349,5.15491977562232e-05,2.02828784251528e-05,7.80420283448568e-06,2.94894470990671e-06,1.09790837155115e-06,4.033233095026e-07,1.46170717865331e-07,5.21514026854037e-08,1.82544760869686e-08,6.2429095592432e-09,2.07729836693194e-09,6.71322889350413e-10,2.89473129087133e-10
"8",0.212685372110929,0.213116299708411,0.174235454792682,0.143804973028677,0.097549551970905,0.0665416585399509,0.0410195388300982,0.024216468231309,0.0133012342173346,0.00696418634152895,0.00349299140977407,0.00167998128928043,0.000777554711673856,0.000349087657526201,0.000152802079189651,6.55459543645993e-05,2.77016574463566e-05,1.15705632810767e-05,4.78239226935902e-06,1.95433706386015e-06,7.87370496903236e-07,3.11533310100148e-07,1.20518739971829e-07,4.53900764648061e-08,1.65805330813074e-08,5.85718376999416e-09,2.00116034257764e-09,9.24800694935152e-10
"9",0.211563586953556,0.212090378512298,0.17361790233697,0.143543866532313,0.0976833403131033,0.0669030511234536,0.0415011410423688,0.0247104194396255,0.0137431205149083,0.00732139241038513,0.00375984700612659,0.00186671036402115,0.000900952211340936,0.000426515484882251,0.000199113876711343,9.20240993943284e-05,4.22002385356495e-05,1.91844218266176e-05,8.62064634773196e-06,3.81289735522729e-06,1.65210980544817e-06,6.98183241707005e-07,2.86651927973304e-07,1.13972902640299e-07,4.37779343056679e-08,1.6219278055138e-08,5.80537304664674e-09,2.85400833609404e-09
"10",0.209915863093243,0.210575250819082,0.172686694084164,0.143124784794016,0.0978409536450159,0.0674019293133856,0.0421902104065825,0.0254336423815721,0.0144039095941923,0.00786729281511575,0.00417730111266884,0.00216628943071928,0.00110438721755025,0.000557935783049584,0.000280183337624796,0.000139900357321029,6.93147691161521e-05,3.39284181130058e-05,1.63242201632483e-05,7.68223276174869e-06,3.52087004110693e-06,1.5660895185609e-06,6.74231242416611e-07,2.80364033958353e-07,1.12444283969282e-07,4.3467883126037e-08,1.6238824258296e-08,8.46871097721343e-09
"11",0.207603785903007,0.208437324190629,0.171344869256365,0.142484190280074,0.0980034026590482,0.0680519126958289,0.0431259676791353,0.0264406525471148,0.0153447782125311,0.00866249027270257,0.00480038316753238,0.00262533575096052,0.0014250404622681,0.000771415041104043,0.000416129272791152,0.000222899909133331,0.000117970403902565,6.13413143033596e-05,3.1176486986711e-05,1.54230369645747e-05,7.4023308484925e-06,3.43858531818698e-06,1.54322534507356e-06,6.68244574597369e-07,2.78963196085803e-07,1.12263754783805e-07,4.36984377756351e-08,2.41461368198237e-08
"12",0.204489200346002,0.205540878345441,0.169488460429215,0.141547273879625,0.09813785737488,0.0688530331676238,0.0443367563423215,0.0277795405332216,0.0166255536999884,0.00977092133775587,0.00569102021716562,0.00329947134853862,0.0019097730837184,0.00110422409962571,0.000635047797121049,0.000361149785683305,0.000201893931726362,0.00011034826070822,5.87159932019447e-05,3.03185388111299e-05,1.5157117190496e-05,7.32432300115993e-06,3.41695896131222e-06,1.53758563090218e-06,6.67079426841521e-07,2.79141615410156e-07,1.13103163272407e-07,6.61786295123142e-08
"13",0.20044552090507,0.201758590223532,0.167013186433135,0.140231008236753,0.0981962444957429,0.0697871892304468,0.0458333589443346,0.0294844717205804,0.0182975196051456,0.0112538400936515,0.0069137011096329,0.0042507995470808,0.00261424091601132,0.00160321485910144,0.000974195149366778,0.000582735760140303,0.000341206644739996,0.000194673296670086,0.000107866705461691,5.79068185461784e-05,3.00682887347295e-05,1.50838716903969e-05,7.30407161414138e-06,3.4117260522253e-06,1.53693804405634e-06,6.68270263894725e-07,2.8167505719529e-07,1.74463394757567e-07
"14",0.195369297304861,0.19698263131021,0.163822298653876,0.138448824938255,0.0981156376370346,0.070815154481467,0.0476032786220215,0.0315683484970301,0.020395558167751,0.0131624648531809,0.00852940141142427,0.00554355344432228,0.0036003708223247,0.00232393820283423,0.00148036768215767,0.000924887262637153,0.000563982360090813,0.000334432760801258,0.000192350747962202,0.000107111150586287,5.7673692821083e-05,3.00002222276526e-05,1.50651286616663e-05,7.29936287642398e-06,3.41233515888309e-06,1.54093478243254e-06,6.753323640809e-07,4.42680273822917e-07
"15",0.189191401714634,0.191135720703816,0.15983513976002,0.136116692938934,0.0978205482301802,0.0718755577800719,0.0496066585254213,0.0340164386453812,0.0229304126368485,0.0155299050031642,0.0105881193959438,0.00723796577204907,0.00493198275684374,0.00332810814773474,0.00220901430169251,0.00143435496060363,0.000907431303350971,0.000557692883273933,0.000332281639990347,0.000191652675013866,0.000106896286153849,5.7611142005682e-05,2.99831534191661e-05,1.50612520291625e-05,7.30312472205711e-06,3.42386867272339e-06,1.55962215401556e-06,1.08177586932502e-06
"16",0.181886016399241,0.184180422697941,0.154995286728718,0.133160025883034,0.0972272495309696,0.0728864938759372,0.0517748963744271,0.0367822344768506,0.0258823569249567,0.018363505889509,0.0131208786949641,0.00938285891945836,0.00666869317934639,0.00467924279051499,0.003221710360412,0.00216652785981336,0.00141827977308362,0.000901654543711534,0.00055572223505164,0.000331643769086417,0.00019145686560433,0.000106839547374177,5.75960790987219e-05,2.99809978592095e-05,1.50728920798692e-05,7.33418277755553e-06,3.47122467730902e-06,2.5473034952923e-06
"17",0.173476503649027,0.176125737145443,0.149277448243482,0.129520746012071,0.0962497892013233,0.0737497852847725,0.0540123698526301,0.0397863016022964,0.02919726473348,0.0216386827125228,0.0161321824340059,0.0120077122071765,0.00885854004590045,0.00643658524326106,0.00458180675635241,0.00318291073654551,0.00215188868018845,0.00141303348600218,0.000899869683363207,0.000555146074269168,0.000331467510830121,0.000191406355285941,0.00010682739359863,5.75981932842502e-05,3.00119395311739e-05,1.51526494146892e-05,7.44949932602183e-06,5.78267460919808e-06
"18",0.164037613716784,0.167030343409527,0.142692398912321,0.12516375373861,0.0948070695637876,0.0743575271677346,0.0562012655138797,0.0429185060106,0.032785820857901,0.025295227621594,0.0195939875806063,0.0151151918623533,0.0115300879830822,0.00864774621714862,0.00634835846997405,0.00454677629736695,0.00316973213181095,0.00214717927392189,0.00141143581581372,0.000899355581955075,0.000554989793723893,0.00033142428223816,0.000191399750128873,0.000106840822350256,5.76752184441783e-05,3.0208571096548e-05,1.54229091195919e-05,1.26609261181893e-05
"19",0.153693364911145,0.157001757441087,0.135289186502773,0.120082020679039,0.0928303240034604,0.074600433984478,0.0582093253772514,0.0460437925231028,0.0365264183593138,0.0292369505027846,0.0234422650690374,0.0186752641617358,0.0146850296184195,0.0113408436710919,0.00856878287833834,0.00631710052035458,0.00453505240689286,0.00316555503586802,0.00214576665913883,0.00141098346064243,0.000899220470897422,0.000554957115765346,0.000331430805515784,0.000191443147299695,0.00010702481182477,5.81416026795452e-05,3.08186384876051e-05,2.67456415675878e-05
"20",0.142611038360858,0.146191666071672,0.127154427131243,0.114299716312402,0.0902700734765324,0.0743769840806772,0.0598996350083906,0.0490109562133032,0.0402716119443351,0.0333349761918397,0.0275768590057947,0.0226218666140563,0.018292351411377,0.0145171274195895,0.0112710090432198,0.00854122475110595,0.00630679678910686,0.00453139319837139,0.00316432289383554,0.0021453766228821,0.00141087405555602,0.00089920837816367,0.000554997716847513,0.000331551436594579,0.000191868166087618,0.000108089609723435,5.94683233764038e-05,5.45297730486191e-05
"21",0.130991864692071,0.134787866570489,0.118408692794854,0.107872961716359,0.0871017593787787,0.0736023510627774,0.0611414235014647,0.0516635601042729,0.04385762005234,0.0374346215331814,0.0318650116032887,0.0268528818867445,0.0222850590432934,0.0181451689719448,0.0144561124513842,0.0112470092506061,0.00853228176738501,0.00630363399230859,0.00453033773516969,0.0031640014698062,0.00214530852933267,0.00141091194358131,0.000899338601316102,0.000555310145173406,0.000332502915546535,0.000194207688884681,0.00011086836348718,0.000107332234150688
"22",0.119059226099688,0.12300351257027,0.109200270757164,0.100888062072695,0.0833294248045137,0.0722161650854067,0.0618207460063105,0.0538518974238355,0.0471159867219259,0.0413653232740446,0.0361484673902469,0.0312337770813872,0.0265602057565901,0.0221576115947564,0.0180925160408934,0.0144354737017346,0.0112393508574491,0.0085295945032306,0.00630276223065676,0.00453011171852876,0.00316402351090003,0.00214547836334568,0.00141127270935322,0.000900107912470923,0.00055737343798189,0.000337445706415489,0.000199807190369653,0.000204005477826632
"23",0.107045660170405,0.111064833119965,0.0996969563864716,0.0934573756736259,0.0789869914284259,0.0701881963216146,0.0618498260005151,0.0554446607882737,0.0498861489132212,0.0449526267516758,0.0402535657935824,0.0356047870567466,0.0309825687540353,0.0264512170215308,0.0221127517194601,0.0180750084445381,0.0144290270030646,0.0112371420295622,0.00852895523526885,0.00630272178643811,0.00453036511734734,0.00316454091214314,0.00214640820252436,0.00141307946784967,0.00090442959336297,0.000567397119070629,0.000348277929036137,0.000374481260234853
"24",0.0951798695976242,0.0991984772844549,0.090076680087337,0.0857132512373636,0.0741370463419267,0.0675214239562616,0.0611741285008362,0.0563391312860071,0.0520276285180169,0.048031043705853,0.0440033895935164,0.0397910991926944,0.035391891074547,0.0308905841084247,0.0264135417251344,0.0220981674299571,0.018069754866753,0.0144273797070522,0.0112368947692543,0.00852934200370701,0.00630355364350437,0.00453172471327502,0.00316676315444015,0.00215040365399648,0.00142174046268011,0.00092384657670673,0.000587405170686289,0.00066383763797938
"25",0.0836760188621837,0.0876208231540653,0.0805189864959117,0.0778017677620438,0.0688683284312174,0.064253187530654,0.0597773481698042,0.0564696257614277,0.053431243965907,0.0504569749005706,0.0472311254979284,0.0436153078795678,0.0396131878152444,0.0353153343095999,0.030859291935907,0.0264013698592253,0.0220936811597532,0.0180682708799178,0.0144271719845241,0.0112374570055675,0.00853067443913409,0.00630594343655083,0.00453583559371395,0.00317427265841163,0.0021661942356563,0.00145688557285531,0.000958397930019294,0.00113529277262815
"26",0.0727428812663097,0.0765475947257024,0.0712140760258998,0.069892116461073,0.0633053573993974,0.0604661215142582,0.0576940502762427,0.0558220124185766,0.0540351385977046,0.052125438894185,0.0497963019436673,0.0469117586612201,0.0434677867503904,0.0395466402540456,0.0352832843139836,0.0308404468144491,0.0263868158447643,0.0220802169908249,0.018055220986643,0.0144149040929073,0.0112267560524807,0.00852257646655167,0.00630195617755292,0.004539066550579,0.00319267413404593,0.00221883115761237,0.00150685249918958,0.00186312272973294
"27",0.0626589589011874,0.0662718772159048,0.0624330536699499,0.0622428721180992,0.0576651418823016,0.0563393492731741,0.0550555060273197,0.0544750423823135,0.0538613226940537,0.0530010277568841,0.0516088255233958,0.0495420965577929,0.0467788965727834,0.0433816782220021,0.0394704633326875,0.0352019547517935,0.030749873808973,0.0262881971477984,0.0219771535310672,0.0179522018703986,0.0143165121761832,0.0111373654525676,0.00844662476781586,0.00624572401078559,0.00451520580831993,0.00323175986500481,0.00225696153418131,0.00289435314525117
"28",0.0543103548543488,0.0577172295073665,0.0550124538463693,0.0556396491666689,0.0526024773719349,0.0524269145798356,0.0523007210157997,0.0527514542373334,0.0531094470392898,0.0531566481563862,0.0526140396637562,0.0513282677771405,0.0492553815705682,0.0464326793890043,0.0429580452072268,0.0389732284824689,0.0346468631485682,0.0301586395014445,0.025684690291155,0.0213847132925292,0.0173917278415794,0.0138053658531147,0.0106893823940652,0.00807465298090545,0.00596764741450021,0.00437255376590949,0.00312071861237711,0.00411405303834371
