"","X0","X1","X2","X3","X4","X5","X6","X7","X8","X9","X10","X11","X12","X13","X14","X15","X16","X17","X18","X19","X20","X21","X22","X23","X24","X25","X26","X27"
"1",0.0166511274765219,0.0200358093589593,0.0228082760502468,0.027394894943262,0.0335975481493655,0.0403048922945286,0.0469876416455621,0.0531751726289387,0.0584038293216445,0.0622959242334258,0.0645916840539197,0.0651689908103986,0.0640465964852597,0.0613706123399416,0.0573882330295889,0.0524134827710285,0.0467903985812681,0.0408588845496828,0.0349272419963404,0.0292534527299707,0.0240351339532281,0.0194063442085991,0.0154393699436686,0.0121526997649708,0.00955924228152685,0.00772237889349564,0.00631190113534709,0.00690823636929786
"2",0.0166508542379204,0.0200354876750541,0.0228079250319148,0.0273944951260696,0.0335970855067014,0.0403043736581579,0.0469870841492183,0.053174601137013,0.0584032744277053,0.0622954188896208,0.0645912598778032,0.0651686745530578,0.0640464071577546,0.0613705593871774,0.0573883157449174,0.0524136909461635,0.046790714211933,0.0408592842949602,0.0349277000303621,0.0292539436097844,0.0240356351210786,0.0194068377404036,0.0154398432419086,0.0121531452726603,0.00955965838735643,0.00772277275867531,0.00631227040647479,0.00690868741814205
"3",0.0166498747073657,0.0200343342785528,0.0228066660429347,0.0273930605227105,0.0335954247427585,0.0403025109480193,0.0469850806672009,0.0531725458532169,0.0584012769833262,0.0622935975516293,0.0645897283160586,0.0651675291686272,0.0640457167430762,0.0613703585175395,0.0573886026036148,0.0524144295764581,0.0467918405654303,0.0408607150055832,0.034929342626537,0.0292557068177776,0.0240374378826108,0.0194086155334294,0.0154415505987131,0.0121547547609996,0.00956116391228635,0.00772419983209602,0.00631361000644803,0.00691032523498733
"4",0.0166472989380378,0.020031300550233,0.0228033529598289,0.027389282998528,0.0335910488301754,0.040297599230226,0.0469797930249255,0.0531671155772046,0.0583959922377367,0.0622887698502301,0.064585657819839,0.065164471327356,0.0640438549582342,0.0613697865236876,0.0573893184514665,0.0524163412484493,0.0467947816187608,0.0408644674741879,0.0349336638291392,0.0292603565362146,0.0240422022574889,0.0194133238896318,0.0154460821972766,0.0121590361400678,0.00956517779135941,0.00772801265346885,0.00631719569374498,0.00691471539248763
"5",0.0166415820683947,0.0200245650861805,0.0227959926728387,0.0273808843644437,0.0335813116050253,0.0402866591828277,0.0469680021655718,0.0531549897390083,0.0583841705039448,0.0622779450245726,0.0645764996120636,0.0651575522230616,0.0640395891378523,0.0613683900817973,0.0573907951974804,0.0524204942950468,0.0468012473462215,0.0408727658628594,0.0349432578144088,0.029270712559785,0.0240528438159791,0.0194238694518335,0.0154562605454341,0.0121686805017162,0.00957424622629253,0.00773665073109659,0.00632533858946525,0.0069247035947839
"6",0.016630362785228,0.0200113415837049,0.0227815313240797,0.0273643669913185,0.0335621417719865,0.0402650956421057,0.0469447287039543,0.053131013762548,0.0583607448078944,0.0622564324270441,0.0645582227429338,0.0651436478608834,0.0640308873879855,0.0613653346914208,0.0573934136480532,0.0524284184092666,0.0468137780808808,0.0408889708368166,0.0349620873991227,0.0292911192349013,0.0240738884792679,0.0194447971981958,0.0154765315904721,0.0121879586732238,0.00959244046423064,0.00775404191609887,0.00634178187793152,0.0069449197084365
"7",0.0166101758094819,0.0199875374699694,0.022755475652393,0.0273345736788029,0.0335275224554476,0.0402260996035547,0.046902571267566,0.0530874968603706,0.0583181191610926,0.0622171563073795,0.0645246929040291,0.0651179371618575,0.064014525505193,0.0613591614338057,0.0573975209058488,0.0524421827477265,0.0468359733630326,0.040917940998019,0.0349959544066584,0.0293279988590366,0.0241120840704081,0.0194829388244403,0.0155136332546378,0.0122233974161978,0.00962603407404099,0.00778628527815615,0.0063723755365887,0.00698263499425105
"8",0.0165763339925611,0.0199476111092608,0.0227117286485822,0.0272844881674866,0.0334692447508275,0.0401603514510856,0.0468313607927074,0.0530138235462967,0.0582457484583315,0.062150219769235,0.0644672395962153,0.0650734934894362,0.0639857242078702,0.0613474895558657,0.0574032144932065,0.0524642729277864,0.0468724674828925,0.0409661069144193,0.035052667143275,0.0293901040790593,0.0241767275334044,0.0195478047758985,0.0155770430299806,0.0122842735593949,0.00968403617326786,0.00784222197838866,0.00642566650346996,0.00704853586978007
"9",0.0165228641872425,0.0198844914570292,0.0226424914755805,0.0272051083433473,0.0333767417115433,0.0400558093313737,0.0467178995339734,0.0528961429334829,0.0581297820573639,0.0620425113946338,0.0643742392661239,0.0650008618193039,0.0639377406911902,0.0613266439133588,0.0574100264120571,0.0524973497624814,0.0469287767245464,0.0410414155734281,0.0351420855953963,0.029488663092278,0.0242799066457298,0.0196519176409453,0.0156793972567711,0.0123831114575076,0.00977875864146481,0.00793406779898166,0.00651357176743238,0.00715762351541852
"10",0.0164425615951563,0.0197896367786721,0.0225383161919096,0.0270854897243889,0.0332371172615905,0.0398977129558201,0.0465459271887782,0.0527172845816257,0.0579529186918781,0.0618774926184453,0.0642308343605988,0.0648877156107922,0.063861476546255,0.0612912334301901,0.057416496162321,0.052543843027971,0.0470109396895687,0.0411530404298671,0.0352759202375107,0.029637281651183,0.0244365154639068,0.0198109476436382,0.0158367493117696,0.0125360610027235,0.00992630604791065,0.00807800606210191,0.00665204339032334,0.00733013234308897
"11",0.0163272106927734,0.0196532897504782,0.0223883732791907,0.0269130341890855,0.0330354593199812,0.0396689061654966,0.0462964292947184,0.0524570239503132,0.0576945982221218,0.0616352872848898,0.0640188986748389,0.0647186859353146,0.0637451709147015,0.061233721385679,0.0574196430076755,0.0526053596848099,0.0471249009986091,0.0413107818008759,0.0354671886215741,0.0298514912402196,0.0246639240459721,0.0200435275713571,0.016068545670472,0.0127630405685104,0.0101468802028261,0.00829463972543743,0.00686163224707879,0.00759235555498397
"12",0.0161679649767463,0.019464920689556,0.0221809268497875,0.0266740185286652,0.0327554342597817,0.0393504794348092,0.0459482948170532,0.0520927116493205,0.0573315527517147,0.0612931045494592,0.0637172881109775,0.0644754081977209,0.0635742277383647,0.0611440365101603,0.05741438285975,0.0526819447033647,0.047275666244858,0.0415241730608549,0.0357293317639903,0.0301479321647614,0.0249812791406228,0.0203707138334144,0.016397279137595,0.0130875995814735,0.0104648518867158,0.00860925437538902,0.00716790330717141,0.00797731887590615
"13",0.0159558697506402,0.019213841284618,0.0219040003344212,0.0263543461839858,0.0323801472255456,0.0389227199549886,0.0454793161729502,0.0516002679298134,0.0568387290396043,0.0608260190737159,0.0633024132126488,0.0641368342637357,0.063331233986273,0.061009287233475,0.0573929531276683,0.0527712540409407,0.047466279365975,0.0418013315776245,0.0360750143246845,0.030543179199858,0.0254084270645335,0.0208150695361979,0.0168477818288554,0.0135364527180289,0.0109085439917612,0.00905183058275333,0.00760163838393674,0.0085252186107499
"14",0.0156824768352445,0.0188899295097857,0.0215461697938213,0.0259404533292211,0.03189319225779,0.0383662889065287,0.0448674517877785,0.0509554690354413,0.0561905219374788,0.0602080675857106,0.0627491168594343,0.0636798206296814,0.0629962071657168,0.0608136428189119,0.0573444300187743,0.0528677384739078,0.0476967277483986,0.0421476585192151,0.0365147043677914,0.0310522913850341,0.0259645219890771,0.0213994121418909,0.0174461793915777,0.0141386874309142,0.0115097106214471,0.00965677629530869,0.00819878736335578,0.00928356580074638
"15",0.015340524736735,0.018484435134046,0.0210974527388453,0.0254203346417776,0.0312798547358692,0.0376635875775574,0.0440923150922429,0.0501354953909353,0.0553622990133088,0.0594136559896746,0.0620318683012236,0.0630800223953691,0.0625471202925881,0.0605384459212221,0.0572544153820358,0.0529619227255935,0.0479628608054265,0.0425644683130244,0.0370551026612694,0.0316871401129076,0.0266663541862644,0.0221452382565044,0.0182184961245962,0.014924612352353,0.0123026597396255,0.0104623096509014,0.00900008634349257,0.010306921384594
"16",0.0149245968660881,0.0179907631505889,0.0205501809581157,0.0247845626622759,0.0305283216132097,0.0368001524534142,0.043136721343783,0.0491205735130879,0.0543320598611957,0.0584191438629654,0.0611261746329326,0.0623130371651026,0.0619606969478592,0.0601625991799225,0.0571049829761848,0.0530399104568186,0.0482554836006831,0.0430477286534052,0.0376976092835613,0.0324546981084775,0.0275265650247993,0.0230709680713088,0.0191890235211685,0.015924326464143,0.0133230673532764,0.0115095124879102,0.0100503405385504,0.0116561992491543
"17",0.0144316969729626,0.0174051632268871,0.0198997783612903,0.0240272101429667,0.0296307940716879,0.0357659608223622,0.0419881650343504,0.0478955820475125,0.0530821062703148,0.0572044972978449,0.0600101243629768,0.0613557449830624,0.0612134596189588,0.0596632489245442,0.0568749466441153,0.0530832132572074,0.0485597526514217,0.0435870582887731,0.0384369845899588,0.0333554454455796,0.0285518936574206,0.0241901341351239,0.0203785496095363,0.0171660748362416,0.0146065165936029,0.0128410583992303,0.0113973514467412,0.0133974883073084
"18",0.0138616879388191,0.0167272610017602,0.0191453722139348,0.0231465916341092,0.0285844031780214,0.0345565325186217,0.0406401016354687,0.0464514890253779,0.0516005908173498,0.055754886574006,0.0586659574536302,0.0601877651198859,0.0602829857368195,0.0590167589005065,0.0565404838183358,0.0530689763902988,0.0488549816327489,0.0441651181150488,0.0392603585422921,0.0343820543878308,0.0297416137989778,0.0255096587608898,0.0218025700754275,0.0186744819508786,0.0161868198149597,0.0144996423405713,0.0130904883744275,0.0156003682489835
"19",0.0132175303879332,0.0159603552427221,0.0182901523591016,0.0221457235414796,0.0273918076978621,0.0331736870451696,0.0390928759085006,0.0447864509609669,0.0498827706807533,0.0540620612378742,0.0570815107860946,0.0587929056331622,0.0591492838053734,0.0581999302740716,0.056076118906347,0.0529706550532648,0.0491149571836063,0.0447575359407531,0.0401467596777883,0.0355185437912441,0.0310863581107667,0.0270284115379576,0.023469654854549,0.0204688091980725,0.0180942379931351,0.0165261945675633,0.0151789579568655,0.0183357596670036
"20",0.0125053037835813,0.0151114589512696,0.0173414513049218,0.0210324671809771,0.0260614272903429,0.0316258962702819,0.0373542231450659,0.0429064867619806,0.0479318682636514,0.0521253965215005,0.0552514307268597,0.0571605018815294,0.0577961978743279,0.0571913958626617,0.0554560210160833,0.052759127282863,0.0493087853884931,0.045333419828881,0.0410672497596496,0.0367400140928791,0.0325674575288484,0.0287361802132322,0.0253800984388036,0.0225613497773054,0.0203536886072173,0.0189579461568872,0.0177098152686804,0.0216733408212061
"21",0.011734003155261,0.0141910747291669,0.0163105311333956,0.0198193337989622,0.0246072803196119,0.0299281897522868,0.0354392861669556,0.040825653864485,0.0457594507580744,0.0499525098047452,0.0531780418433042,0.0552865290447846,0.0562127286336955,0.055973088269657,0.0546555353966162,0.0524041900430968,0.0494022483218777,0.0458564753730305,0.0419857154396455,0.0380130468630556,0.0341569056793285,0.0306131821990015,0.0275249876766643,0.0249560906413535,0.0229830589829319,0.0218264468436898,0.020725798555129,0.0256786167101742
"22",0.0109151238706774,0.0132127174883865,0.0152120881872253,0.0185229591558044,0.0230484287066594,0.0281016068386189,0.033370130375044,0.0385656935652455,0.0433852775901462,0.047559376723045,0.0508717827119306,0.0531743839510877,0.0543941561876415,0.0545316642016575,0.0536528369552156,0.0518763422583087,0.0493595985044814,0.0462866857966794,0.0428603111526119,0.0392967994589139,0.0358180126711074,0.0326302088435223,0.0298857985054687,0.0276477622734466,0.0259917460957325,0.0251556510546002,0.0242630931432067,0.0304097637335153
"23",0.0100620779088243,0.0121922344040967,0.0140635272208206,0.0171633023990696,0.0214080875991085,0.0261722526443188,0.0311748077464065,0.0361551836995686,0.0408366343763846,0.044969940083312,0.0483511724262847,0.0508352689201756,0.0523428682809814,0.0528597651899407,0.0524305709501747,0.0511487154059578,0.0491456590541631,0.0465824411165342,0.0436454674938326,0.0405447436802404,0.0375067347344084,0.0347494253661156,0.0324345759978206,0.0306213542572008,0.0293795154569724,0.02896017238263,0.028349124970847,0.0359143762337906
"24",0.00918949689019968,0.0111469865001024,0.0128840737860137,0.0157626452258029,0.0197124845138147,0.0241700480489256,0.0288860598723076,0.0336282815519445,0.038147220993259,0.0422152559648484,0.0456423223133865,0.0482881580099457,0.0500688392288862,0.0509570275040963,0.05097736750594,0.0501990215798322,0.0487280941635889,0.0467029878451989,0.0442943546090096,0.0417069647538164,0.0391736277908115,0.0369258066868112,0.0351347058814112,0.0338521248634052,0.033135717936299,0.0332437478897207,0.0330004214353822,0.0422261566552202
"25",0.00831260087444902,0.010095106512238,0.0116939675270612,0.014344680241631,0.0179898187140745,0.0221275894189926,0.0265401375383947,0.0310235876597848,0.0353561637565399,0.0393327685625384,0.0427785858882664,0.0455599196303388,0.0475902952998935,0.0488313225868845,0.0492896446158361,0.0490118590221298,0.0480801107760186,0.046611378154418,0.0447618931030839,0.0427330161946293,0.0407663024776731,0.039108935106455,0.0379418096490276,0.0373054026062425,0.0372378997982926,0.037996671976817,0.0382190767093581,0.0493594555989113
"26",0.00744828108979223,0.00905682611142871,0.0105160262749312,0.0129364686157979,0.0162727672401523,0.0200832993021723,0.0241806692801429,0.028388780924933,0.0325134342369649,0.0363724944140956,0.039807451722854,0.0426928209787928,0.0449416929571405,0.0465070317942807,0.0473799649235563,0.0475869018119079,0.0471881971194227,0.0462814305493665,0.0450105471028813,0.0435760589149929,0.0422312931028814,0.0412418546377661,0.0407987934685137,0.0409271700049085,0.0416375423066902,0.0431766340563256,0.0439696705250825,0.0572758965322056
"27",0.00662221085289403,0.00806308976277163,0.00938557551986682,0.0115805454330461,0.0146135611453544,0.0180998165104553,0.0218804953617681,0.0258058227261379,0.0297081285703473,0.0334278742491102,0.0368232840985512,0.0397783303684232,0.0422076569545504,0.0440581418599975,0.0453082996934841,0.0459673625888164,0.0460768381174744,0.0457177373945292,0.0450245502262579,0.0441999612573706,0.0435122533301983,0.0432481121378165,0.0436092710585063,0.0446018016976949,0.0462009313954283,0.0486324803194962,0.0500895428696509,0.0657563244999818
"28",0.00591561669240265,0.00721196861195303,0.00841495004313239,0.0104127722345309,0.0131799008287503,0.0163795561982272,0.0198769115357604,0.0235444806538426,0.0272373734401329,0.0308158420863734,0.0341532899461127,0.0371430252340715,0.0397025770064655,0.0417753742385573,0.0433309740088425,0.0443657183078787,0.0449067454073853,0.0450227135159785,0.0448421891243165,0.0445725416703819,0.0444983373725305,0.0449275927497373,0.0460722794583267,0.0479186970514431,0.0504040752995857,0.0537267248749895,0.0558556848791415,0.0737920875291295
