"","X0","X1","X2","X3","X4","X5","X6","X7","X8","X9","X10","X11","X12","X13","X14","X15","X16","X17","X18","X19","X20","X21","X22","X23","X24","X25","X26","X27"
"1",0.423748501528057,0.207408210126648,0.169814987221835,0.101305643163621,0.052679564075697,0.0261633607140359,0.0114238001496571,0.00471986771631166,0.00179770905551758,0.000637128420787108,0.000211520432045128,6.48738707442819e-05,1.84575245003005e-05,4.86608300225914e-06,1.18072338152024e-06,2.63183018895159e-07,5.38525795159266e-08,1.010599888255e-08,1.7358627784451e-09,2.72148151188372e-10,3.88438973886166e-11,5.04062563323283e-12,5.95105663191813e-13,6.41316632948003e-14,6.35456900555748e-15,5.86740468021273e-16,5.12934738837288e-17,4.6275536045555e-18
"2",0.423729999953074,0.207403795593524,0.169813738101446,0.101309015553153,0.052684956753968,0.0261685818866208,0.0114279127197217,0.00472263184130317,0.00179935856662904,0.000638016989635858,0.000211957003136034,6.50709794469975e-05,1.85396563670946e-05,4.89776498880418e-06,1.19206055789163e-06,2.66950812972673e-07,5.50160688376357e-08,1.04397911656589e-08,1.82476875334649e-09,2.94105975845005e-10,4.38635776941511e-11,6.1003051918714e-12,8.01082116937698e-13,1.00865729097203e-13,1.23399907051435e-14,1.47332399710837e-15,1.69975798737136e-16,2.05632215943347e-17
"3",0.423664604167296,0.207387857789851,0.169808962086955,0.10132061084344,0.0527038694604199,0.0261870967081449,0.011442651697193,0.00473265592465198,0.00180542120827109,0.000641333045923395,0.000213614700835107,6.58341464845284e-05,1.88646760829776e-05,5.02623142631491e-06,1.23929242754138e-06,2.83125582162513e-07,6.01791473992685e-08,1.19762235503183e-08,2.2508486367895e-09,4.04122866377931e-10,7.02765809223304e-11,1.19852771690299e-11,2.01499326861992e-12,3.31989853374959e-13,5.28111743040632e-14,7.96268760608767e-15,1.11794453417582e-15,1.62556162535764e-16
"4",0.423496140797598,0.207345565203821,0.169795307421679,0.101349237441676,0.0527519847460544,0.0262349660829867,0.0114813492507407,0.00475942849354701,0.00182193017639351,0.000650563655217686,0.000218345161453581,6.80732785294758e-05,1.98481489113634e-05,5.42839966944086e-06,1.39276380645618e-06,3.37859390518753e-07,7.84369393416601e-08,1.76742083312284e-08,3.91414817988509e-09,8.57940184627445e-10,1.85869888640995e-10,3.94262050006467e-11,8.0731453546503e-12,1.57247690346648e-12,2.87637277834429e-13,4.88997286506148e-14,7.6605657870233e-15,1.25801609812283e-15
"5",0.423131656693717,0.207250816683382,0.169762155130797,0.101407751321915,0.0528542822608654,0.0263388018408742,0.0115668971822936,0.00481987457811207,0.001860104528289,0.000672494314143456,0.000229932382421751,7.37473137606979e-05,2.24351816485676e-05,6.53030666381816e-06,1.8322011677987e-06,5.02167098623853e-07,1.36080366619057e-07,3.66526587410199e-08,9.77648070459017e-09,2.55565833417355e-09,6.46284368089148e-10,1.56172271569911e-10,3.56968987079637e-11,7.65682623716262e-12,1.53150460102146e-12,2.84111924461615e-13,4.86417694276826e-14,8.89586515954312e-15
"6",0.422437827392623,0.207063233124768,0.16969087025628,0.10151114185091,0.0530444565270532,0.0265365441632908,0.0117335173739009,0.00494056710878436,0.00193849999442848,0.000718985257093034,0.00025538515065466,8.67090913990036e-05,2.86026051225337e-05,9.28065797223943e-06,2.98400940793067e-06,9.55663534418923e-07,3.04037114529779e-07,9.51673610138633e-08,2.89458751791164e-08,8.45627527442735e-09,2.35099585428182e-09,6.17744805140707e-10,1.52615837426446e-10,3.53037049388201e-11,7.61864695130997e-12,1.52823656146889e-12,2.83917678573069e-13,5.7477315141267e-14
"7",0.421231086026202,0.206723340487473,0.169551135042475,0.101675030289291,0.0533653759025296,0.0268793996735069,0.0120296722524743,0.00516102019076223,0.00208617344153734,0.000809654620304864,0.000306981808120531,0.000114120879188692,4.22554092491869e-05,1.56727993745145e-05,5.8017892213686e-06,2.12611265065074e-06,7.62276635457606e-07,2.6423325386975e-07,8.76983908328404e-08,2.76722616696893e-08,8.25991581275466e-09,2.32379474001073e-09,6.14382282525976e-10,1.52247709362346e-10,3.52686967031252e-11,7.61539256173975e-12,1.52836700714866e-12,3.40999574032465e-13
"8",0.419281251076762,0.206150864663373,0.169297913283466,0.101911145660979,0.0538648155815479,0.0274291449682527,0.0125173654555696,0.00553474567143452,0.0023448399189927,0.000974418969503947,0.000404642845109504,0.000168357877181348,7.05832604600567e-05,2.96184537970078e-05,1.2280257374982e-05,4.96731011796044e-06,1.93856429956747e-06,7.23808570594261e-07,2.57044034683669e-07,8.64782067187671e-08,2.74851616073566e-08,8.23416168307253e-09,2.32063461935792e-09,6.14039286602217e-10,1.52217681990496e-10,3.52637202263487e-11,7.61775721478337e-12,1.86641215531899e-12
"9",0.416318959702114,0.205244476187957,0.16886914310297,0.102222293047719,0.0545896942416001,0.0282534263323355,0.0132694415256898,0.00612874826815449,0.002770134272858,0.00125580096174219,0.000578562139944854,0.000269428017457774,0.000125985865960785,5.83133615937859e-05,2.63324417296228e-05,1.14742001047682e-05,4.7867227615388e-06,1.90165877466145e-06,7.16940021636924e-07,2.55883790542272e-07,8.63012592371946e-08,2.74609559231956e-08,8.23121281313898e-09,2.32031732810408e-09,6.14026990085706e-10,1.52200067118644e-10,3.52809308997557e-11,9.46354150514561e-12
"10",0.41204919473404,0.203884084607803,0.168185012679223,0.102597202557339,0.0555787593326605,0.0294186040993894,0.0143640926041978,0.00702045883351122,0.00343095140257782,0.00171013294094118,0.000871495245632302,0.000447597273546379,0.000228491113038208,0.000114162194699619,5.51551918152023e-05,2.55600278126498e-05,1.13017332907757e-05,4.7516122377703e-06,1.89515274201312e-06,7.15846427480483e-07,2.55717943130494e-07,8.62787187955577e-08,2.74582321144942e-08,8.23092406279565e-09,2.32039947125305e-09,6.1393359405762e-10,1.52307896231814e-10,4.46122484374347e-11
"11",0.406171907107937,0.201936356513852,0.16714949066964,0.103005866247205,0.0568541833001869,0.0309803456681665,0.0158764115114626,0.00829156452815789,0.0044060442468464,0.00240674323143566,0.00133989683004655,0.000745651086323915,0.000408370153278984,0.000217193039979674,0.000111152867339792,5.44214664982079e-05,2.53967766788331e-05,1.12686314916962e-05,4.74550597885314e-06,1.89413154239074e-06,7.15692452647679e-07,2.55697162089382e-07,8.62762402597957e-08,2.74579855896953e-08,8.23152061449008e-09,2.31989734679705e-09,6.14549191346799e-10,1.96140046250994e-10
"12",0.398407096565365,0.199263086219285,0.165654351622055,0.10339648700135,0.0584135999769582,0.0329734066022731,0.0178680048632215,0.01001914314325,0.00577768860602102,0.00342449800009807,0.002053091120132,0.00122002836353219,0.000708398579056923,0.000397672727897215,0.000214351998606063,0.000110462386764086,5.4268389977796e-05,2.53658635386968e-05,1.1262954785946e-05,4.74456144391196e-06,1.89398995873377e-06,7.15673514158254e-07,2.55695003531839e-07,8.62761209726864e-08,2.74612107536624e-08,8.22900481869078e-09,2.3231348282887e-09,8.06435921211579e-10
"13",0.388521750410248,0.195731813076195,0.163585650414038,0.103694859770126,0.0602239375045057,0.0354020967751838,0.0203759776821327,0.0122649697694214,0.00762270894340298,0.00484543478906272,0.00308980721529427,0.00193999140964838,0.0011849908947554,0.000698368353554735,0.000395016770232842,0.000213708573412498,0.00011032025346498,5.42398014687767e-05,2.5360637002492e-05,1.12620894777101e-05,4.74443251596888e-06,1.89397306384193e-06,7.15672071815825e-07,2.5569551327789e-07,8.62917935452859e-08,2.74495842411776e-08,8.2447630916548e-09,3.10806175907809e-09
"14",0.376354556218253,0.191227459239732,0.160832164883241,0.103806893276983,0.0622185474999975,0.0382332644552346,0.0234031019635651,0.0150644872763479,0.0100018293211305,0.00674582902987606,0.0045318369032769,0.00298417283082587,0.00190737528125907,0.00117568353875059,0.000695911138548499,0.000394423389393991,0.000213577957030083,0.000110294083807138,5.42350376958263e-05,2.53598521720365e-05,1.126197346777e-05,4.74441865859853e-06,1.89397437532447e-06,7.15675920202095e-07,2.55765839637655e-07,8.62421857040618e-08,2.75208043705149e-08,1.12516230795681e-08
"15",0.361837340622609,0.185664143929583,0.157295101047729,0.103623929693633,0.0642978393211336,0.0413925774677254,0.0269103699688187,0.0184167988105272,0.0129485649038599,0.00918550959364006,0.00645508510259157,0.00443422610948819,0.00295413745196239,0.00189883200694731,0.00117343466795963,0.000695369754680122,0.000394304623246036,0.000213554250020572,0.000110289785987685,5.42343334152818e-05,2.53597502507112e-05,1.12619675222282e-05,4.74443242781485e-06,1.89399498855905e-06,7.15969319527345e-07,2.55569965450344e-07,8.65417897661314e-08,3.83281725459063e-08
"16",0.345008991210857,0.17899547312973,0.152897963182237,0.103030805101599,0.0663341884845143,0.0447654305182664,0.0308136188291953,0.0222775047133494,0.0164593860420801,0.0121968394456586,0.00891892612509115,0.00636589267873601,0.00440687741174573,0.00294638353801267,0.00189679675784244,0.0011729461684149,0.00069526293482834,0.000394283375418452,0.000213550413713968,0.000110289163390718,5.42342524757832e-05,2.53597746294686e-05,1.12620368540525e-05,4.74453120779872e-06,1.89513696512825e-06,7.15252084348572e-07,2.56745187936332e-07,1.23045907510152e-07
"17",0.326020576511027,0.171222161523575,0.147595467923458,0.101915729264646,0.0681806473481879,0.0482026089366148,0.0349849811518303,0.0265556495352735,0.0204867167977105,0.0157749510933184,0.0119552121956292,0.00883836789170329,0.00634127954782626,0.00439992155652734,0.00294456279595659,0.00189636097601993,0.00117285116353308,0.000695244100562606,0.000394279993666885,0.000213549885191839,0.000110289138555736,5.42344041243484e-05,2.5360079136559e-05,1.12624741402512e-05,4.7486888341894e-06,1.89269706381402e-06,7.19555809432287e-07,3.72770071504375e-07
"18",0.305131523939416,0.162396145891468,0.141380441509959,0.100180737430496,0.0696823965544902,0.0515301426062159,0.0392592493363998,0.0311155252762665,0.0249360390399822,0.0198708065559262,0.0155585298589331,0.0118833157670671,0.00881648013113172,0.00633511350137107,0.00439831176511079,0.00294417851080161,0.00189627743261024,0.00117283466492569,0.000695241185145685,0.000394279629741746,0.000213550078780765,0.000110289813946884,5.42356483746541e-05,2.53618815256543e-05,1.12766641072015e-05,4.74096697383233e-06,1.90742068563998e-06,1.06693814077678e-06
"19",0.282696138086942,0.152620410138434,0.134287789241726,0.0977516828102687,0.0706899567164961,0.0545626295885746,0.0434448884235891,0.0357836373066158,0.0296679835178923,0.0243884266943552,0.0196793099196334,0.015495143925571,0.0118640884090098,0.00881108034533398,0.00633370721138088,0.00439797687044026,0.00294410591540409,0.00189626321473569,0.00117283234613766,0.000695241318619613,0.000394280737003107,0.000213552811279115,0.000110294602833459,5.424258687259e-05,2.54073657512378e-05,1.12539010708438e-05,4.78803256284175e-06,2.88796145867014e-06
"20",0.259142700334349,0.142044639681814,0.126395041939047,0.0945863970243771,0.0710723723871661,0.0571183106528559,0.0473383985665804,0.040360183138961,0.0345054885184832,0.0291870523691976,0.0242210790387489,0.0196241197134929,0.0154784629089835,0.0118594178832594,0.00880986676280709,0.00633341889556385,0.00439791467632479,0.00294409415795647,0.00189626216240326,0.00117283439656359,0.000695246113904121,0.000394291122056423,0.000213570212270424,0.000110319579024919,5.4379699627252e-05,2.53447779632781e-05,1.13944241426187e-05,7.39886206844222e-06
"21",0.2349472829285,0.130857115890756,0.117819356334008,0.0906800629902669,0.0707288547331658,0.0590341820984405,0.0507404430055584,0.044633875963258,0.0392454687996278,0.0340883731531802,0.0290426441513799,0.0241736289401572,0.0196098295356052,0.0154744735668,0.011858383628295,0.00880962190897072,0.0063333670298394,0.00439790671347725,0.00294409730099528,0.00189627176758755,0.00117285322318877,0.000695283359388823,0.000394350762950159,0.00021365424347699,0.000110708561797513,5.42187962306824e-05,2.57362223965272e-05,1.7954390694521e-05
"22",0.210604595347615,0.11927361418765,0.108711251649904,0.0860672693615812,0.0695976806657274,0.0601795269964862,0.0534719832391685,0.0483985170703977,0.0436738247741223,0.0388882667124951,0.0339653459746298,0.0290023687437884,0.0241615432012223,0.0196064658736227,0.0154736044409131,0.0118581805026389,0.00880958323921194,0.00633336941009186,0.00439792603942567,0.00294413557291894,0.00189634070694817,0.00117297909166768,0.000695475579563593,0.000394614330923464,0.000214692267781461,0.000110319576289822,5.52337838419524e-05,4.12916593641453e-05
"23",0.18659906857933,0.107524516993648,0.0992457534540625,0.0808204870698595,0.0676613116697934,0.0604662903010064,0.0553885429019629,0.0514694041184931,0.0475821111857557,0.0433718372084744,0.0387848070089952,0.0339316051712334,0.028992284482927,0.0241587505548024,0.0196057544263683,0.0154734517714216,0.0118581730047729,0.00880962497775896,0.00633345118501697,0.00439806678056648,0.0029443709230918,0.00189673844641779,0.00117355678617213,0.000696240434601776,0.000397211973527924,0.000213795226668611,0.000112757159342133,9.0036203920106e-05
"24",0.163378678995121,0.0958414080211826,0.0896118905992898,0.075045283780661,0.0649473860517842,0.0598553451116727,0.0563911478660778,0.0536978149005565,0.0507840441920484,0.0473301395519213,0.0432860124000301,0.0387569592845227,0.0339233522980558,0.0289900492983298,0.0241582325567877,0.0196057069051968,0.0154735461505044,0.0118583498976127,0.00880990725652434,0.00633389992333201,0.00439877521632156,0.00294549734015034,0.00189830236283921,0.00117555236144938,0.000702266246580779,0.000395160405560694,0.000219148500924504,0.000186142524954096
"25",0.141335422316256,0.0844455732718289,0.0800027664128221,0.0688739772064681,0.0615266760279043,0.058359106936945,0.0564337583075682,0.0549828226771021,0.0531307004413143,0.0505772586648792,0.047260450974847,0.0432637302913131,0.0387505033410077,0.0339216021180767,0.028989512836404,0.0241579297582646,0.0196054267123343,0.0154733233118438,0.0118583157646625,0.0088102560965849,0.00633488315685406,0.00440075591116645,0.00294848016904639,0.00190222477061049,0.00118777530492323,0.000697013013237102,0.000405393173900894,0.00036436103182562
"26",0.120821986373884,0.0735563351569223,0.0706231852423049,0.0624722153840113,0.0575204298377282,0.0560513305569379,0.0555363544182971,0.0552877699029296,0.0545296731959482,0.0529707841878153,0.0505260762764125,0.0472442939180955,0.0432568129066915,0.0387438830531082,0.0339127255542723,0.028978057025413,0.0241443746093771,0.0195906006313995,0.0154582331719155,0.011844060527957,0.00879795836492385,0.00632572375931566,0.00439495963207808,0.00294598644460202,0.001917077364708,0.00116893834669013,0.000709887502480104,0.000670286653772918
"27",0.102282943265313,0.0634660916443813,0.0617589511687194,0.056095713756068,0.0531488688521324,0.053111981518507,0.0538276689983335,0.0546811373247906,0.0549829745455493,0.0544448607830437,0.0529531935660701,0.0505144322015564,0.0472173115021312,0.0432079911898425,0.0386731148790617,0.0338228702448723,0.0288735971395842,0.024030757210666,0.0194737311082037,0.0153440043200103,0.0117379111044412,0.008704652639765,0.00624730354166928,0.00433211209524042,0.00292338118350706,0.00184198939401221,0.00116022249191499,0.00114023233060519
"28",0.0872156659237226,0.0550807550173079,0.0542645532552728,0.050465774837418,0.0490184926980891,0.0500539249424837,0.0517190630180409,0.0534608617941451,0.0546598684097681,0.0550287454513388,0.0544269184235461,0.0528199062634868,0.0502524138927284,0.0468312911738834,0.0427136589623276,0.0380933382289026,0.0331850992462351,0.0282075058934871,0.0233658833140605,0.0188372389843567,0.0147587791990454,0.0112214050096629,0.00826530802911267,0.00588730233326135,0.0040872494253584,0.00264044878212714,0.00170930792933756,0.00172923956148489
