"","X0","X1","X2","X3","X4","X5","X6","X7","X8","X9","X10","X11","X12","X13","X14","X15","X16","X17","X18","X19","X20","X21","X22","X23","X24","X25","X26","X27"
"1",0.0161912240828646,0.0259531639210853,0.0399136783374081,0.0547492020371013,0.0711199872917865,0.0818615746363257,0.0894785720660589,0.0916760701389935,0.0896981943560708,0.0836645623808467,0.0749506028738246,0.0646554201920928,0.0538476196938949,0.0433993606736696,0.0338968919241448,0.0256853338394396,0.018902248508428,0.0135211257233742,0.00940785158960716,0.0063713951695109,0.0042025519718224,0.00270129883354078,0.00169294705623575,0.00103500310672848,0.000617535205554207,0.00036077544248893,0.00020427070325594,0.00024153824383767
"2",0.0161909081737142,0.0259526713317489,0.0399129501435355,0.0547482637922962,0.0711188587224046,0.0818604190566217,0.089477494517593,0.0916752027475014,0.0896976180062008,0.0836643274215175,0.0749507077270581,0.0646558247957084,0.053848256117248,0.0434001472737904,0.0338977474415753,0.0256861874925077,0.0189030460236444,0.0135218315198735,0.00940844771905191,0.00637187815728927,0.00420292873662677,0.00270158259833858,0.0016931538579135,0.00103514920398165,0.000617635399826061,0.000360842708453872,0.000204313887741134,0.0002416054262307
"3",0.0161897773888289,0.0259509076370028,0.039910341839954,0.0547449010017225,0.071114810746316,0.0818562694320504,0.0894736189586197,0.0916720748686333,0.089695529061027,0.0836634601357217,0.0749510592812572,0.0646572543994087,0.0538505225442738,0.0434029592355816,0.0339008139660615,0.025689254191451,0.0189059169601961,0.0135243773708052,0.00941060230431042,0.00637362738081383,0.00420429612502152,0.00270261470738897,0.00169390774224537,0.00103568305369347,0.000618002421212082,0.000361089787743095,0.00020447291049011,0.000241854548161356
"4",0.0161868105566268,0.0259462783433614,0.0399034916163952,0.0547360610608184,0.0711041577966775,0.0818453303888542,0.0894633784086373,0.0916637779596535,0.089689946602843,0.0836610812532731,0.074951887623223,0.0646609308468978,0.0538564218738791,0.0434103210916687,0.0339088747022287,0.0256973425157541,0.018913512382793,0.0135311329473885,0.00941633680091339,0.00637829724173061,0.0042079581177035,0.00270538782502626,0.00169594020329858,0.00103712741552317,0.000618999102133325,0.000361763530300251,0.000204908172997743,0.000242543619390701
"5",0.0161802445575013,0.0259360277571841,0.039888311940744,0.0547164492241846,0.0710804903436712,0.081820974768811,0.0894405099785928,0.0916451591210123,0.089677301669087,0.0836555199521893,0.0749534493172695,0.0646688501757768,0.0538693374946654,0.0434265620500051,0.0339267511054092,0.0257153584451486,0.0189304981747887,0.0135462992399092,0.00942926080690087,0.00638886356452642,0.00421627783655104,0.0027117148192062,0.00170059784338435,0.00104045263309807,0.0006213047394165,0.000363330526642967,0.000205925471413586,0.000244176442899946
"6",0.0161674041216454,0.0259159689985551,0.0398585806625128,0.0546779816997027,0.0710339877148303,0.0817729933305122,0.0893952940210071,0.0916081257768724,0.0896518662425086,0.0836439175972009,0.0749558325471388,0.0646837941870625,0.0538942357554332,0.0434581775957577,0.033961781865712,0.0257508561626538,0.0189641338335288,0.0135764775665913,0.00945510218509011,0.00641009536686136,0.00423308069743816,0.00272456081859395,0.0017101067140131,0.00104728048209638,0.000626067614849713,0.00036658949989635,0.000208054141304604,0.000247652800620678
"7",0.016144393634236,0.0258799968389406,0.0398052067495719,0.05460881051959,0.0709502022809009,0.0816862810626892,0.089313237994314,0.0915404616910627,0.0896048011487971,0.0836215898303762,0.0749586720824369,0.0647093992011936,0.0539380551330043,0.0435144800084898,0.03402466132252,0.0258149869035244,0.0190252591094238,0.0136316326738383,0.00950260026697445,0.00644934778432352,0.00426433155915678,0.00274860148532048,0.0017280178311145,0.00106022905302892,0.000635164359731883,0.000372863841146537,0.000212181783628405,0.000254533850654952
"8",0.0161059936941898,0.0258199176191942,0.0397159600328704,0.0544929362912313,0.0708095354983106,0.0815402065961091,0.089174362314221,0.0914250780123645,0.0895234247907104,0.0835813729755101,0.0749606271913189,0.064749808077472,0.0540095577882751,0.0436076548174278,0.0341296866447008,0.0259229063442909,0.0191288200188557,0.0137256909434243,0.00958413092672177,0.00651717453517163,0.00431870399343994,0.00279072862306405,0.00175963843183195,0.00108326736019728,0.000651481750628322,0.000384222771575973,0.000219715710861379,0.000267396246020381
"9",0.0160456259525637,0.0257253842780766,0.0395753533296374,0.054310010702866,0.0705869315026004,0.0813081857570045,0.0889526492946073,0.0912393551046766,0.0893904838819633,0.0835128780391591,0.0749586824434383,0.0648090814158548,0.054118904852193,0.0437525359122615,0.0342947461074079,0.0260939666044042,0.0192942357046184,0.0138770397949469,0.00971628985755665,0.00662794684622646,0.00440819249349004,0.00286062261483196,0.0018125423165834,0.00112215179035215,0.0006792760961637,0.000403774034565078,0.000232802389552029,0.000290350882388254
"10",0.0159554568347027,0.0255840478423996,0.0393648442067697,0.0540355496348222,0.0702520614381332,0.0809577505252338,0.0886159410436003,0.0909548233772414,0.0891836130796941,0.0834017591431349,0.07494729058711,0.0648903017410878,0.0542768149902409,0.043965902219951,0.0345408156829629,0.0263514456876032,0.0195453637067763,0.0141087057181036,0.00992024158016507,0.00680032170039768,0.00454864665247061,0.00297130435539066,0.0018971008470065,0.00118490911854963,0.000724592180815392,0.000436023121027967,0.000254606229670699,0.000329766754927358
"11",0.0158266897023321,0.0253820043582776,0.0390634767702993,0.0536417194280337,0.0697702048807649,0.0804513417938276,0.0881265213818203,0.0905374016176487,0.0888751661155162,0.0832291253216956,0.0749174216327297,0.0649943656117356,0.0544932347487914,0.0442651671384389,0.0348907916407777,0.0267216150171412,0.0199098541596753,0.0144480066632362,0.0102216474262419,0.00705739857505675,0.00476009675773306,0.00313956709236782,0.00202696380701108,0.0012823200698666,0.000795715482620696,0.000487288942368108,0.000289646124429342,0.000395247739551069
"12",0.0156500291217285,0.025104513763691,0.0386489329651913,0.0530986657746107,0.0691038047473613,0.0797478229862093,0.0874424073810964,0.0899482521913559,0.0884325091202865,0.0829712093527531,0.0748556410316508,0.0651185797500233,0.0547756147865897,0.0446665212715435,0.0353676801054473,0.0272321264722241,0.0204178402438173,0.0149256013271887,0.0106500813249181,0.00742647068185155,0.00506678313355581,0.00338621328499639,0.00221943150343384,0.00142836193436408,0.00090363197615976,0.000566165582789537,0.000344187514938154,0.000500920670212395
"13",0.0154162915228497,0.024736952487105,0.0380989409706162,0.0523763263198999,0.068214638092577,0.0788046775633967,0.086519346446774,0.0891452926774027,0.0878188609355034,0.0825994178784544,0.074743366975581,0.0652552185986429,0.0551269370933671,0.0451826438657573,0.0359922170838191,0.0279097451358367,0.0210999453013931,0.0155738772324677,0.0112378478935765,0.00793827046146282,0.00549678630566254,0.00373600077844516,0.00249563648792748,0.00164054641555428,0.00106245018765015,0.000684004409690744,0.000426676395149321,0.000667084483424537
"14",0.0151170968494209,0.0242658992411766,0.0373928952624235,0.051446546511483,0.0670663968113704,0.0775806985947095,0.0853133676285069,0.0880852825175417,0.0869946835938445,0.0820808544422384,0.0745564757446296,0.0653902675229253,0.0555437440471968,0.0458202304189942,0.0367801367655843,0.0287775969402135,0.0219847173687514,0.0164247292352633,0.0120182022588755,0.00862566855496026,0.00608119130626212,0.00421721976515811,0.00288045643538417,0.00194008311589233,0.0012897298697564,0.000855379799967297,0.000548191688077458,0.000922257709380229
"15",0.014745607174141,0.0236803015243463,0.0365136120937811,0.0502854036583306,0.0656275698242359,0.0760390705714405,0.0837838120684014,0.0867264528169961,0.0859196453921166,0.0813793967679925,0.0742653903733159,0.0655025277522435,0.0560143669720006,0.0465775335243416,0.037739263187393,0.0298520669983084,0.0230955766403945,0.0175067601153192,0.0130229528687489,0.00952176619739295,0.0068526972941648,0.00486079661841827,0.00340205191910607,0.00235177050091216,0.00160663422471461,0.00109847722848043,0.000722872290326561,0.001305623402624
"16",0.0142972108706598,0.022972564408141,0.0354489856942643,0.0488754362079469,0.0638742626277441,0.074150473056448,0.0818965039041465,0.0850314205069616,0.0845550098004958,0.0804573146395803,0.0738357734738539,0.0655633229834848,0.056517684005094,0.0474422988880172,0.038866819281355,0.0311397180383002,0.0244475917895081,0.0188421472913253,0.0142796122966324,0.0106574700101685,0.00784369629262822,0.00569889888877679,0.00409097124966422,0.00290354102539199,0.00203783049969608,0.00143533942377514,0.00096826709330981,0.00186983575261691
"17",0.0137700858738325,0.0221394565460932,0.0341933869539027,0.0472075687401664,0.0617926949945821,0.0718959309225207,0.07962679529433,0.0829701639610253,0.0828662979156215,0.0792773689402544,0.0732298676946718,0.0655369519092689,0.0570226381362175,0.0483903899585961,0.0401472792529065,0.0326345556435081,0.0260443835207413,0.0204434229258219,0.015808278029337,0.0120586611303808,0.00908386678006169,0.00676303155850472,0.00497877151613375,0.00362558484951859,0.00261105373143894,0.00189189000241442,0.00130553887401013,0.00268408434412547
"18",0.0131655874761928,0.0211827459751214,0.0327486703676316,0.0452825497202232,0.0593811427006099,0.069269150171055,0.0769622165214424,0.0805228122793618,0.0808260245313419,0.077805265352955,0.0724084483909575,0.0653819504273773,0.0574886752249646,0.0493853428224783,0.0415510645156271,0.0343159700170349,0.0278754837859528,0.0223104663050935,0.0176184904107586,0.0137431403858552,0.0105973938522986,0.00808167029549682,0.0060961462761505,0.00454900221107286,0.00335625948707905,0.00249765145819734,0.00175944415237371,0.00383723488528235
"19",0.0124883977749473,0.0201094646696619,0.0311246335190156,0.0431116883117409,0.0566510471452005,0.0662780264398341,0.0739044006081431,0.0776819313024715,0.0784162336571649,0.0760122609708392,0.0713332819736544,0.0650531664211647,0.0578672175620999,0.0503790711304711,0.0430343879208243,0.0361477163704553,0.0299145377140822,0.024428087541589,0.0197064094510807,0.0157176315646259,0.0124000251313773,0.00967756447161188,0.00747062148274467,0.00570398685876584,0.00430432482027302,0.00328508795870324,0.00235801374072573,0.00544078348671785
"20",0.0117464293210373,0.0189317868964616,0.0293388998213665,0.0407168375344019,0.0536272069175675,0.0629452015747422,0.0704701171558375,0.0744541062124856,0.0756306122387043,0.0738777028571499,0.0699698951752316,0.0645045049664741,0.058104105714106,0.0513137426008724,0.0445403594309927,0.0380781295813581,0.0321186067502326,0.0267644969555696,0.0220526107141217,0.0179751203995271,0.0144961945170993,0.0115648817785859,0.00912392573166589,0.0071175840015709,0.00548528846176095,0.00428851911132605,0.0031318654785352,0.00763126810120087
"21",0.0109504877414851,0.0176665256484512,0.0274162239721945,0.0381296084881989,0.0503470103760098,0.0593075887223424,0.0666912889678822,0.0708606449988581,0.0724759642505486,0.071391255180524,0.0682904109924095,0.0636921279679031,0.0581428497591369,0.052124748941723,0.0460013699824178,0.0400416869099215,0.034428773515375,0.0292709262970207,0.0246208037564801,0.0204928389676469,0.0168765005302785,0.0137464349208295,0.0110692141911105,0.00881113529450515,0.00692617949053646,0.0055425890693498,0.00411310607161803,0.0105717049952273
"22",0.0101137188951269,0.0163342844339758,0.0253872695460811,0.0353898670178936,0.0468587513170487,0.0554148751071668,0.0626139510095374,0.0669372983957867,0.068972873883655,0.068554584582027,0.0662761819042292,0.0625778287866599,0.0579284341785591,0.0527445701551888,0.0473426379628229,0.0419619028585312,0.0367721352745082,0.0318825813591653,0.0273577238871474,0.0232311884696393,0.0195158425188335,0.0162112739660541,0.0133083860034989,0.0107975906761687,0.00864854852176438,0.00708032404229464,0.00533381658150265,0.0144515586651171
"23",0.00925089917271416,0.0149583541219896,0.0232869875168384,0.0325436701993616,0.0432192025544106,0.0513271554247327,0.0582962545801706,0.0627330181447636,0.065155481943753,0.0653823256490617,0.0639199526939466,0.0611322516487042,0.0574113211535205,0.0531071951040913,0.0484866375105702,0.0437553649470953,0.0390651041315211,0.0345209584020545,0.0301943341868517,0.0261338197148322,0.0223724860494923,0.018932933994583,0.0158297711137566,0.0130789221395011,0.0106658784264622,0.00893086361852407,0.00682416131626322,0.019484694540418
"24",0.00837763611858247,0.0135634592701377,0.0211527492051397,0.0296408379595287,0.0394906769437622,0.0471119194621791,0.0538057049178084,0.0583078704528681,0.0610703970096423,0.0619022386011236,0.061227358055272,0.0593376718929878,0.0565513102359673,0.0531527380569871,0.0493580728115737,0.0453366385033841,0.0412178366570084,0.0370974595043606,0.0330483882231021,0.0291290253679224,0.0253882912860454,0.0218686195237199,0.0186064802695675,0.0156439098284606,0.0129810943537589,0.0111169732096619,0.00861017935226581,0.0259044629271664
"25",0.00750965702181859,0.0121746381709653,0.0190226695076359,0.0267327545165097,0.0357383421744363,0.0428412639212644,0.0492165633873449,0.0537310279845212,0.0567756016293152,0.0581553044067881,0.0582183521936823,0.0571907709584353,0.0553215277591303,0.0528323822894766,0.0498894159816649,0.0466239783877271,0.043139684285329,0.0395181787395917,0.0358282233061677,0.0321323174519999,0.0284899755611525,0.0249591787294931,0.0215952303754213,0.0184660398626984,0.0155838198804717,0.0136516971967474,0.0107106467552396,0.0339507575649553
"26",0.00666371658956441,0.0108187303923251,0.016937966626708,0.0238757622221238,0.0320348856940638,0.0385977045203637,0.0446168382096569,0.049088833454963,0.0523495066047209,0.0542056173011739,0.0549377588301175,0.0547136020239267,0.0537194984732845,0.0521191798891732,0.0500309989167457,0.0475482439028128,0.0447464659401861,0.0416891134310394,0.0384355805437935,0.0350466522141446,0.0315866886601866,0.0281241295691112,0.0247290650495971,0.021494216278651,0.0184395582164566,0.0165245649314685,0.0131244318132236,0.0438006897004015
"27",0.00586413126791751,0.00953494652086711,0.0149594248484832,0.0211541828283084,0.0284911031370679,0.0345105136432347,0.0401495375412504,0.0445291083068486,0.0479367594909185,0.0501859290095873,0.0514990501572265,0.051994259223018,0.0518035426627052,0.0510391866431286,0.0497760437199234,0.0480711348036863,0.0459713903304167,0.0435194506100419,0.0407611614107933,0.0377504162449248,0.0345508501636386,0.0312360115484419,0.0278860849990332,0.0246166403775615,0.0214499524653942,0.0196522906639754,0.0157860225871026,0.0553208747944877
"28",0.00518714909165806,0.00844631731165141,0.0132779714775457,0.0188334140632399,0.0254568381180309,0.0309901874890121,0.0362728133534481,0.040532140483295,0.044017636365138,0.0465522048046608,0.0483135090030005,0.0493822410315712,0.0498483653825178,0.0497836407228751,0.0492278157855445,0.0482074837457158,0.0467441900664868,0.0448605352711251,0.0425874834141565,0.0399690579623137,0.0370640358570666,0.0339463046867461,0.0307011825714913,0.0274629867163191,0.0242509571257603,0.0226503393984895,0.0183654057343018,0.0670677929668219
