"","X0","X1","X2","X3","X4","X5","X6","X7","X8","X9","X10","X11","X12","X13","X14","X15","X16","X17","X18","X19","X20","X21","X22","X23","X24","X25","X26","X27"
"1",0.647926793200194,0.190857446213236,0.0971990781190308,0.0428463963316721,0.0152298444510262,0.00448365028275796,0.00114080943598693,0.000255501427203177,5.03026622698259e-05,8.67371383300034e-06,1.30796563626531e-06,1.73505955446947e-07,2.0355334929401e-08,2.11695748933328e-09,1.99421963436311e-10,1.78018206636509e-11,1.54492593632633e-12,1.2722280802533e-13,9.47430872835334e-15,6.10888701084157e-16,3.29006319822439e-17,1.4318973649767e-18,4.86559680177781e-20,1.23795630010656e-21,2.21802991294246e-23,2.50008002665926e-25,1.3328950922452e-27,0
"2",0.647874048435155,0.190855146870009,0.0972104468172993,0.0428616244104983,0.0152426502456563,0.00449188486715065,0.00114515058153356,0.000257447991807277,5.10596738796049e-05,8.93175151792821e-06,1.38549950011472e-06,1.94100710182275e-07,2.51953165290596e-08,3.12246653288717e-09,3.83641913063577e-10,4.74457484292618e-11,5.70968751793491e-12,6.33917987406011e-13,6.22969701689438e-14,5.26846690123411e-15,3.74861706733305e-16,2.19485209266823e-17,1.03144192028739e-18,3.77056527421223e-20,1.02695173907615e-21,1.9500644115375e-23,2.29143970081539e-25,1.24828884809644e-27
"3",0.647690466981117,0.190845760268597,0.0972485108339201,0.0429139689269612,0.0152875684840357,0.00452144966398515,0.0011611925771003,0.000264900132789793,5.40835605564557e-05,1.0015396640773e-05,1.73056908650273e-06,2.92054740978888e-07,5.00131123896569e-08,8.73225255067978e-09,1.51277199515424e-09,2.49129495952877e-10,3.75152291304291e-11,5.03118183056279e-12,5.90441473128319e-13,5.9758972597913e-14,5.13945860176388e-15,3.69438375537692e-16,2.17715014345499e-17,1.02731167278156e-18,3.76448527715523e-20,1.02650723647978e-21,1.94998745542962e-23,2.30390871942026e-25
"4",0.647227764232103,0.190817233690771,0.0973389996669034,0.0430432779617729,0.0154017349596316,0.00459907678320636,0.00120503275345831,0.000286278996622069,6.32707861703701e-05,1.35326048317485e-05,2.93713352505191e-06,6.63979512294451e-07,1.53110939994215e-07,3.44129640115787e-08,7.2493011638662e-09,1.39457242585856e-09,2.41038041972724e-10,3.70173267895219e-11,5.00295590366514e-12,5.88988056078926e-13,5.96931229120686e-14,5.13694073803822e-15,3.69362141479415e-16,2.17698406796745e-17,1.02728937478789e-18,3.76447217358804e-20,1.02650971593536e-21,1.97252722708459e-23
"5",0.646252343359219,0.190745153029942,0.0975158957152655,0.0433083889309716,0.0156437469423473,0.00476999322074199,0.00130616580445865,0.000338454429708401,8.72177089452245e-05,2.34099708036446e-05,6.61613754991105e-06,1.90357984178827e-06,5.30895417427247e-07,1.38409942932122e-07,3.30490007652668e-08,7.14470027572315e-09,1.38782970791936e-09,2.4065660840313e-10,3.69978260778547e-11,5.00206176277885e-12,5.88952100018559e-13,5.96918863789599e-14,5.13690616601614e-15,3.69361428003878e-16,2.17698316534969e-17,1.02728967240381e-18,3.76451506860674e-20,1.04533027661788e-21
"6",0.644450103740123,0.190587136465486,0.0978128885698694,0.0437803616198323,0.0160912554232487,0.00509970430148885,0.00151159869602969,0.000451190222779981,0.000142774739241841,4.82136110660651e-05,1.66818975414381e-05,5.618421849932e-06,1.77636709830557e-06,5.17016695510795e-07,1.37143737678511e-07,3.29542814352229e-08,7.13881804658075e-09,1.38751404412403e-09,2.4064157728676e-10,3.69972012833724e-11,5.00203987244638e-12,5.88951471787676e-13,5.96918721265317e-14,5.13690592777883e-15,3.69361436110693e-16,2.17698614926161e-17,1.02732361622633e-18,3.86147962549251e-20
"7",0.64141343878464,0.190277377224309,0.0982590589220597,0.0445397598560373,0.0168406689630119,0.00567643827169742,0.00189043031963229,0.000672561881993777,0.000259996353430187,0.000104868070697309,4.17184518017785e-05,1.57268963110258e-05,5.49794299255562e-06,1.76339183958548e-06,5.15852392355162e-07,1.37058635998593e-07,3.29491647272752e-08,7.13855449090257e-09,1.38750207179935e-09,2.4064110700198e-10,3.69971860612735e-11,5.00203948697323e-12,5.88951464695833e-13,5.96918721150043e-14,5.13690650491488e-15,3.6936301030327e-16,2.17715131388715e-17,1.06203942729176e-18
"8",0.636665392199654,0.189724111633942,0.0988677194494219,0.0456629894597001,0.0179959784481415,0.00660512239232457,0.0025331608044645,0.00107209869416095,0.000486997138982342,0.000223417987012682,9.86442105420466e-05,4.08111801132596e-05,1.56136065845199e-05,5.48588281717804e-06,1.7623241147137e-06,5.15775633687424e-07,1.37054110530137e-07,3.29489359950829e-08,7.13854423565142e-09,1.38750167157667e-09,2.40641094113648e-10,3.69971857414968e-11,5.00203948248512e-12,5.88951468181231e-13,5.96918937574253e-14,5.13696396074966e-15,3.69418708878504e-16,2.26942843176137e-17
"9",0.629688952158294,0.188810136398244,0.0996274761561066,0.0472088018202351,0.019655263289549,0.0079972789976099,0.00354660915400931,0.00174063431522021,0.000893335381168433,0.000451972703066094,0.000217500926757651,9.77890253311135e-05,4.07054534552905e-05,1.560247320044e-05,5.48490886820226e-06,1.76225507439967e-06,5.15771628618472e-07,1.3705391132428e-07,3.29489271759404e-08,7.13854389382164e-09,1.38750166054953e-09,2.40641093838061e-10,3.69971857672067e-11,5.00203959689499e-12,5.88952065807304e-13,5.96934435431662e-14,5.13835599519399e-15,3.8842859029861e-16
"10",0.619965125023666,0.187397184153752,0.10049591564944,0.0492054461241293,0.0218954236500603,0.0099569874263391,0.00504371094602914,0.00278522105413128,0.00156986660175542,0.000860089776311318,0.000446397495767301,0.000216702242101023,9.76913000215716e-05,4.06952793252493e-05,1.56015944286187e-05,5.48484752643121e-06,1.76225158322402e-06,5.15771458800596e-07,1.37053903981025e-07,3.29489268972002e-08,7.13854388491777e-09,1.38750166033146e-09,2.40641094565267e-10,3.69971885071718e-11,5.00205230038814e-12,5.88984308243293e-13,5.97203860799279e-14,5.45141682675759e-15
"11",0.607021003955859,0.185334309895349,0.101396121567687,0.0516391525277531,0.0247563445986793,0.0125642118607363,0.00712889751910612,0.00431870174348658,0.00262357664292476,0.00153860227619537,0.000854886062682164,0.000445658720508412,0.000216612811188597,9.76821016659689e-05,4.06944958675389e-05,1.56015406997076e-05,5.48484454080196e-06,1.76225144263225e-06,5.15771452970637e-07,1.37053903770009e-07,3.29489268907573e-08,7.13854388496503e-09,1.38750167400803e-09,2.40641145323936e-10,3.69974030736482e-11,5.0025859592818e-12,5.89401293399389e-13,6.39418862938442e-14
"12",0.590479981585853,0.182469579939766,0.102217521271373,0.0544466692644236,0.0282276213435946,0.015858444297418,0.00988134635309453,0.00644510410471657,0.00416717000396673,0.00259445941078692,0.00153379186078384,0.000854209228240168,0.000445577676723815,0.000216604580948669,9.7681411189393e-05,4.06944494375512e-05,1.5601538190312e-05,5.48484442736206e-06,1.76225143819928e-06,5.15771452822522e-07,1.37053903766959e-07,3.29489268956792e-08,7.13854409064449e-09,1.38750242637701e-09,2.40644098324135e-10,3.70046033918131e-11,5.00787745308974e-12,6.3693386048219e-13
"13",0.570107832712286,0.178663990721233,0.102821552643456,0.0575134364485183,0.0322401103240246,0.0198252405296677,0.0133386490694051,0.00924292562265068,0.00630447971247919,0.00414031977395285,0.00259005507717893,0.00153317751090262,0.000854136456840718,0.00044557038234195,0.000216603978606944,9.76813715110127e-05,4.06944473537555e-05,1.56015381000414e-05,5.48484442405995e-06,1.76225143810408e-06,5.15771452842359e-07,1.37053903860468e-07,3.2948929449747e-08,7.13855325496803e-09,1.38753624443211e-09,2.40724907226252e-10,3.70607993605539e-11,5.46214897446269e-12
"14",0.545845614075831,0.173806025022536,0.103052625202172,0.0606791222969067,0.0366647051056423,0.0243883527253732,0.0174836785793604,0.0127489397878274,0.00911379806545857,0.00627997377544991,0.00413632698006457,0.00258950271417442,0.0015331127734675,0.000854130053722272,0.000445569862278505,0.000216603945066638,9.76813697985818e-05,4.06944472824985e-05,1.56015380976012e-05,5.48484442407053e-06,1.76225143844721e-06,5.1577145424195e-07,1.37053930653423e-07,3.29490232319472e-08,7.13888136671081e-09,1.38830371145759e-09,2.41232943112243e-10,4.07969317485473e-11
"15",0.517831005384878,0.167825035302353,0.102751643505557,0.0637484232575492,0.0413177024534938,0.0294083175893392,0.0222365767467862,0.0169449832813366,0.0126316494283839,0.00909166341119343,0.00627638947542885,0.00413583490754623,0.00258944563111918,0.00153310720340211,0.00085412960911689,0.000445569834231505,0.00021660394367411,9.76813697427484e-05,4.06944472807818e-05,1.56015380985868e-05,5.48484442849357e-06,1.7622514557318e-06,5.15771696202412e-07,1.37054751998061e-07,3.29517619706575e-08,7.14514078688963e-09,1.39226881925473e-09,2.67980444544161e-10
"16",0.486400354111962,0.160701718176214,0.101771688166161,0.0665074364191586,0.0459735886223637,0.0346888621595164,0.0274537781489742,0.0217500964951535,0.0168396232276838,0.0126118668370498,0.00908847745621689,0.00627595511446021,0.00413578501146734,0.00258944082917353,0.00153310682715288,0.000854129585938423,0.000445569833113204,0.000216603943631173,9.76813697430425e-05,4.06944472928515e-05,1.56015381472761e-05,5.48484460905075e-06,1.76225336653191e-06,5.15777947823926e-07,1.37074673861568e-07,3.29961470010778e-08,7.17216307470292e-09,1.56051407788178e-09
"17",0.452072613828695,0.152474282653065,0.0999934249712996,0.0687431085872015,0.050383483927538,0.0399905295561965,0.0329346713043952,0.0270196062327792,0.0216565238764098,0.0168221318833195,0.0126090631204953,0.00908809755289312,0.00627591187830235,0.00413578090873108,0.00258944051406498,0.00153310680824143,0.000854129585055847,0.000445569833087931,0.000216603943655237,9.76813698719962e-05,4.06944477646568e-05,1.56015397787389e-05,5.48485798081668e-06,1.76229524902104e-06,5.15905577730156e-07,1.37351077642701e-07,3.31583824008404e-08,8.10888482782746e-09
"18",0.415518879257026,0.143239470871197,0.0973377711069084,0.0702627369965568,0.0542965686333558,0.0450497917646471,0.038435370138995,0.0325517991908465,0.0269374479210121,0.0216412227493743,0.0168196884980003,0.0126087337388345,0.00908806038307907,0.00627590840028296,0.00413578064718937,0.00258944049882683,0.0015331068075965,0.00085412958515425,0.000445569833423248,0.000216603944926958,9.76813739865527e-05,4.06944607703013e-05,1.56016236594844e-05,5.4851075561907e-06,1.76302155996523e-06,5.17429425446724e-07,1.38214795619524e-07,3.78010071484177e-08
"19",0.377517752009439,0.133148273820638,0.0937750929220682,0.0709120672837376,0.0574825480606383,0.049601733012326,0.0436882655595815,0.0381018281771381,0.0324804949521547,0.0269242065323155,0.0216391142364811,0.0168194054187343,0.0126087020353731,0.00908805745728294,0.00627590818524999,0.00413578063536247,0.00258944049902902,0.00153310680926185,0.000854129589125741,0.000445569845084937,0.000216603977687864,9.7681466905374e-05,4.06949371855805e-05,1.56029579951566e-05,5.48880391588751e-06,1.77050545662424e-06,5.21524738217491e-07,1.58785086940647e-07
"20",0.338903979814246,0.122396844493402,0.0893292546601362,0.0705890988369373,0.0597518467611711,0.0534031747712097,0.048424835584252,0.0434012673458112,0.0380406655829926,0.0324691601572869,0.0269224049343457,0.0216388730862062,0.0168193785884178,0.0126086995936389,0.00908805728471344,0.00627590818122125,0.00413578064538229,0.00258944051950012,0.0015331068511132,0.00085412968843768,0.000445570085046276,0.000216604579272872,9.76839372114958e-05,4.07013821778823e-05,1.56198671884737e-05,5.52169545395721e-06,1.78783345748162e-06,6.03239762945497e-07
"21",0.300515501203227,0.111213676451638,0.0840762647018681,0.0692522076589878,0.0609712613072362,0.0562534715718176,0.0523989080104082,0.0481809434937914,0.0433494180433884,0.0380310680038336,0.0324676359373501,0.0269222012987365,0.0216388505669871,0.0168193765902477,0.0126086994980885,0.00908805735392825,0.00627590830860757,0.00413578086511831,0.00258944091219511,0.00153310763010561,0.000854131306574092,0.00044557363575429,0.000216616341006869,9.77121964895827e-05,4.07711406993687e-05,1.57495988801657e-05,5.58705074822232e-06,2.07932227959635e-06
"22",0.263142902346228,0.0998445029704193,0.0781382076823224,0.066922286212007,0.0610737204108776,0.0580107465836831,0.0554076224602275,0.0521942410051877,0.0481375097793748,0.0433413809431609,0.0380297915730851,0.032467465719103,0.0269221828102629,0.0216388493169283,0.016819377084785,0.0126087003854686,0.00908805868296021,0.00627591034085586,0.00413578408308208,0.00258944641204726,0.00153311755110851,0.000854150346010961,0.000445625094090323,0.000216728974613071,9.79719297393339e-05,4.12306422765283e-05,1.59680166794326e-05,6.52064340860691e-06
"23",0.22748691189412,0.0885365162650649,0.0716730854247364,0.0636786969465286,0.0600611397916958,0.0586017797583839,0.0573076462909647,0.0552380412388598,0.0521582939762688,0.0481308570127226,0.0433403259704164,0.0380296541116023,0.0324674548272664,0.0269221871078125,0.0216388562678453,0.0168193860183626,0.0126087120186585,0.00908807435517125,0.0062759323798771,0.00413581728197524,0.00258949944297314,0.00153320777981548,0.000854354364712427,0.000446030122415536,0.00021759786203467,9.94286150591627e-05,4.18671718083114e-05,1.86457028414931e-05
"24",0.194126704910216,0.0775234941048934,0.0648620495981815,0.0596500841630172,0.0580006604596343,0.0580249039038073,0.0580250732397737,0.0571689655095808,0.0552086977729904,0.0521529010215621,0.0481300474431388,0.0433402696176729,0.0380297016059674,0.0324675141301301,0.0269222479813009,0.0216389190925886,0.0168194535868176,0.0126087897552956,0.00908817195554727,0.00627606859147516,0.00413602350312935,0.00258983209628224,0.00153388993732693,0.000855615701115095,0.000448585753991862,0.000221672591109298,0.000100972935658567,4.8689037788342e-05
"25",0.163502360126515,0.0670141095873935,0.0578965744256659,0.055002501894218,0.0550162388137709,0.0563470906529412,0.0575592353363082,0.0579141937638222,0.0571463297956315,0.0552053038784577,0.0521530743698385,0.0481306506866069,0.0433407436611381,0.038029951007601,0.032467525196852,0.0269220329770766,0.0216385105641123,0.0168189056234713,0.0126081807311039,0.00908761413089245,0.00627570996527406,0.00413606733648815,0.00259088535962316,0.00153649431929149,0.000861510231681168,0.000458019083112842,0.00022418367203067,0.000116002809074005
"26",0.135943927037551,0.0571977452941812,0.0509788138016508,0.0499378992986125,0.0512884771415507,0.053707649217273,0.0559918211193666,0.0574866027659673,0.0579102913624333,0.0571554192705751,0.0552141966498885,0.0521586831462329,0.0481321247167528,0.0433378330228746,0.0380227340069302,0.0324563720781191,0.0269075836288846,0.0216216361093431,0.016800654084788,0.0125897242177572,0.00907016178957806,0.00626045277515958,0.00412488532584363,0.00258512397028981,0.00153996095981246,0.000873984903183784,0.000455313296649351,0.000249929008743073
"27",0.111835712072976,0.0483055989549365,0.0443688555832247,0.0447352663580472,0.0470943084318914,0.0503592731291769,0.0535301967347345,0.0560299501189509,0.0575668608508135,0.057984168084114,0.0572083192096818,0.0552403325316618,0.0521552639113383,0.0480983515374609,0.0432748427010089,0.0379335681135827,0.032345786574191,0.0267816961627297,0.0214874452572972,0.0166655011512733,0.0124606512796639,0.00895334959346846,0.00616228222250702,0.00404912805826494,0.00253924772100577,0.00152163535915654,0.000833470110370617,0.000478938186463856
"28",0.092816117985261,0.0410706940038094,0.0387469986034077,0.0400584306452465,0.0430794486043533,0.046912381189718,0.0507203403407619,0.0539923585152804,0.0564347259102236,0.0578553415913633,0.0581282669368943,0.0571931254379648,0.0550609630837682,0.051816811399533,0.0476157992703938,0.0426721589205462,0.0372418897314517,0.0316008777619094,0.0260209697065149,0.0207469142428969,0.0159767842794311,0.0118485501179905,0.00843682708919763,0.00574935821530195,0.00374886573238812,0.00233896949929429,0.00132812633962818,0.000787904845462499
