"","X0","X1","X2","X3","X4","X5","X6","X7","X8","X9","X10","X11","X12","X13","X14","X15","X16","X17","X18","X19","X20","X21","X22","X23","X24","X25","X26","X27"
"1",0.121763554032946,0.0993131850098854,0.0900763581688466,0.0850868062758521,0.0815999237110942,0.0779496811511688,0.0730581343681275,0.066812205827716,0.0595430678726741,0.0517092887766039,0.0437696841732503,0.0361244189449003,0.0290827352032856,0.0228493662430869,0.0175272216142081,0.0131321019358061,0.00961393284857124,0.00687951021903673,0.00481317704761234,0.00329341383871011,0.00220464027804019,0.00144445606962186,0.000927100622885776,0.000584136950249572,0.000363260776323278,0.000226000974148235,0.00014492163245577,0.000107715432883705
"2",0.115524488790404,0.0944934525962784,0.0861605978717641,0.0819726266682878,0.0792790825463493,0.0764500643450407,0.0724087912064979,0.0669942392243988,0.0604758784791886,0.0532595692642509,0.0457701108914651,0.038395229279078,0.031451986406612,0.0251689538880071,0.0196829927678848,0.0150477362231777,0.0112494057907878,0.00822567085150617,0.00588421140140225,0.00411881020236155,0.00282187434344906,0.00189312900279095,0.00124482228275123,0.000804109972270224,0.000513245833874955,0.00032821246263914,0.000216363044829624,0.000164344362642073
"3",0.106500700583624,0.0874970660624151,0.0804329914600223,0.07735970507257,0.0757703555917387,0.0740943699228223,0.0712628270612622,0.0670496156982164,0.0616363291579518,0.0553507572737132,0.0485638731850565,0.0416389585665915,0.0348973511586393,0.0285957111235349,0.0229152078937969,0.0179615026757539,0.013772777162654,0.010332636395239,0.00758504046224207,0.00544903029215251,0.00383171096229818,0.00263862196412852,0.00178123444559238,0.00118174673181393,0.00077532861126131,0.000510190478096631,0.000345911943047879,0.000268448063755157
"4",0.0956048439243598,0.0790051280129148,0.0734057355277505,0.0716000103146025,0.0712670647900252,0.0709200953677217,0.0695105382350211,0.0667415487933592,0.0626917018294836,0.0575921555795469,0.0517415935547677,0.045463045089782,0.0390708787204158,0.0328442512706762,0.0270088497454248,0.0217276492443493,0.017099796269634,0.0131658895525396,0.00991763407166893,0.00730983094890383,0.00527288561040778,0.00372439526523031,0.00257892787095846,0.00175556801230715,0.00118267260397192,0.000799780164181212,0.000556792947700511,0.000440736682285135
"5",0.0836128052202148,0.0695967704231929,0.0655140698213156,0.0649912677472698,0.0659292175640798,0.066950116315783,0.0670433653692522,0.0658461970350081,0.0633295119726607,0.05961637134407,0.0549170743147443,0.0494961992875842,0.0436436091711709,0.0376466033588002,0.0317660135473223,0.0262185362829087,0.0211662426474322,0.0167131730904256,0.0129081432233892,0.00975228700794871,0.00720955928785573,0.00521840667911979,0.00370321547545374,0.00258451065217229,0.0017863773808468,0.00124040860715328,0.000885703392704863,0.000714243780109617
"6",0.0713028874398204,0.0598608198927531,0.0572140822894218,0.0578641683085349,0.0599600447396358,0.0622564587394761,0.0638016861177295,0.0641815514869191,0.0632656686425179,0.0610664236180992,0.0576946556747962,0.0533388446966168,0.0482431485690635,0.0426817188742836,0.0369323324690696,0.0312526127532376,0.0258612837650261,0.0209259729336767,0.0165580652562057,0.0128140801374907,0.00970225889654592,0.00719258978285342,0.0052286790924138,0.00373997061593626,0.00265152967276007,0.00188984323965499,0.00138317802877639,0.00113544426667452
"7",0.0593322913191215,0.0503033607737265,0.0489128589892788,0.0505341247756728,0.0535795119672013,0.0569556003521697,0.059791057160312,0.0616419660818634,0.0622928093933817,0.0616521476850661,0.0597275560356583,0.0566177531117263,0.0525001937838983,0.0476111801593441,0.0422209845115114,0.0366074580558278,0.0310314759817039,0.0257170459785842,0.0208379801561076,0.0165118199676973,0.0128005959718168,0.00971712585131067,0.00723553491243884,0.00530431821692447,0.00385760031781641,0.00282201663354609,0.00211627269531683,0.00176735916096639
"8",0.0482057046850362,0.0413235181180905,0.0409491680703919,0.0432869772923101,0.0470159164479888,0.0512070804053512,0.0550887351049985,0.0582127038658024,0.0603019089183138,0.0611768219323453,0.0607466492815956,0.0590137389910964,0.0560720977271892,0.0520962927731517,0.04732203001966,0.0420212735824697,0.0364753993804325,0.0309499682628816,0.0256741640580921,0.0208268575922305,0.0165300784517274,0.012849521804628,0.00980165565404208,0.00736600680012564,0.00549636372067608,0.00412719315212846,0.00317021352752095,0.00269196037971264
"9",0.0382623866987711,0.0332014551160889,0.0335805583944577,0.0363652108304036,0.0404923860057551,0.0452022406434269,0.0498369558140651,0.0539697698514813,0.0572898342821882,0.0595523852496428,0.0605819506101839,0.0602868940323816,0.0586686774147992,0.0558212491544505,0.0519202714139133,0.0472037840242811,0.0419471530091025,0.0364359214137201,0.030940232274209,0.0256938201160828,0.0208796259506853,0.0166229044649407,0.0129929301520706,0.0100126903176649,0.00766790100070056,0.00591051512409501,0.00464877466426872,0.00401152197615879
"10",0.02968472645043,0.0261015890411323,0.0269804218497822,0.029958787228812,0.0342125985442935,0.039147050930551,0.0442258814711713,0.0490662997165715,0.0533521296555276,0.0568005496901604,0.0591725146736548,0.0602941308714786,0.0600749024812985,0.0585176316680327,0.0557180971918879,0.0518544752238592,0.0471680656757147,0.0419382159706744,0.0364550256419511,0.0309933405135569,0.0257911392364669,0.0210345029962029,0.0168524408592404,0.0133223463566726,0.0104742850930033,0.00828825048680297,0.00667256468018295,0.005848035800876
"11",0.0225208354614548,0.0200862162828643,0.0212426460598559,0.0242005943401857,0.028347791459908,0.0332425826622372,0.0384704954367914,0.0437096214705577,0.0486641744498412,0.0530414174555566,0.056564628523421,0.0589973962536958,0.0601678288467357,0.059987322703898,0.0584607711326101,0.0556865447650607,0.0518461683595892,0.0471852349048773,0.0419882938171367,0.0365510050378088,0.0311531904456078,0.0260360772106742,0.0213896818435115,0.0173530050983164,0.0140109582951055,0.0113812789575863,0.00937445956046019,0.0083397791646411
"12",0.0167152373073115,0.0151357663558056,0.0163921381851942,0.0191668827359128,0.0230273543386828,0.0276669391897023,0.0327861352677287,0.0381337527786009,0.0434547043410788,0.0484721108559823,0.052898912884827,0.0564612418384049,0.0589248935629454,0.0601200100026803,0.0599602039037076,0.0584531807401234,0.0557011497141427,0.0518908613139815,0.0472745168199221,0.0421438310680858,0.0368006781474144,0.0315282091161765,0.0265714292082207,0.0221321483594687,0.0183562291275637,0.0153056559882755,0.0128916003912343,0.0116342264568151
"13",0.0121419122154384,0.0111717980634675,0.0123990193012255,0.0148822476295577,0.0183343150358114,0.0225615416941187,0.0273667809713715,0.0325720753071012,0.037976310776157,0.0433391337870477,0.0483885210295093,0.0528400614344395,0.0564220118394775,0.058902234591817,0.0601133069092645,0.0599721857887123,0.0584914380892149,0.0557801645720546,0.0520339834448457,0.0475146526017239,0.0425217607651988,0.0373602566814137,0.03231608802808,0.0276472567200411,0.0235598003360917,0.0201605529393367,0.0173537602365525,0.0158768292109189
"14",0.00863500178961932,0.00807934551198944,0.00919418512647346,0.0113280288502599,0.0143058974599607,0.0180233284500859,0.0223689694161368,0.0272340839986212,0.0324773310238296,0.0379087177254939,0.0432918205032943,0.0483569214511373,0.0528216123669502,0.0564163390965904,0.0589118678204433,0.0601450916702145,0.0600395012915056,0.0586170672100236,0.0559989630422968,0.0523935600541946,0.048072427028542,0.0433372134573216,0.038493199555123,0.0338391881031525,0.0296316780288932,0.0260144276942913,0.0228684652913737,0.0211957669821712
"15",0.00601420766385864,0.00572627436624539,0.0066843132205586,0.00845271032386958,0.0109384367017133,0.0141031007249625,0.017902704357859,0.0222887428136011,0.0271786166863831,0.0324391510923882,0.0378834436503936,0.0432770778082419,0.0483523306415787,0.0528293254417175,0.0564422437609709,0.0589676876498732,0.0602515176482019,0.0602300961175132,0.0589416912005235,0.0565242004191985,0.0531977821234166,0.049233727564583,0.0449292237380483,0.0405999506988597,0.0365330830669319,0.0328908366452694,0.0295039683723506,0.0276835555008774
"16",0.00410356958939701,0.00397839184163849,0.00476494033000731,0.00618287435040989,0.0081953480958943,0.010809169283008,0.0140293173263134,0.0178554691702303,0.0222573557827467,0.027158257933587,0.032427444730462,0.0378798755133602,0.043283332711852,0.0483732786768467,0.0528748602971053,0.0565302625225396,0.0591283531924018,0.0605323754456064,0.0607002563798973,0.0596916132694028,0.0576577810227509,0.0548142642642553,0.051419760528826,0.0477759421596514,0.0441709898240907,0.0407557357996159,0.0372719008679065,0.035377279090186
"17",0.00274364381225404,0.00270999780531072,0.00333083110245059,0.00443347703186095,0.00601662521205308,0.00811478309649065,0.0107651541631154,0.0140024110534341,0.0178387039658938,0.0222479813841712,0.0271555665114278,0.0324326614689759,0.0378969063119397,0.0433203062268842,0.0484451725037559,0.0530075571988966,0.0567661505323399,0.0595327886635393,0.0611985180871766,0.0617476431438066,0.0612540268595164,0.059857094800609,0.0577471876889383,0.0551769024787518,0.0523975925391711,0.0495083038203806,0.0461120044276045,0.0442400081092408
"18",0.0017979659603537,0.00181023505120172,0.00228338697168124,0.00311655801028088,0.00432843399137308,0.00596757900471693,0.00808933292163378,0.0107506829370713,0.0139947235470432,0.0178367114648851,0.0222525029719944,0.0271696843006404,0.0324629502892698,0.0379556480251616,0.0434290630224727,0.0486401069457962,0.0533465384372694,0.0573366122156024,0.060456966757515,0.0626300367187766,0.0638536674271972,0.0641787665078719,0.063701518016473,0.0625898055825481,0.0610153542700627,0.0589771464741986,0.0558815802576353,0.0541464419192634
"19",0.00115510419911273,0.00118598699015663,0.00153525057213787,0.00214789506865074,0.00305168300948014,0.0042994127328055,0.00595364128062958,0.00808267908987226,0.0107492147277743,0.0139988158320722,0.0178487916997003,0.0222778864766138,0.0272183694584567,0.0325526270818752,0.0381163681958588,0.0437099742497651,0.0491181541823652,0.0541356312592304,0.0585928271973634,0.0623721520318255,0.0654065633345969,0.0676552371276869,0.0691014016539635,0.06979591066318,0.0697874240556997,0.0689231728165781,0.0663520474015809,0.0648757776109578
"20",0.000727687115086661,0.000762223349837758,0.00101252783115718,0.00145148589382545,0.00210886822044775,0.00303529643992445,0.00429282762077134,0.00595246940992613,0.00808653182200784,0.0107599611619954,0.0140208176210668,0.0178902556702513,0.0223533151288847,0.0273524765371639,0.0327862186491893,0.0385145648647131,0.044372467381088,0.0501894129520647,0.0558094151911926,0.06110162832298,0.0659527902581726,0.0702361107468833,0.0738118751419433,0.0765884697613291,0.0784523103310931,0.0790495596893957,0.0772142615526752,0.0761141713349236
"21",0.000449645636924602,0.00048067310793179,0.000655182479375376,0.000962030953352053,0.00142890862368202,0.00210063905131018,0.00303395378526223,0.0042965078547488,0.00596238858225622,0.00810632975487144,0.0107965301017434,0.0140862240580566,0.018004929007174,0.0225509503795951,0.0276871687930824,0.0333421237838757,0.0394174890956886,0.0458006191290463,0.0523763532800922,0.059028042938688,0.0656189816314584,0.0719493808418729,0.0777558365134543,0.0827883969257068,0.086741062829949,0.0890183106448197,0.0880932292741459,0.0874681109418263
"22",0.000272648350760514,0.000297575443436684,0.000416178780641899,0.000625776736281893,0.000950031237935815,0.00142644504078547,0.00210397759642705,0.00304331122313618,0.00431487814718032,0.00599572454368896,0.00816494836677055,0.0108976569802721,0.0142579761251439,0.0182922210053065,0.0230238125566361,0.0284516257658371,0.0345526725166335,0.0412876585490669,0.0486033073545142,0.0564210753499615,0.0646036581761208,0.0728955624467341,0.0809172847417373,0.0882556986714171,0.0943951213244854,0.0984723193904957,0.0985719281358866,0.0984889254426963
"23",0.000162419706110734,0.000181082610374825,0.000259890969505566,0.000400159566441759,0.000620994260374432,0.00095249993193365,0.00143521022272073,0.0021212710574755,0.0030743530684477,0.00436875629187106,0.00608738421774029,0.00831839604591439,0.0111507407288586,0.0146692160030827,0.0189500891094681,0.0240584045284098,0.0300473428586727,0.0369576345931051,0.044810289047515,0.0535817573112167,0.0631532219625301,0.0732317900857423,0.0833358793207325,0.092895513501062,0.101183390806103,0.107061580024292,0.108223156416476,0.108707575753814
"24",9.53690656072358e-05,0.000108710360029777,0.000160201648765181,0.000252695180355635,0.000401067125626996,0.000628843869641332,0.000968710748240757,0.00146429332796451,0.00217139026539984,0.00315883176549705,0.00450866059279754,0.00631538380825169,0.00868426624726621,0.0117289102742446,0.0155686125903144,0.0203259645455851,0.0261243229544061,0.0330823541867869,0.0412980279088088,0.0508105133057982,0.0615319164503378,0.0731482461571506,0.0850938959414405,0.0966584336570671,0.106916928959467,0.114470935435728,0.116646236562703,0.117676277064709
"25",5.57551290738628e-05,6.50808103711299e-05,9.86079395285374e-05,0.000159520104091693,0.000259240218009683,0.000416016385759139,0.000656020489825548,0.00101547334505593,0.00154273749716287,0.00230044479911195,0.00336742060272809,0.00484015180495906,0.00683362957070624,0.00948151123185697,0.0129356220448442,0.01736463106172,0.0229507555493198,0.0298808110101609,0.038323012037184,0.0483772404621975,0.0599908674793354,0.0728409982318776,0.0862977749489022,0.0995348047687006,0.11145818998754,0.120443776440206,0.123501242786722,0.125008663263042
"26",3.34641375498892e-05,4.00821341367975e-05,6.25486625962185e-05,0.000103909398757323,0.000173101645333844,0.000284598083663375,0.000459795584892555,0.000729311609240945,0.00113558915442019,0.00173585814596546,0.00260528977183225,0.00384012049166272,0.00556050626762927,0.00791285259167118,0.0110712905616283,0.0152376235048839,0.0206379384814293,0.0275114148636892,0.0360818689002853,0.0464990819677334,0.0587420575617643,0.072486243108969,0.0870572734960121,0.101543052026191,0.114721349249942,0.124794775081906,0.128531339542506,0.130407663973701
"27",2.23563543318795e-05,2.74468168111576e-05,4.40187248793944e-05,7.49113536775601e-05,0.000127591237207922,0.000214300606671731,0.000353568357958687,0.000572576728930795,0.000910027778314857,0.00141956691330948,0.00217365610407992,0.003267704491545,0.00482418919495952,0.00699640242868077,0.00997128356441709,0.0139703357965863,0.0192463852264533,0.0260711831835876,0.0347037995838464,0.0453263916372859,0.0579395010747292,0.0722196510070647,0.0874667267841673,0.102716610444289,0.116667688174685,0.127414620295467,0.131575149007564,0.133682357128491
"28",1.85432598529331e-05,2.30703354862136e-05,3.75342721186493e-05,6.46720566586393e-05,0.000111392030540091,0.000189089921478164,0.000315195880791564,0.000515560966937578,0.000827413932960965,0.00130295334541069,0.00201349169541032,0.00305397412792884,0.00454759733364754,0.00665012520233203,0.00955327875073742,0.0134860714784752,0.0187116716750615,0.025514575039712,0.0341677922237241,0.0448664431238422,0.0576199072645688,0.0721055903976031,0.0876137215250623,0.103160098296785,0.117412119885138,0.128422129596401,0.132749025796932,0.134946960584395
