"","X0","X1","X2","X3","X4","X5","X6","X7","X8","X9","X10","X11","X12","X13","X14","X15","X16","X17","X18","X19","X20","X21","X22","X23","X24","X25","X26","X27"
"1",0.117111491998881,0.100463633758436,0.0905113291943009,0.0852962327668596,0.0817071341165649,0.078027388839453,0.0731722364657298,0.066980680638225,0.0597593419634487,0.0519585776020486,0.0440352952693263,0.0363905107744192,0.029335960962093,0.0230798369944262,0.0177288077296712,0.0133021687186955,0.0097527043177627,0.00698926867347688,0.00489746424548158,0.00335634135023058,0.00225036166232798,0.00147681132672188,0.000949415049364356,0.000599138600938156,0.000373083116506424,0.000232240982621062,0.000148952357740056,0.000113590524239441
"2",0.11111947185542,0.0955814918757538,0.0865631055571045,0.0821559298387722,0.0793616009348193,0.0765022179987206,0.0724948555385943,0.0671332954572694,0.0606636337138816,0.0534835421693183,0.0460154023473743,0.0386470525162492,0.0316972590913322,0.0253973443369454,0.0198874013387086,0.015224258244372,0.01139691953032,0.00834521957500485,0.00597832487563345,0.00419087041330248,0.00287558809755122,0.00193213493702567,0.00127243199660924,0.000823160310417538,0.000526042443731559,0.000336542053757273,0.000221901114295156,0.000173001837707143
"3",0.102452173644758,0.0884952336249965,0.0807895999380008,0.0775067122756046,0.0758188302140853,0.074111157938186,0.0713095972019097,0.0671468136396947,0.0617828130675096,0.0555373462956429,0.0487783523321162,0.0418682560449456,0.0351290148612457,0.0288190265054856,0.0231218950306173,0.018145976382947,0.013932045235518,0.0104659488340078,0.00769340116210995,0.0055346658086146,0.00389756740299299,0.00268793778599314,0.00181721145602122,0.001207313096556,0.000792996292162619,0.000521996856525037,0.00035401172339642,0.000282105348346789
"4",0.0919853419941725,0.0798954518625189,0.0737087374554015,0.0717057685372386,0.0712773525844398,0.0708970109068155,0.0695121551648191,0.0667895530488253,0.0627884807868325,0.0577324307561628,0.0519165153478185,0.0456619138175435,0.0392824176007059,0.0330577304117803,0.0272149659566966,0.0219190862774924,0.0172714672126126,0.0133149075510337,0.010043076260023,0.00741236839751784,0.00535435013724051,0.00378734730703944,0.00262626899772918,0.00179020750614481,0.00120728222903256,0.000816644604926397,0.000568725791814899,0.000462441495611454
"5",0.080463487800304,0.0703693307132628,0.0657606052771127,0.0650552533590408,0.0659016368904696,0.0668872599141722,0.0669987309679237,0.0658422503126256,0.0633721000209221,0.0597043385772266,0.0550453878318892,0.0496571399307425,0.0438277438298953,0.0378438105140668,0.0319664555588882,0.0264134608278555,0.0213485496704627,0.0168777250016184,0.0130518272078612,0.00987386715990962,0.00730937550822509,0.00529799100214579,0.00376488249429408,0.00263093892234124,0.00182025795403898,0.00126419029531259,0.000903056644843624,0.000748345812538653
"6",0.0686336953434692,0.06051363916665,0.0574058100708984,0.057889836192176,0.0598989047763339,0.0621581490420108,0.0637142477503967,0.0641274994358617,0.0632538144704012,0.0610995436860197,0.057771679058939,0.053455487465288,0.0483925022000418,0.0428550567124883,0.0371200438592179,0.0314451324449619,0.02604990786648,0.021103479836426,0.0167190920380194,0.0129552462341515,0.00982206448906841,0.00729115196146456,0.00530736015384611,0.00380090532592913,0.00269718113899385,0.00192264026079471,0.00140787469521689,0.00118805432444478
"7",0.0571270906138145,0.050841017525544,0.0490548676781591,0.0505277652795032,0.0534919414511339,0.0568292545469505,0.0596678312024174,0.0615435475485865,0.0622301529955961,0.061631397096912,0.0597514070154932,0.0566855610639856,0.0526081326558693,0.0477527231142239,0.0423876575708656,0.0367897506634808,0.0312197835347725,0.0259025232103185,0.0210132050418025,0.0166712101735341,0.0129405629999218,0.00983600808686359,0.00733334024089785,0.00538224452311546,0.0039175310311695,0.00286606255065291,0.00215054928699774,0.00184688129740727
"8",0.0464286759349722,0.0417554543466774,0.0410487328870795,0.0432564392507566,0.0469105385656019,0.0510618973984133,0.0549390789553698,0.058078551205509,0.0601953444960238,0.0611064993943191,0.0607185020238859,0.0590306480013251,0.0561336292618272,0.0521987878426544,0.047459054828363,0.0421843587009324,0.0366549580025784,0.0311362604574078,0.0258581737982121,0.0210009812629151,0.0166885623754018,0.0129886588092606,0.00991972286201805,0.00746283436878317,0.00557281906230032,0.00418465642672484,0.00321652662756633,0.00280965285311036
"9",0.0368648603025952,0.0335401959691126,0.0336459276163676,0.036318690517612,0.040378047434367,0.045047885994888,0.0496712585139406,0.0538102355403805,0.0571486220920605,0.0594396260053083,0.0605060090844134,0.0602537294045759,0.0586812259623739,0.055879116211875,0.0520198026426695,0.0473385047908645,0.0421085088295856,0.0366142044476315,0.0311255537619798,0.0258770017338523,0.0210529055263321,0.0167804357119929,0.0131309852743717,0.0101293254903051,0.00776248786384002,0.00598319355291387,0.00470962073625396,0.00418203898752584
"10",0.0286115695517291,0.0263611086420112,0.027019799261451,0.0299038543435675,0.0340973349880127,0.0389925324069415,0.0440543575087249,0.0488922672471571,0.0531868638541315,0.0566545859777162,0.0590556658423915,0.0602146966525809,0.0600388117060435,0.058527793189013,0.0557740793526705,0.0519525666557274,0.047301709849626,0.0420987485216859,0.0366325964654689,0.0311778943516117,0.0259733252465933,0.0212064775234147,0.0170083773034777,0.013458221445107,0.0105875137356207,0.00837716608053783,0.00675020476837434,0.00608987752860148
"11",0.0217158207956469,0.0202805926742892,0.021263455373609,0.0241435395195103,0.0282381268458075,0.033095432029008,0.0383022148072642,0.0435314376290013,0.0484857272578137,0.0528726666509255,0.0564158009619547,0.058878199387002,0.0600864942877383,0.0599497246624266,0.058469767157611,0.0557416440015003,0.0519435818872096,0.0473182970281574,0.04214818392669,0.0367276748109202,0.0313363683794616,0.0262163298268905,0.021559233907677,0.017505627894677,0.0141417458521669,0.0114861995794544,0.00947055499266771,0.00867555787290818
"12",0.0161250854279948,0.0152781958310443,0.0164005898268697,0.019112398300472,0.0229279556820854,0.0275327464921535,0.0326283683436906,0.0379603887960439,0.043273268966561,0.0482912072753061,0.052728226591146,0.056310886800256,0.0588045004336116,0.060037750680795,0.0599219003241709,0.0584616328466133,0.0557557875738782,0.0519877720335383,0.0474068395049635,0.0423024832804407,0.0369753180445146,0.0317084722824514,0.0267480188523226,0.0222967497293267,0.0185014312348063,0.0154245943973572,0.0130067854641266,0.0120906449834491
"13",0.0117189436229414,0.0112739738551352,0.0123999478771228,0.0148333963634154,0.0182479631598694,0.0224438251122038,0.0272246782546368,0.0324105800425075,0.0378006447139886,0.0431560286651342,0.0482063521882192,0.052668412066542,0.0562709254505182,0.0587812870696482,0.0600306209171533,0.0599335243223125,0.0584995097628225,0.0558342408916389,0.0521298876839197,0.0476451613065536,0.0426773826874332,0.0375305418270342,0.0324909108022293,0.0278166182114001,0.0237138540577415,0.0202893175229085,0.0174872007004214,0.0164842708645378
"14",0.00833852894874032,0.00815115687230376,0.00919109365856438,0.0112864217909737,0.0142336940332098,0.0179236761593053,0.0222455446629233,0.0270893426392741,0.0323142630448375,0.0377319541569285,0.043107913903044,0.0481741630324317,0.0526495267184991,0.0562649221696411,0.0587906473818003,0.0600621226999484,0.0600004286036325,0.0586243821776119,0.0560515696664049,0.052486775310664,0.0481984609795125,0.0434864525941036,0.0386555871793948,0.0340037207750778,0.029786444797084,0.0261463160254618,0.0230174725977167,0.0219874174208995
"15",0.00581091279413374,0.00577575518719829,0.00667954933006456,0.00841880491003802,0.0108801531942153,0.0140214967116205,0.0177990537510832,0.0221635104575139,0.0270328356109134,0.0322753841164526,0.0377061871678722,0.0430928192442948,0.048169314162013,0.0526570328197489,0.056290618188403,0.0588461696569869,0.0601679988892553,0.0601899167028161,0.0589468305248026,0.0565728637503878,0.0532845170276983,0.0493506180578454,0.0450672796933348,0.0407480693584226,0.0366779698037768,0.0330165664701212,0.0296637530070076,0.0286940194119685
"16",0.00396715838497264,0.00401184035724771,0.00475993507335134,0.00615631324410923,0.00814982789254414,0.0107444114013653,0.0139449900926781,0.0177506170065104,0.0221314567158372,0.02701204446569,0.0322633820591442,0.0377024108563504,0.0430989143753363,0.0481901073765328,0.0527023518772639,0.0563782394973459,0.0590060254799334,0.0604472088787639,0.0606568884773465,0.0596910795266395,0.0576972696593576,0.0548882168378541,0.0515212182417836,0.0478947384307091,0.0442933979094664,0.0408636929969463,0.0374355475803484,0.0366407153045611
"17",0.00265405381808639,0.002732195395989,0.00332634656487416,0.00441340788093744,0.00598216913218383,0.0080649139125471,0.0106985901230209,0.0139173071544607,0.0177334359527764,0.0221218210709681,0.0270091769857193,0.0322684696924555,0.0377193227709403,0.0431357277251739,0.0482617096696074,0.0528344547454502,0.0566129070311887,0.0594080290880954,0.0611087653842525,0.0616962926148533,0.0612408107469252,0.0598791579298395,0.0578003983022659,0.0552530721716806,0.0524836999959573,0.0495851514992452,0.0462707335394493,0.0457878791010462
"18",0.00174036283553094,0.00182470646213022,0.00227973752644384,0.00310189781363227,0.00430312408979758,0.00593027138827271,0.00803829557265326,0.0106836294073648,0.0139093656985883,0.0177312861639634,0.0221262319498792,0.0270231973113287,0.0322986330556773,0.0377778422034044,0.043244037665334,0.048455730934339,0.0531716097532496,0.0571798446989975,0.0603257525922711,0.0625293106150959,0.0637852105776435,0.064142397261009,0.0636964465503076,0.0626107402133663,0.0610511831355178,0.0590087867766233,0.0560253220026274,0.056005045744941
"19",0.00111883899240083,0.00119526111918546,0.00153248016351047,0.00213752406696699,0.00303362345598551,0.00427227625219819,0.00591559549719714,0.0080313390904986,0.0106820060125644,0.0139133569178474,0.017743280184915,0.0221515088452595,0.0270717014474803,0.0323879569485573,0.0379378560612117,0.0435235538570163,0.0489310934472576,0.0539557035748563,0.0584271798734342,0.0622262088587238,0.0652833327277435,0.06755681186769,0.0690305042332107,0.0697508298687957,0.0697600925065332,0.0688959914315215,0.0664703048544639,0.0670637878429644
"20",0.000705327409269385,0.000768069543767346,0.00101053909244845,0.00144437190031854,0.00209634123871331,0.00301609239934037,0.00426523340875396,0.00591423646908007,0.00803509003219571,0.0106926707677727,0.0139352603672294,0.0177845841657437,0.0222266390802077,0.027205231998308,0.0326204400037529,0.0383339587384334,0.0441821815919986,0.0499954165358446,0.0556175509542097,0.060916684312387,0.0657779836974734,0.0700751147280974,0.0736707482332099,0.0764694585139418,0.078351328660731,0.0789518243070304,0.0772971811028587,0.0786404407468729
"21",0.000436141825120815,0.000484300670171442,0.000653822148120199,0.000957294847622266,0.00142045620713261,0.00208740853126811,0.00301446748208748,0.00426879084147571,0.00592407179895301,0.00805479162589214,0.0107290879489231,0.0140003955753628,0.0178987551837607,0.0224233431430998,0.0275382177661088,0.0331732675042056,0.0392314374637445,0.0456009247446699,0.0521666830012698,0.0588115125959647,0.0653979662064543,0.071728273011252,0.0775435671285862,0.0825912209605371,0.0865595117333809,0.0888415500964192,0.0881327468357274,0.0903299931226801
"22",0.000264657342435213,0.000299793158012583,0.000415288176810594,0.000622714110164923,0.000944479779856518,0.00141756455529974,0.00209056690337627,0.00302372734154347,0.00428706242293582,0.00595725780272329,0.00811315033345888,0.0108297505905259,0.0141713182732219,0.018184579127597,0.0228936393342665,0.0282982522281724,0.0343763142111767,0.0410891319923115,0.0483835160765965,0.0561806575059378,0.0643432303896142,0.0726193661162108,0.0806364773010817,0.0879802985034722,0.0941305520586749,0.0982124875393141,0.0985628242589843,0.101671342566215
"23",0.000157782389922133,0.000182420757168456,0.000259331352688621,0.00039823367934693,0.000617440592106493,0.00094668376895522,0.00142619861798463,0.00210775364913559,0.00305461884914057,0.00434068601700082,0.00604847312020596,0.00826582575644975,0.0110815080162242,0.0145803102791452,0.0188386881161188,0.0239220273507447,0.0298838723771859,0.0367651207539291,0.0445866167686402,0.0533246130571493,0.062860823214807,0.0729074982466637,0.0829923778920341,0.0925461137895904,0.100838308051526,0.106719812216415,0.108163842434313,0.112183018885399
"24",9.27230084722457e-05,0.000109510640671401,0.00015986329244646,0.000251514047519843,0.00039884237896479,0.000625112043530711,0.000962770387677045,0.00145512983693186,0.00215762405976199,0.00313866872766176,0.00447985625605087,0.00627523658270673,0.00862964944561941,0.0116563429923772,0.0154743528265445,0.0202060824326264,0.0259746879355267,0.0328984706789566,0.0410748388105167,0.0505426562848485,0.0612149333347808,0.0727841490723334,0.084696258462313,0.0962432536529106,0.106498768181127,0.114053751183291,0.116539121667479,0.121405831776344
"25",5.42574049520371e-05,6.55606738086419e-05,9.84098074720323e-05,0.000158807064891425,0.000257863958006892,0.000413643862164542,0.000652131607473856,0.00100929135930258,0.00153316262612207,0.00228597903136092,0.00334609091224418,0.00480944262306504,0.00679043363940483,0.00942210308639522,0.0128556474445507,0.0172590861086183,0.0228139105972437,0.0297060397232364,0.0381026838556023,0.0481032136933946,0.0596561215670214,0.0724460471096821,0.0858565967677973,0.0990654281744826,0.110978796955765,0.119962689131857,0.123352613360376,0.1289439478537
"26",3.25981330026963e-05,4.03798933395589e-05,6.24334264427431e-05,0.000103472972120366,0.000172234288726634,0.000283056297359186,0.000457186585598685,0.000725029205901669,0.00112874121574879,0.00172517729573243,0.0025890306578999,0.0038159503089629,0.00552539577640697,0.00786297340850581,0.0110019182068974,0.0151430315400463,0.0205112561081767,0.0273444310337562,0.0358649755130033,0.0462219384018991,0.0583955489927044,0.072069554699054,0.0865844901978215,0.101033592031461,0.114196085746215,0.124265410978573,0.128350797462183,0.134493309622453
"27",2.17993900785697e-05,2.76529775566312e-05,4.39461059329974e-05,7.46176319334966e-05,0.000126989611478989,0.000213198961909129,0.000351648127907016,0.000569332674332081,0.000904693489160874,0.00141101887849597,0.00216029707201296,0.00324732990859288,0.00479384222163346,0.00695222354701282,0.00990835743411698,0.0138825275696678,0.0191261497134662,0.0259093451347486,0.0344895208500697,0.0450479376156912,0.0575864020765824,0.0717901921655302,0.0869749762069388,0.102182781747842,0.116114293873394,0.126855480439678,0.131374702255846,0.137858742318383
"28",1.80911248781056e-05,2.32448446915644e-05,3.74765273210725e-05,6.44283277812674e-05,0.000110884222255419,0.000188145088492269,0.000313523402324442,0.000512693960283751,0.000822634367812673,0.00129519397525263,0.00200121446097546,0.00303502762278954,0.00451905802581681,0.00660812835752676,0.00949284280334797,0.0134009106636724,0.0185939846741414,0.0253548140866382,0.0339546379183078,0.0445876096509548,0.0572643832275231,0.0716712924899061,0.0871146929610883,0.102616848878879,0.116847796224963,0.127851383686015,0.132540772325526,0.13915828610083
