"","X0","X1","X2","X3","X4","X5","X6","X7","X8","X9","X10","X11","X12","X13","X14","X15","X16","X17","X18","X19","X20","X21","X22","X23","X24","X25","X26","X27"
"1",0.255114556649519,0.196576913761516,0.153398085684311,0.128809687041143,0.0955233961205696,0.0678294519004562,0.0446499905750151,0.027312126385908,0.0155030595174484,0.00817392801362227,0.00400984387122991,0.00183282902107881,0.000781370078683526,0.000310894131394491,0.000115481605704671,4.00436240241026e-05,1.29570508492804e-05,3.90948960328403e-06,1.09879420350081e-06,2.87262732380024e-07,6.97301927981118e-08,1.56804810177757e-08,3.25754360765471e-09,6.2308465852245e-10,1.09282454297444e-10,1.74878608129416e-11,2.53804427515122e-12,3.74328602687451e-13
"2",0.219136001711205,0.175312447279839,0.144567996388537,0.12943659837439,0.104198690523234,0.0803213911781825,0.0575749795394588,0.0383706637683173,0.0237322892674758,0.013627368705895,0.00727217372702472,0.00361022358600629,0.00166877690530486,0.000718717483449581,0.000288553077366109,0.000108022049860958,3.77067543843539e-05,1.22694633840399e-05,3.71945187525867e-06,1.04949817373936e-06,2.75281238097686e-07,6.70083578979466e-08,1.51044160670521e-08,3.14439931764954e-09,6.02559941042387e-10,1.05862160985167e-10,1.69702379905147e-11,2.82901210124526e-12
"3",0.173279338325855,0.146477246772111,0.130272633961612,0.126694028839171,0.112471198419414,0.0951412830224207,0.0747593908190362,0.0544658250555945,0.0367300669540618,0.0229351467742876,0.0132740970367519,0.00712919141377238,0.00355723180161756,0.00165075271273362,0.000713079396409294,0.000286928372824695,0.000107590152740601,3.76007418323591e-05,1.22454251491298e-05,3.71441746518894e-06,1.04852513183179e-06,2.75107937962245e-07,6.69799717296611e-08,1.51001475148037e-08,3.14381782474241e-09,6.02478506946007e-10,1.05876019607041e-10,1.97746644313061e-11
"4",0.127007347063202,0.114918812209287,0.111372071140503,0.118350237524509,0.115898445985913,0.107413637940997,0.0922527296132508,0.0732495269735393,0.0537030908690765,0.0363715040363629,0.0227810384268975,0.0132136085512888,0.00710747744896279,0.00355009412668228,0.00164860131006935,0.000712484147035479,0.000286777066623902,0.000107554803481806,3.75931523841101e-05,1.2243929317394e-05,3.71414749463122e-06,1.04848071833197e-06,2.75101328760094e-07,6.69790935488709e-08,1.51001161408817e-08,3.14374533955217e-09,6.02694820379883e-10,1.25421361021691e-10
"5",0.0863816747207919,0.0845206475953325,0.0896679613822386,0.104133082461912,0.112020960435785,0.113337381535036,0.106072252895534,0.0916117407448086,0.0729438919241454,0.0535653408166215,0.0363145644681746,0.0227595540161025,0.0132062115126696,0.00710515471838447,0.00354942891589495,0.00164842758500478,0.000712442779726318,0.000286768086359966,0.000107553026039876,3.75928315273435e-05,1.22438764720805e-05,3.71413955601653e-06,1.04847964131105e-06,2.7510121331143e-07,6.69796840153674e-08,1.50996150299074e-08,3.14557903118672e-09,7.26146860900884e-10
"6",0.054673010694015,0.0582598515751027,0.0676753421179236,0.0856437144025493,0.100675494753565,0.110813966663747,0.112758883759245,0.105823166422784,0.0915002317262068,0.0728955961388493,0.0535460419533362,0.0363075152329512,0.022757206278696,0.0132055004933603,0.0071049592732255,0.003549380273225,0.00164841665470993,0.000712440570095861,0.000286767686158449,0.000107552961402849,3.75928222658905e-05,1.22438753144213e-05,3.71413951363271e-06,1.04847981533666e-06,2.7510576818817e-07,6.69761431970094e-08,1.51133820637518e-08,3.85664629100887e-09
"7",0.0322751215542129,0.0376290641392908,0.0477623874044911,0.0656170354655588,0.0838791613393329,0.100144602734277,0.110581972734553,0.112671109983505,0.105786849689943,0.0914851760564479,0.0728897777403171,0.0535439773993084,0.0363068457075323,0.0227570087834798,0.0132054476673271,0.00710494650898191,0.00354937749901164,0.00164841611535258,0.000712440476943296,0.00028676767199885,0.000107552959569221,3.7592822210109e-05,1.22438760636394e-05,3.71414112942128e-06,1.04851063829554e-06,2.75083498148677e-07,6.70688482414552e-08,1.88661738613208e-08
"8",0.0178073653021133,0.0227743790306594,0.0314921455830434,0.0467900509923864,0.0647730520345263,0.0836591350740081,0.100056712699739,0.11055355934397,0.112660516034662,0.10578269218887,0.0914836328154305,0.0728892483322246,0.0535438107268192,0.036306797904359,0.0227569963456607,0.0132054447458649,0.00710494589271177,0.00354937738303923,0.00164841609605493,0.000712440474201414,0.000286767672017749,0.000107552960860097,3.75928281318878e-05,1.22438884754107e-05,3.71432995610844e-06,1.04838569048308e-06,2.75647364542357e-07,8.5287155341819e-08
"9",0.00919788215385367,0.0129186360554534,0.019399702943854,0.0310670056821557,0.0464115589234362,0.0646868320231143,0.0836273712355879,0.100048164210759,0.110550785136476,0.112659502155324,0.105782334468399,0.0914835150776143,0.0728892125337988,0.0535438007830393,0.036306795394515,0.02275699577352,0.0132054446287718,0.0071049458713695,0.00354937737969401,0.00164841609615625,0.000712440477018009,0.000286767681941563,0.000107553001728617,3.75929133834946e-05,1.22449422125477e-05,3.7137029332624e-06,1.05150081256846e-06,3.57253074101857e-07
"10",0.0044533548617378,0.00686972489294408,0.0111711779269448,0.019227441216074,0.0309079273654095,0.0463795822155675,0.0646758100624691,0.083624944842688,0.100047509214261,0.110550568011401,0.112659430747734,0.105782312289137,0.0914835086515518,0.072889210826684,0.0535438003699825,0.0363067953041821,0.0227569957557961,0.0132054446257583,0.00710494587160213,0.00354937738387478,0.0016484161159658,0.000712440543433674,0.000286767936310566,0.000107553529509847,3.75982957422918e-05,1.2242127220306e-05,3.72940382639674e-06,1.38961218883227e-06
"11",0.00202301723823408,0.00342543586145327,0.00601769759209216,0.0111064684494687,0.0191648431758675,0.0308967144104278,0.0463758996431872,0.0646751452845896,0.083624801308744,0.100047467194942,0.110550555391993,0.112659427114821,0.105782311299735,0.0914835084035217,0.0728892107698982,0.053543800358241,0.0363067953021138,0.0227569957561409,0.0132054446307024,0.0071049458994002,0.00354937750696344,0.00164841651645177,0.000712441980101308,0.000286770897914097,0.000107578791597515,3.75870234519708e-05,1.23145785851834e-05,5.02761935833802e-06
"12",0.000862712243495749,0.00160180617781804,0.00303457148497416,0.005995172967278,0.0110834463115476,0.0191611444076234,0.0308955386177639,0.0463757234411834,0.0646751159404926,0.0836247939842152,0.100047465248931,0.110550554888433,0.112659426988782,0.105782311270603,0.0914835083973729,0.0728892107688702,0.0535438003589672,0.0363067953072128,0.022756995787986,0.0132054447956755,0.00710494659248277,0.00354937969662501,0.00164842391299845,0.000712457110712129,0.000286880183920822,0.000107538849631117,3.78939444411934e-05,1.69403199601856e-05
"13",0.000345442135722153,0.000702462809074417,0.00143332186665482,0.00302731432696032,0.00598727300743867,0.0110823037552195,0.0191607882481123,0.0308954933431086,0.046375717700434,0.0646751147491136,0.0836247937125957,0.100047465188034,0.110550554874757,0.112659426985963,0.105782311270201,0.0914835083983671,0.0728892107752383,0.0535438003920877,0.0363067954915557,0.0227569966787122,0.0132054483504854,0.00710495749768502,0.00354941453392255,0.00164849454080842,0.000712893933378202,0.000286757103579664,0.00010873492219613,5.32034085911119e-05
"14",0.000129855224907661,0.00028884905174614,0.000634327810556791,0.00143116164440956,0.00302479001230048,0.00598694426159482,0.0110822023492301,0.019160777100993,0.0308954922639354,0.0463757175163978,0.0646751147139576,0.0836247937060211,0.100047465186722,0.110550554874601,0.112659426986837,0.105782311277105,0.0914835084373595,0.0728892109668255,0.0535438013637282,0.0363067998836144,0.02275701334869,0.0132054980000469,0.00710510802861452,0.00354971658339425,0.00165011066525259,0.000712576930191033,0.000291051217075959,0.000155820593889938
"15",4.58020854896557e-05,0.000111316913911572,0.000263044710334367,0.000633735234378316,0.00143041217135983,0.00302470236063341,0.00598691734530479,0.011082199758041,0.0191607769080515,0.0308954922370353,0.0463757175122401,0.0646751147133749,0.0836247937059857,0.100047465187335,0.110550554880252,0.112659427026329,0.105782311490558,0.0914835094355701,0.0728892156406159,0.0535438211943922,0.0363068715578276,0.0227572205602286,0.0132060960006693,0.00710629397170263,0.00355525797528435,0.00164950198879261,0.00072679277068706,0.000425634663613193
"16",1.51441088800685e-05,4.0176857693816e-05,0.000102182340397651,0.000262895407647801,0.000633528989163477,0.00143039062425293,0.00302469574642271,0.00598691678387367,0.011082199725458,0.0191607769042456,0.0308954922365572,0.0463757175122274,0.064675114713792,0.0836247937098231,0.10004746521847,0.110550555083169,0.112659428077777,0.105782316192441,0.0914835299798463,0.0728892977698259,0.0535441042961712,0.0363076658502296,0.0227594079515947,0.0132103772098654,0.00712391621377017,0.00355483308810109,0.00169291627393414,0.00108416113436623
"17",4.68742437525546e-06,1.35660004306049e-05,3.71608678067078e-05,0.000102147933067291,0.000262842957883332,0.000633524132130457,0.00143038912980245,0.00302469563460314,0.00598691677880358,0.0110821997249462,0.0191607769041978,0.0308954922367448,0.0463757175145919,0.0646751147342604,0.0836247938630363,0.100047466157668,0.110550559757824,0.11265944814929,0.10578239876883,0.0914838422600162,0.07289032619661,0.0535469042706475,0.0363150397562319,0.0227736303452816,0.0132623667772363,0.00712702153385462,0.00367713225281371,0.00257383793701334
"18",1.35563802736132e-06,4.27916531213683e-06,1.26394452349208e-05,3.71536535406891e-05,0.000102135650675059,0.000262841960090259,0.000633523823794834,0.00143038910959487,0.00302469563389793,0.00598691677874312,0.0110821997249873,0.0191607769051957,0.0308954922483915,0.0463757176110001,0.0646751154097201,0.0836247977854443,0.100047484953922,0.110550637527217,0.112659751673596,0.105783489083352,0.0914872796564022,0.0728994080485279,0.0535698214152295,0.0363585340559968,0.0229158951353653,0.0132823356072085,0.00744464757424032,0.00569068472528858
"19",3.65444043660585e-07,1.2585687737431e-06,4.01504117874769e-06,1.26380780926064e-05,3.71510165298119e-05,0.000102135465191603,0.000262841902435111,0.000633523820522788,0.00143038910951075,0.00302469563390897,0.00598691677902595,0.0110821997297392,0.0191607769565361,0.0308954926535892,0.0463757202898076,0.0646751302221377,0.0836248662594339,0.100047758753215,0.110551657510078,0.11266324595578,0.105794057553027,0.0915143823113312,0.072965056268466,0.0536922464951312,0.0367193828130381,0.0229940224227169,0.0140421249878667,0.0117059479588893
"20",9.15462837835788e-08,3.44322323345318e-07,1.18893380312009e-06,4.01480897090888e-06,1.26375617980104e-05,3.71509855999229e-05,0.000102135455508432,0.000262841901969413,0.000633523820532547,0.00143038910967836,0.00302469563567459,0.00598691680072666,0.0110821999380843,0.01916077850137,0.0308955022890676,0.0463757710907175,0.064675356854428,0.0836257434795064,0.10005089227346,0.110561931173601,0.112693116981922,0.105868432962379,0.0916875976738274,0.0732820184655879,0.0545397426472889,0.0369625732681095,0.0246657366406568,0.0223766748771219
"21",2.1230411392631e-08,8.73626036570477e-08,3.27408203036825e-07,1.18889883549019e-06,4.01471740599009e-06,1.26375572231599e-05,3.71509841601378e-05,0.00010213545548688,0.000262841902230001,0.00063352382231577,0.00143038912238419,0.0030246957410948,0.00598691762870905,0.0110822054751179,0.0191608105664815,0.0308956623291488,0.0463764573041467,0.0646779247298402,0.0836345572212071,0.100078608302272,0.110639512150272,0.1128806777224,0.106289000451316,0.0924416671824422,0.0751224165935587,0.0551848976389805,0.0403398438117255,0.0396998266900248
"22",4.53677918470398e-09,2.04811195155976e-08,8.35950916204663e-08,3.27403600552391e-07,1.18888425001159e-06,4.01471682132447e-06,1.26375570955421e-05,3.71509845995098e-05,0.000102135458378218,0.00026284191934624,0.000633523919496084,0.0014303897013525,0.00302469923993403,0.00598693747755234,0.0110823082922817,0.019161285826399,0.0308975949471373,0.0463833976407869,0.0647007548761204,0.0837033612794524,0.100263959360004,0.111074214255201,0.113819673094781,0.107935733747785,0.0961306350960656,0.0766208922224755,0.0614362168267752,0.0652940166593162
"23",8.88201965032418e-10,4.41646836311781e-09,1.97158996996316e-08,8.35945736925951e-08,3.27401547836277e-07,1.18888427702381e-06,4.01471746695724e-06,1.26375614291105e-05,3.715101009119e-05,0.000102135595060384,0.000262842601325149,0.000633527234582101,0.00143040566419163,0.00302477398447672,0.00598727100063646,0.0110836908036284,0.0191664918284166,0.030915253375895,0.046438544787383,0.0648591189810643,0.0841124120006675,0.101191720611148,0.113002575300618,0.117118343738206,0.114748350256133,0.0992146388155684,0.0871938356387537,0.0994586395922863
"24",1.58184433244373e-10,8.71072842840706e-10,4.27572909290625e-09,1.9715873035655e-08,8.35944779737914e-08,3.27402609005265e-07,1.18889085987508e-06,4.01475501439347e-06,1.26377589632561e-05,3.7151969048791e-05,0.000102139916898498,0.000262861020712918,0.000633602643187798,0.00143070357938617,0.00302590777237236,0.00599137999081288,0.011097624087205,0.0192100913241346,0.0310422812761652,0.0467817182507534,0.065701214528684,0.085946331755652,0.104843572536347,0.119066081761678,0.128688821152105,0.120398449185991,0.115489915189609,0.140231874636469
"25",2.54010059692946e-11,1.56056405169951e-10,8.4786416658322e-10,4.275945682757e-09,1.97173339982562e-08,8.36036015870099e-08,3.27453920079234e-07,1.1891571293557e-06,4.0160341149333e-06,1.2643457320398e-05,3.71755790398052e-05,0.000102231579646918,0.00026319733864864,0.000634776399481204,0.00143461772661329,0.00303837244604688,0.00602902173863589,0.0112043667252793,0.0194950624503546,0.0317548621557742,0.0484200889971391,0.0690878720170909,0.0923529364211472,0.115085462616919,0.137104397525484,0.137898556280057,0.143057831574358,0.182980885699594
"26",3.63856117380255e-12,2.51977831386656e-11,1.52851952914422e-10,8.49343719448196e-10,4.28555542622824e-09,1.97735365186087e-08,8.3902807255446e-08,3.28915945895187e-07,1.19575079909341e-06,4.04358413061111e-06,1.27504382153322e-05,3.7563310634602e-05,0.000103549442130853,0.000267416985872622,0.000647557857950833,0.00147133687423022,0.00313834584863196,0.00628595553348864,0.0118286512317418,0.0209242903421737,0.034794454260365,0.0543055260355717,0.0795462344884942,0.108269853243202,0.140834849968785,0.150388250566513,0.166140280775942,0.220997455552248
"27",4.69920184610612e-13,3.74115721724255e-12,2.57658564252493e-11,1.6003821200146e-10,8.94750557523574e-10,4.54282753331714e-09,2.1094958849238e-08,9.01063145309978e-08,3.55699750399885e-07,1.30259543669394e-06,4.43882420574166e-06,1.41109574944847e-05,4.193576365885e-05,0.000116709516010213,0.000304620356669498,0.000746579962415203,0.00171972419783659,0.0037249509698063,0.00759227454998477,0.0145679799047087,0.0262833792200676,0.0444195514472141,0.0702009897874622,0.102285488379518,0.141793276895768,0.157596374350606,0.181376502062231,0.247209337730287
"28",8.85988742250815e-14,8.3530225145396e-13,6.64550663724162e-12,4.65648580773316e-11,2.89442295707528e-10,1.61582868830285e-09,8.17893910859087e-09,3.78200405338856e-08,1.60713868469429e-07,6.30579919574662e-07,2.29311808928919e-06,7.75314702271559e-06,2.44366944407494e-05,7.19589611510041e-05,0.000198347439251823,0.000512559331370768,0.00124310357158267,0.00283074220938174,0.00605657696002291,0.0121774813825247,0.0229626265572943,0.0404107556241674,0.0662335317370346,0.0995282665898959,0.141828187606615,0.160262111687201,0.187545058463504,0.258103369667274
