"","X0","X1","X2","X3","X4","X5","X6","X7","X8","X9","X10","X11","X12","X13","X14","X15","X16","X17","X18","X19","X20","X21","X22","X23","X24","X25","X26","X27"
"1",0.195381957487149,0.138504022925951,0.131870599451725,0.119465650955881,0.103602353635462,0.0864223457392422,0.0685539843854291,0.0516245177151216,0.0370688175286913,0.0254659956318808,0.01676985120232,0.0106009000860845,0.00644135515068286,0.00376671067555735,0.00212207639611988,0.00115280069366171,0.000604269705045233,0.000305764573753698,0.000149392730994668,7.04810685736953e-05,3.21020076692501e-05,1.41096070562947e-05,5.98013221319245e-06,2.44185228638447e-06,9.60269781470703e-07,3.64358822011482e-07,1.34114257210564e-07,5.99185860134299e-08
"2",0.175451203153136,0.126404222459231,0.123407430638293,0.115462723935536,0.10389241231617,0.0900804451746531,0.0744139328654889,0.0584604048464265,0.0438212582197589,0.0314169919266683,0.0215721189056537,0.0142037252634455,0.00897945279609932,0.00545745732426158,0.00319252936133792,0.00179937075202885,0.000977899900529682,0.000512755654680214,0.000259499302308678,0.000126781870872555,5.97966350144783e-05,2.7221351353376e-05,1.19557245623225e-05,5.0632393703401e-06,2.06801538927733e-06,8.16790024982736e-07,3.13998887837917e-07,1.47578817402282e-07
"3",0.145338724615004,0.107699157702755,0.109662283499396,0.108050399668667,0.102873318175009,0.0944154260744905,0.0825977501470227,0.068729389543214,0.0545012815659015,0.0412457784191463,0.029819486679105,0.0206201158679759,0.0136574644347333,0.00867743253218943,0.00529645869379437,0.00310969257503384,0.00175816342846767,0.00095803948016813,0.000503461612649126,0.00025526823632196,0.000124905525908442,5.89856644572231e-05,2.68803173503059e-05,1.18179943014035e-05,5.01649691688498e-06,2.06317830956316e-06,8.28462333568848e-07,4.09409375648048e-07
"4",0.113002334366713,0.0868715442040362,0.0932002576505973,0.0976052078871815,0.0990212392183604,0.0966749226351099,0.0898604740260996,0.0793422323487831,0.0666130239527432,0.0532263666434189,0.0405152556860501,0.0294174949713786,0.0204073350547779,0.0135492555320241,0.00862465832930836,0.0052718094192777,0.00309866880300879,0.00175343726982724,0.000956092395120155,0.00050268800542895,0.000254970419672134,0.000124793997218398,5.89461135881384e-05,2.68719594438781e-05,1.18383282047334e-05,5.06218716405551e-06,2.11964376877707e-06,1.09895169308647e-06
"5",0.0828897842944397,0.0665613490111027,0.07572202107938,0.0846259573579134,0.0916342004207995,0.0952146327112658,0.0940192476871205,0.0880385143006285,0.0782145541230539,0.0659709591904664,0.0528787839223102,0.0403340286660536,0.0293263155426198,0.0203631813080395,0.0135287597100424,0.0086155764234655,0.00526797968130529,0.00309713468514477,0.00175285403116913,0.000955882028261154,0.00050261605227659,0.000254947612432826,0.000124791111437535,5.89623613247688e-05,2.69420378162906e-05,1.19685055454727e-05,5.22067587767782e-06,2.83546870515608e-06
"6",0.0574677933644449,0.0484731371358008,0.058693028731425,0.0700740082043838,0.0809381032322151,0.0894335364880528,0.0937443119190963,0.0930429852336208,0.0874599235130623,0.0779021755700466,0.0658108417194087,0.0527994640185023,0.0402959189759078,0.0293086084890733,0.0203552681591698,0.0135253791355462,0.00861420243987057,0.00526745004048329,0.00309694144334781,0.00175278746037423,0.000955860639849689,0.000502611332524255,0.000254957842021998,0.000124840550983979,5.91493149264037e-05,2.7284451068449e-05,1.23899248531576e-05,7.04066993765897e-06
"7",0.0377077451761566,0.0335576689171959,0.0433235419189292,0.0552217895548345,0.0679364915428398,0.0797368245867291,0.0886592748823478,0.093243398396214,0.0927575221675652,0.0873136147685554,0.0778312620429611,0.065777553255774,0.0527842359033065,0.0402891465496192,0.0293056989121721,0.0203540703076709,0.0135249097302859,0.00861402812397109,0.00526738893226623,0.00309692152195389,0.00175278232503655,0.000955864682683217,0.000502643585909576,0.000255088456328186,0.000125316913959589,6.00134592240978e-05,2.835913032609e-05,1.68442551819774e-05
"8",0.023442071958987,0.0220866658132316,0.0304125803379505,0.0413241965603569,0.0540557291599795,0.0673161531305923,0.0793485251309238,0.0884129293365717,0.0931077851629679,0.0926913899317404,0.0872833060158196,0.0778178014630812,0.0657717038656263,0.0527817513812926,0.0402881218627197,0.0293052926495224,0.0203539168780736,0.0135248549523607,0.00861400999839165,0.00526738438349161,0.00309692400614576,0.00175279943050516,0.000955950656253396,0.000502974306043991,0.000256257893061218,0.000127415117177203,6.26462067406915e-05,3.88624103897227e-05
"9",0.0138208730938618,0.0138214582187443,0.0202862680221229,0.0293298206610365,0.040724208906314,0.0537523459078553,0.0671306541334759,0.0792324728681707,0.0883509464340261,0.0930789460136916,0.0926788804636906,0.087278052899631,0.0778156361061423,0.0657708267385511,0.0527814042783212,0.0402879892455334,0.0293052443851194,0.0203539006091421,0.0135248509960446,0.00861401305419149,0.0052673981579917,0.00309697523251046,0.00175302051717774,0.0009567613596729,0.000505746029711177,0.000261166609230364,0.000133617867548527,8.65211904888634e-05
"10",0.00773436334335769,0.00822480934588305,0.0128523692958535,0.0197335597170691,0.0290381515526593,0.0405835893516967,0.0536679539099661,0.0670783483854815,0.0792052668857716,0.0883388358415729,0.0930739680675832,0.092676904428498,0.0872772813462916,0.0778153385794699,0.0657707138832444,0.0527813627857319,0.0402879750150071,0.0293052410773921,0.0203539042356386,0.0135248662998655,0.00861405836201403,0.00526754413049877,0.00309753063632139,0.0017549489636363,0.000963111318838924,0.000516822163974979,0.000275231332773459,0.000185949743906476
"11",0.00411159627534093,0.00465523250202586,0.00773316078922641,0.0125859224939284,0.0195994289001351,0.0289763486654078,0.0405470411489563,0.0536454301308051,0.06706690378319,0.0792003808652147,0.0883369306058839,0.0930732534798375,0.0926766406861006,0.0872771848605274,0.0778153036917135,0.0657707019108664,0.0527813601959659,0.0402879791555166,0.029305257722806,0.0203539539458389,0.0135250037423855,0.00861446075062535,0.00526890765256606,0.00310198597293957,0.00176902091221997,0.000987231455908937,0.000547528831907836,0.00038584887215759
"12",0.00207785166514802,0.00250682798366687,0.00441970642350935,0.00761167507563991,0.0125275097899545,0.0195736628396829,0.0289612873170372,0.0405377852966704,0.0536408240457149,0.067065013614662,0.0791996809209716,0.0883366827017175,0.0930731672394335,0.0926766109840153,0.0872771750036902,0.0778153017704769,0.0657707062614366,0.0527813775414868,0.0402880319875653,0.0293054065801846,0.0203543485822794,0.0135260739370712,0.0086177261825296,0.00527890640543894,0.00313216164315359,0.00181972785131425,0.00105178820499934,0.000772982150547701
"13",0.000998919057903741,0.00128475117483188,0.00240013377800685,0.00436725562250495,0.00758756542953549,0.0125173168063204,0.0195677587225517,0.0289576609595581,0.0405360139997556,0.0536401238580997,0.0670647670463383,0.0791995984651202,0.0883366557837645,0.0930731588209873,0.0926766094928321,0.0872771790807958,0.077815318468347,0.0657707593601066,0.0527815319576505,0.0402884522476077,0.0293064812575739,0.0203570853594579,0.0135336835254123,0.0086395161287999,0.0053415272344577,0.00323507338937396,0.0019504046207621,0.001494698351542
"14",0.000457108236564553,0.000626869255378233,0.00123899464003978,0.00237867063475498,0.00435781786270959,0.00758373831224837,0.0125151158815345,0.0195664052298274,0.02895701081682,0.0405357658910523,0.0536400406223968,0.0670647407711404,0.0791995906073816,0.0883366543762606,0.0930731621802065,0.0926766240531227,0.0872772280671551,0.0778154683419508,0.065771183543506,0.0527826532542431,0.0402912293878769,0.029313194393718,0.0203742969337697,0.0135797672661596,0.00876526436401233,0.0055431366713364,0.00348966279957716,0.00278860560525492
"15",0.000199207162163661,0.000291304783619106,0.000608275796261544,0.001230664437514,0.00237516506467085,0.00435645388226112,0.00758295841100954,0.0125146350362439,0.019566177727144,0.028956926828129,0.0405357390149115,0.0536400327226225,0.0670647391779163,0.0791995930180148,0.0883366658740473,0.0930732031782751,0.0926767570943014,0.0872776256471023,0.0778165676945572,0.065774015726469,0.0527894709682523,0.0403070050208666,0.0293508977880821,0.0204688153335181,0.0138240619188167,0.00914640625209793,0.00602021972082069,0.00501641472030962
"16",8.27123551674472e-05,0.000128963557376815,0.000284140895005746,0.000605207791689859,0.00122942848231017,0.00237470364967685,0.00435619132952373,0.00758279597037997,0.0125145592437426,0.0195661506292099,0.0289569186266683,0.0405357371527875,0.0536400342217142,0.0670647475226855,0.07919962439728,0.0883367734611833,0.0930735440101951,0.0926777539783016,0.0872803234788302,0.0778233576076528,0.0657899457190682,0.0528249810190058,0.0403868671072975,0.029538763176797,0.0209278054167077,0.0145190961043032,0.010005508754337,0.00869336434109986
"17",3.27304517742149e-05,5.4406276209122e-05,0.000126345297388538,0.000283068330355227,0.000604794107330799,0.00122928035342714,0.00237461973533482,0.0043561392050038,0.00758277197819022,0.0125145509864009,0.0195661485292488,0.0289569194352121,0.0405357429137159,0.0536400567537214,0.0670648280864554,0.0791998927328884,0.0883376033474333,0.0930759195956187,0.0926840502797939,0.08729582584611,0.0778588685110309,0.0658665493350361,0.052988356977224,0.040748425724117,0.0303722904613406,0.0221495280481366,0.0160036352267505,0.0144966514747494
"18",1.23463131162183e-05,2.187648821031e-05,5.34983404505695e-05,0.000125989339428518,0.000282936883095381,0.000604748993175448,0.001229254912811,0.00237460387612856,0.00435613204631356,0.00758276980392525,0.0125145513622456,0.0195661525451284,0.0289569353412026,0.0405358007968583,0.0536402556367583,0.0670654699848057,0.0792018264182631,0.0883430135202936,0.0930899564415532,0.0927178698538283,0.0873715215270729,0.0780173416765746,0.0661889791968655,0.0536613545304308,0.0422100967396067,0.0324401278062808,0.0246064844130625,0.0232281052125122
"19",4.43978071122042e-06,8.38494710890691e-06,2.15777502386146e-05,5.33862073865035e-05,0.000125949697314193,0.000282923858013771,0.000604741699154025,0.00122925040139605,0.00237460207696858,0.0043561323221073,0.00758277306416746,0.0125145636359215,0.0195661957497396,0.0289570824236677,0.040536281180997,0.0536417455255862,0.0670698171784296,0.0792136712944774,0.0883730317931716,0.0931606518148931,0.0928724144454755,0.0876859562185709,0.0786302842536508,0.0673984458138511,0.0561327416343834,0.0455746800102609,0.0363248261214534,0.0357034491009019
"20",1.52196536065278e-06,3.06353224684957e-06,8.2916989101404e-06,2.15442356871038e-05,5.33748805027961e-05,0.000125946187300718,0.000282922048999641,0.000604741009930913,0.00122925155359614,0.00237460701246177,0.00435614750755855,0.00758281855264955,0.0125147001790722,0.0195666052912878,0.0289582960499052,0.0405397819481661,0.0536514265709453,0.0670951492989059,0.0792758315202255,0.088515361802844,0.0934635708350458,0.0934708476081086,0.0888061908574236,0.0807236347843704,0.0714184077487089,0.0613830166252234,0.051422861724229,0.0525500869703314
"21",4.97267098862588e-07,1.0668494019397e-06,3.0359415484268e-06,8.28224110774856e-06,2.15413089476928e-05,5.33744385290673e-05,0.000125947143074934,0.000282925999076858,0.000604752811378157,0.00122928371035763,0.00237469132907799,0.00435636395012382,0.00758336864865194,0.0125160967957598,0.0195701601995139,0.0289673269439638,0.0405624004601064,0.0537063778281052,0.0672226968297065,0.0795554431665081,0.0890890528473896,0.0945580642717638,0.0954361293377878,0.0922847831139477,0.0869938478561233,0.0792471058476326,0.0697258247795359,0.0739195580837787
"22",1.54806977132006e-07,3.54051055196969e-07,1.0591678282009e-06,3.03360853738578e-06,8.28218151525135e-06,2.15433922159246e-05,5.33812525132385e-05,0.000125966921700819,0.000282980199561103,0.000604894483078754,0.00122963895150917,0.00237555060249371,0.0043583834238376,0.00758802132602299,0.0125266991202285,0.0195941939261598,0.0290214728902293,0.0406825986079695,0.0539657837367161,0.0677593123701966,0.0806053886928412,0.0910098627119299,0.0978567820403103,0.100962619726343,0.101624348440091,0.0980977706088815,0.0904588110428394,0.0991811117164153
"23",4.59120651159734e-08,1.11972028592201e-07,3.52176940501427e-07,1.05915960547607e-06,3.03554091987355e-06,8.28881678089081e-06,2.15633752115299e-05,5.3438217004391e-05,0.000126121484774628,0.000283380197402639,0.000605884111000468,0.00123198743793838,0.00238092230256188,0.00437030425757958,0.00761388894193446,0.0125819801592489,0.0197109628316732,0.029264633256038,0.0411774741431279,0.0549380200204269,0.0695776449795516,0.0837979362797129,0.0962615324947616,0.106202310365567,0.114198221346853,0.116561750848892,0.112241381587351,0.126785767783046
"24",1.2988582564146e-08,3.38034539651109e-08,1.11834289204029e-07,3.53345244999978e-07,1.06350098723025e-06,3.04932134982918e-06,8.3300406949468e-06,2.16806361762712e-05,5.3755820269417e-05,0.000126941630665285,0.000285402887452477,0.000610660759517738,0.00124282971753623,0.0024047006809112,0.00442101026081974,0.0077196856846966,0.0127988239002067,0.0201472560571231,0.0301210404722165,0.0428004784585388,0.057868912911051,0.0745484705322796,0.09167063885842,0.108185121090398,0.124005380577603,0.133237225336035,0.133291980515367,0.154425048378112
"25",3.49998827801623e-09,9.72557894425926e-09,3.38581142271357e-08,1.12427208206515e-07,3.55451139756772e-07,1.0702903710349e-06,3.07015518206156e-06,8.39124147604275e-06,2.18531941284183e-05,5.42241902015371e-05,0.000128169854063225,0.000288527731908348,0.000618408835511629,0.00126162688977188,0.00244941569703751,0.00452519782879238,0.00795626592512139,0.0133178102314209,0.0212353919604644,0.0322775814560743,0.0467962025864602,0.0647115215230285,0.0853308770038642,0.107638738849451,0.13105262135503,0.147447737486219,0.152457508643121,0.18041727210927
"26",8.96824953897871e-10,2.66362129219217e-09,9.76765846857983e-09,3.41230694656629e-08,1.13445746613577e-07,3.59114301026921e-07,1.08291132979646e-06,3.11190312001057e-06,8.52390431718308e-06,2.22584232309729e-05,5.54148963551635e-05,0.000131538107279843,0.000297706532213147,0.000642509054652877,0.00132254761918334,0.00259733991100301,0.00486881832519198,0.00871544508803916,0.0149018659903279,0.0243330729013213,0.0379072574832733,0.056210797009645,0.0791217274173311,0.105854179877318,0.13553480956354,0.158154951721554,0.167701950328843,0.201612571019706
"27",2.23667675894289e-10,7.1395006960234e-10,2.77112519601641e-09,1.02362455704961e-08,3.59706010449895e-08,1.2033993088485e-07,3.83557895300655e-07,1.16535719874693e-06,3.37669740606193e-06,9.33445664964083e-06,2.46253734989292e-05,6.20148746483325e-05,0.000149126506063325,0.000342532129778178,0.000751778826257988,0.00157711470179839,0.00316291857797083,0.00606257237325972,0.0110963479119691,0.019359467618335,0.0321043048258984,0.0503946925183153,0.0745680043604181,0.104088899918362,0.13795456164313,0.164882596001536,0.177676111446737,0.215727900067352
"28",6.92470455889002e-11,2.40237199435007e-10,9.94912615492085e-10,3.91239168105186e-09,1.46115251962449e-08,5.18762784259422e-08,1.75241116567036e-07,5.63645575265943e-07,1.72715679904355e-06,5.04454087087015e-06,1.40492747487808e-05,3.73240665524306e-05,9.46188612390883e-05,0.000228960166259819,0.000528986031969301,0.00116697106444037,0.00245740874561049,0.00493520251764105,0.00943649851964862,0.017134974588042,0.0294434841116997,0.0476554819383666,0.0723429838280702,0.103114899844948,0.138927981916503,0.167903644036377,0.182269934202739,0.22229901399619
