"","X0","X1","X2","X3","X4","X5","X6","X7","X8","X9","X10","X11","X12","X13","X14","X15","X16","X17","X18","X19","X20","X21","X22","X23","X24","X25","X26","X27"
"1",0.148726305685942,0.127091208035948,0.123582244623596,0.121411575155807,0.106987379953975,0.0923434515689015,0.0760853696719156,0.0601694580430645,0.0456756189869796,0.03328825897395,0.0233245112060936,0.0157331965344438,0.0102295892508082,0.00641872368209518,0.00389082397507038,0.00228050856394158,0.00129348128733858,0.000710419779026542,0.000378034227893269,0.00019497954692507,9.75021982599785e-05,4.72798962197174e-05,2.22325248778806e-05,1.01371731042033e-05,4.4817488550428e-06,1.92524689391689e-06,8.53801705370619e-07,4.4865636872118e-07
"2",0.134714554139863,0.116468599634286,0.115378986488875,0.115850050498816,0.105150012258257,0.09365295210943,0.0798402112271429,0.0654181388744412,0.0514921463552778,0.0389284742470324,0.0282949225046388,0.0197924332878543,0.0133382458031495,0.00866885076868242,0.00543896498353553,0.00329729838203594,0.00193305765651896,0.00109670439134894,0.000602501794426265,0.00032067619125949,0.00016541663139159,8.27196965109076e-05,4.01069843580489e-05,1.88555560500909e-05,8.59693426178695e-06,3.81148423137712e-06,1.74861725706224e-06,9.62499066570876e-07
"3",0.113321492898986,0.0999890255659345,0.102240023317581,0.106429539178532,0.101248074386385,0.0946181527387495,0.0848115489136768,0.0730735126759584,0.0604420455231302,0.0479678588478902,0.0365467285301618,0.0267530497754224,0.0188339895947982,0.0127647245888053,0.00833766865823116,0.00525405389786791,0.00319732808718791,0.00188065725783984,0.00107004350852055,0.000589318839972832,0.000314333640616985,0.000162444499913691,8.13628841781213e-05,3.95055210527043e-05,1.86029454327838e-05,8.52417081982346e-06,4.05097836711566e-06,2.33857398556575e-06
"4",0.0899525613154277,0.081523604137593,0.08678153002851,0.0944322518214386,0.0949162516738985,0.0936434449520889,0.0886496709899385,0.0805577726848641,0.0701487041494829,0.0584963028777489,0.0467332571148202,0.0357969231002933,0.0263165442334666,0.0185899296305069,0.0126333834913504,0.00826953713210428,0.00521996248113786,0.00318086764744782,0.00187298595138105,0.00106659098166541,0.000587817270340104,0.000313702691875505,0.00016219087535169,8.12723960698575e-05,3.94964097172539e-05,1.8691100732224e-05,9.19421462537496e-06,5.55864612199709e-06
"5",0.0676918238777779,0.063348455073435,0.0706331949126307,0.080745480855603,0.0860415291505535,0.089778341473444,0.0898112791669855,0.086067895398615,0.0788719269391074,0.0690773990781187,0.0578465611867637,0.0463557792738633,0.0355866722767898,0.0262040743922593,0.0185320156747318,0.0126046350465741,0.00825577705819577,0.00521361565585853,0.00317804926879696,0.00187178253997214,0.00106609817869007,0.000587626767759067,0.000313641881138441,0.000162197244901364,8.13452428693423e-05,3.97558613119116e-05,2.02399301140081e-05,1.28065931385684e-05
"6",0.0483714708568596,0.046954769993961,0.055076277273834,0.0663338257642496,0.0750042020218881,0.0827672002623507,0.0874406507497422,0.0883149906232881,0.0851356676858054,0.0783032730289449,0.0687463195098431,0.0576618141762779,0.0462569434887856,0.0355358876554414,0.0261789352017194,0.0185200004571693,0.0125990875244185,0.00825330442192431,0.00521255330960424,0.00317761060657932,0.00187161100679462,0.00106604271701135,0.000587636638770058,0.000313720982925127,0.000162407086414221,8.19901324926241e-05,4.32074300161478e-05,2.8599392887742e-05
"7",0.0328599805909558,0.033211810321529,0.0410988586000715,0.0522216525227597,0.0626256176450113,0.0730288582219677,0.0814098484876673,0.0866123411634807,0.0878209800623669,0.0848453669299313,0.0781405786393947,0.0686589466038877,0.057616877290071,0.0462347714862707,0.0355253508010995,0.0261740957056085,0.0185178494246958,0.0125981626658116,0.00825292066993583,0.00521240149398109,0.00317755955239577,0.00187161818790827,0.00106612314377623,0.000587857365736194,0.000314250734652873,0.00016394258833668,8.94564782291612e-05,6.19226224657033e-05
"8",0.0212411018316234,0.0224226742056538,0.0293223958072483,0.0393203126991522,0.0499532533794966,0.0614949397260888,0.0722777117480888,0.0809716401769161,0.0863614259605721,0.0876784076638608,0.0847682037779073,0.0781005794019965,0.0686391268226989,0.0576074778769397,0.0462304843187644,0.0355234610012782,0.0261732886303117,0.0185175155934162,0.012598030135991,0.00825287450499797,0.00521240383386348,0.00317762682925741,0.00187183589190865,0.00106667182173222,0.000589134488579419,0.000317783863419533,0.000179629406513085,0.000130008601722266
"9",0.013075922585215,0.01445285042055,0.0199878319705471,0.0282778073990745,0.0380027924003254,0.0493381286698059,0.0610984328787622,0.0720561765967667,0.0808495944453008,0.0862941489841551,0.0876431332404066,0.0847504956482274,0.0780921011654565,0.0686352543899296,0.057605781198775,0.0462297667089986,0.0355231670510323,0.0261731726886687,0.018517474716023,0.012598029094614,0.00825292473977804,0.00521258615750289,0.00317815846461208,0.00187314200232908,0.00106964236568444,0.000597001346068385,0.000349796975963226,0.000264685695426477
"10",0.00767145071632299,0.00889575248910029,0.0130115410955236,0.0194075878377105,0.0275498503894003,0.0376842733403364,0.049138332764843,0.0609914257327072,0.0719993881916812,0.0808191446218952,0.0862786418909114,0.0876355709304502,0.0847469866471511,0.0780905538892634,0.0686346023555148,0.0576055168141476,0.0462296638418474,0.0355231313643827,0.0261731711794455,0.0185175131054575,0.0125981710433891,0.00825337142512751,0.00521383599501832,0.00318116405519865,0.00187982110827848,0.00108659846315424,0.000660452235380345,0.000522486476359866
"11",0.00429238255932764,0.00522975358340189,0.008087057477312,0.0127059705038646,0.0190243962256652,0.0273926716583008,0.0375881009556164,0.0490889480206283,0.0609661702518861,0.0719861905578547,0.0808126039774079,0.0862755352482735,0.0876341700048329,0.0847463889889956,0.0780903116155029,0.0686345091516952,0.0576054854813429,0.0462296637978042,0.0355231655645989,0.026173287391925,0.0185178724013738,0.0125992299238411,0.0082562239700511,0.00522053457277992,0.00319569078647792,0.00191520113482165,0.00120870809292429,0.000999776101492184
"12",0.00229205828184451,0.00293746030600684,0.00479886832721528,0.00793421314943074,0.01251356689314,0.0189503980436237,0.0273484150572328,0.0375663196015726,0.0490782185073884,0.060960698829298,0.0719835485116715,0.0808113791001049,0.0862749971620552,0.0876339476844149,0.0847463031404845,0.0780902834047456,0.0686345107629089,0.0576055200302208,0.0462297715969726,0.035523474256183,0.0261741677109442,0.0185203194959072,0.012605558986391,0.00827069207178652,0.00525110522938294,0.00326714690222743,0.0021432806148516,0.00185377634199321
"13",0.00116878055073796,0.00157685332324065,0.0027191181589003,0.00472614834270505,0.00784197132922739,0.012480296693984,0.018930912334044,0.0273392300191987,0.0375619659937442,0.0490760503094802,0.0609596780333974,0.071983085795573,0.0808111808351598,0.0862749185113006,0.0876339216651521,0.084746305511356,0.0780903186299186,0.0686346184283985,0.0576058137860827,0.04623055740133,0.0355255741283652,0.0261796802074168,0.0185339715926048,0.0126358493950423,0.00833294322375062,0.00539075481055152,0.00368038743929805,0.00332911355003834
"14",0.000569474042207933,0.000809250383447089,0.00147150023910156,0.00268617022754322,0.00468388986243087,0.00782767284571129,0.0124720818095723,0.0189272070094349,0.0273375427978668,0.037561145050891,0.0490756734744773,0.060959510954126,0.0719830165297192,0.0808111569667216,0.0862749205672108,0.0876339554376889,0.0847464114566403,0.0780906092110541,0.068635375693137,0.0576077412782502,0.0462354225371479,0.0355376607211937,0.0262082982967427,0.0185954395468517,0.0127584925456265,0.00859691957323053,0.00611650480281274,0.00578695613916034
"15",0.00026526377356079,0.000397183871969959,0.000760795883524878,0.00145727123852633,0.00266765801468718,0.0046780113425672,0.00782435436874713,0.0124706509996485,0.0189265824299097,0.0273372459346868,0.0375610124033902,0.0490756164450609,0.0609594900997033,0.0719830176699483,0.0808111866866238,0.0862750183954034,0.0876342333029891,0.0847471488624885,0.0780924705724153,0.0686399232037234,0.0576186594486127,0.0462611738331321,0.0355959253819194,0.0263291813549345,0.0188291541893008,0.0132408383836745,0.00983129736802181,0.00972963454082833
"16",0.00011818074218542,0.000186490456134658,0.00037592387028346,0.000754934422959358,0.00144951257723225,0.00266534446680207,0.00467672609067942,0.00782382518896154,0.0124704301440344,0.0189264800363047,0.0273372018644561,0.0375609955711609,0.049075616740748,0.0609595141098071,0.0719831011775064,0.0808114349161691,0.0862757036444581,0.0876360108138553,0.0847515172685394,0.0781027778775576,0.068663609482932,0.0576718940985526,0.0463763076661152,0.0358262437366173,0.0267598185255353,0.0196804675067848,0.0152718108544397,0.0158081261491863
"17",5.03791986151916e-05,8.3792621456538e-05,0.000177585555378554,0.000373619491971037,0.000751822227523294,0.00144864050169716,0.002664866985683,0.00467653854488702,0.00782375064557639,0.0124703967505508,0.01892646734178,0.0273372017796069,0.0375610137012154,0.0490756829774512,0.0609597200543536,0.0719836956874271,0.0808130429691952,0.0862797900658408,0.0876458167275988,0.084773961395331,0.0781523958254306,0.0687702593735063,0.0578925471404453,0.0468012580602555,0.0365930255702348,0.0282096941965232,0.0229086781354893,0.0247943564749746
"18",2.05555654259715e-05,3.60371409701878e-05,8.02300786837296e-05,0.000176720643896486,0.000372424373417484,0.000751507259833913,0.00144847030008218,0.00266480330905013,0.0046765147337425,0.00782374115730142,0.0124703966544365,0.0189264806098038,0.0273372516669106,0.0375611743521219,0.0490761655931537,0.0609610822132738,0.0719873065523344,0.0808220352856515,0.0863008888377862,0.0876927947471056,0.0848742537210706,0.0783592139143064,0.0691799918361762,0.0586512282827102,0.0481194728201004,0.0389727703175868,0.033158468160119,0.0374980198729469
"19",8.02941360562442e-06,1.48381675015086e-05,3.46753107492335e-05,7.99200963832589e-05,0.000176281228655336,0.000372315363051953,0.000751449091275494,0.00144844977403158,0.00266479680488273,0.00467651486168555,0.00782375134772659,0.0124704343667277,0.0189266030809126,0.0273376276264277,0.0375622687689156,0.0490791760041521,0.060968882722827,0.0720063165588621,0.0808656408109051,0.0863954602807166,0.0878882485560457,0.0852619071066991,0.0790953184106642,0.0704889829210631,0.0608363941255158,0.0518776989835617,0.0462747716105076,0.0546132466059461
"20",3.00317052431289e-06,5.8500616326846e-06,1.43406348028215e-05,3.45692387792072e-05,7.97654463633513e-05,0.000176245199846358,0.000372296689440951,0.000751443951342217,0.00144845167200979,0.00266480814717834,0.00467655110976546,0.00782385975696664,0.0124707516685536,0.0189275083716823,0.0273401214906842,0.037568842590822,0.0490956390846644,0.0610078582636818,0.0720933440546764,0.0810491552191841,0.08676269434489,0.0885895427463968,0.0865389344661362,0.0812737750274174,0.0739751064345844,0.0665351295496022,0.0622230806259147,0.0764973309824558
"21",1.07558854828092e-06,2.20866032225502e-06,5.67635373226661e-06,1.43060951051973e-05,3.45174746997912e-05,7.9755044297289e-05,0.000176242288166505,0.000372303251992034,0.000751465987064297,0.00144851045618978,0.00266495977301415,0.00467693795585655,0.00782484154573317,0.012473226902189,0.0189336676244102,0.0273551025417337,0.0376040841293579,0.0491750583781342,0.0611781144370373,0.0724394018031937,0.0817165205296793,0.0879871975081213,0.0907252184664431,0.0900275032177675,0.0866118878843081,0.0822479070906335,0.08056472139497,0.102907587617298
"22",3.68884184965702e-07,7.98575865112258e-07,2.15085304828155e-06,5.66613365809909e-06,1.42910468184911e-05,3.45190755089723e-05,7.97673254128556e-05,0.00017627913859135,0.000372398694378867,0.000751702156373871,0.00144907755686102,0.00266629037476896,0.00468000742120893,0.00783183508282786,0.0124889865690675,0.0189686903854275,0.0274313342399414,0.0377651260301423,0.0495022360743824,0.0618129423850732,0.0736117789291781,0.0837758878029303,0.091419949712892,0.0960827687124712,0.0978456855442913,0.098068513499147,0.100390762580622,0.132770185214925
"23",1.21179127121905e-07,2.7662435667492e-07,7.80619385311819e-07,2.1493432705227e-06,5.66605026431925e-06,1.4304664949668e-05,3.45587126948088e-05,7.98727743070988e-05,0.000176545672224571,0.000373046268765857,0.000753221108256831,0.0014525322647264,0.00267394749465454,0.00469662795033471,0.00786729092409003,0.0125633754388186,0.0191217384205953,0.0277381756424118,0.0383597256953993,0.0506072376396158,0.0637712492373216,0.0769108904396663,0.089039143057293,0.0992708952652107,0.106998438336151,0.112944677273918,0.12038766495352,0.164155846948669
"24",3.82108615532873e-08,9.202410890864e-08,2.72107153948328e-07,7.83225068606181e-07,2.15833543737488e-06,5.69589044052145e-06,1.43870337726653e-05,3.47751683754173e-05,8.04176112986991e-05,0.000177863357959974,0.000376116546675509,0.000760136591408991,0.00146764993962297,0.00270615586089026,0.00476372980980181,0.00800418512896117,0.0128364288649198,0.0196517532017662,0.0287323631584865,0.0401481803943114,0.0536727019595699,0.0687543378731526,0.0845551853301655,0.0999692463352591,0.113766979406734,0.125921320074587,0.139051250704801,0.194545795854407
"25",1.15477541806339e-08,2.93482316139117e-08,9.09237818708584e-08,2.73604810938227e-07,7.88141455931395e-07,2.17404121903406e-06,5.74070245886301e-06,1.45100992982431e-05,3.5102162046414e-05,8.12613116875836e-05,0.000179983955299216,0.000381322819849631,0.000772642014921985,0.00149703240747011,0.0027735184639952,0.00491370803895966,0.0083263642849392,0.0134992594976978,0.0209480448467169,0.0311264442047213,0.0443029038034859,0.0604246933861283,0.0789899913952848,0.0988736681368635,0.11835765240403,0.136654385631021,0.155538559458683,0.222299843367187
"26",3.34410481838225e-09,8.97756621825677e-09,2.91624216485963e-08,9.18278667373622e-08,2.76784032816966e-07,7.98944566117311e-07,2.20828202606835e-06,5.84524182305518e-06,1.48180041507113e-05,3.59776393806221e-05,8.36650615108902e-05,0.000186356349835079,0.000397622258879559,0.000812805084469573,0.00159213115628031,0.00298914752573557,0.00537988865256113,0.00928264075724271,0.0153508522231493,0.0243153942344257,0.0368540961143997,0.0533836927181886,0.0737870256672483,0.0970433811189843,0.121110435123559,0.144563483896275,0.168362687775681,0.244444636073634
"27",9.59169092202653e-10,2.73414309436622e-09,9.35479554732391e-09,3.09709559921522e-08,9.81613229388488e-08,2.98013010565362e-07,8.66743873622716e-07,2.4156091392945e-06,6.45276928592328e-06,1.65250213326824e-05,4.05791787050226e-05,9.55694227431437e-05,0.000215911929074619,0.000468004611266869,0.000973361543045433,0.0019422454232416,0.00371675104738207,0.00681535719707307,0.011958853329223,0.02004281068037,0.0320144157581579,0.0486257238975663,0.070063299988636,0.0954325005721549,0.12251423016155,0.149457278004616,0.176624804420791,0.258971602497374
"28",3.51045639033937e-10,1.0693174929273e-09,3.87016308750641e-09,1.35153300373108e-08,4.51388923462964e-08,1.44269573705758e-07,4.41381153833662e-07,1.29307438835476e-06,3.62859295727594e-06,9.75607989032481e-06,2.51383802375937e-05,6.2088138430069e-05,0.000147009121550061,0.000333692572303527,0.000725989868381749,0.00151314668930816,0.00301861029073231,0.00575580266837171,0.0104701734062321,0.0181279847869732,0.0297999152804685,0.0463992596047619,0.0682664143706521,0.0945811669954115,0.123053799947245,0.151634965403374,0.180395492963787,0.265674022169066
