"","X0","X1","X2","X3","X4","X5","X6","X7","X8","X9","X10","X11","X12","X13","X14","X15","X16","X17","X18","X19","X20","X21","X22","X23","X24","X25","X26","X27"
"1",0.136103382358601,0.132175122006113,0.123508237846447,0.111251263312249,0.0982728941707392,0.085342516710745,0.0725041687904167,0.0600238978573795,0.048319146235223,0.0377826613896328,0.0286845256862423,0.0211423312494055,0.0151317067048568,0.0105197276601341,0.00710716620996275,0.00466851549575244,0.0029831375807541,0.00185523534004347,0.00112348220669041,0.000662784723679176,0.000381067489721021,0.000213613856805338,0.000116799886833903,6.23331987180758e-05,3.25196561678744e-05,1.66884295388205e-05,8.83761497941373e-06,6.23633216839872e-06
"2",0.127160523605994,0.124100624558526,0.117073344253913,0.106947066874093,0.0961601117278613,0.0852261504962508,0.0740401267447343,0.062773409223425,0.0518098368960157,0.041571087956482,0.0324049465785806,0.0245332124057482,0.0180397052996185,0.0128863092468681,0.00894532249435209,0.00603679314751524,0.0039623183943666,0.00253058285748497,0.00157330795331207,0.000952613903945664,0.000561967003694505,0.000323127730930279,0.000181179624133606,9.91362291686736e-05,5.30300635336951e-05,2.7918879753175e-05,1.52042784751165e-05,1.10415712244531e-05
"3",0.113003311072991,0.111235882399699,0.106670881485445,0.0997767510216432,0.092355941134554,0.0845477140727231,0.0760208059584012,0.0667867115483334,0.0571515784422062,0.0475520890614933,0.0384303704981529,0.0301528370198171,0.0229651903952746,0.0169802393901251,0.0121916124510438,0.00850309721884938,0.0057633278660173,0.00379792000024658,0.00243442737398033,0.00151854938693776,0.000922237627875282,0.00054556160302691,0.000314537019680916,0.00017689110156947,9.72409952233234e-05,5.26358605397075e-05,2.95425486971602e-05,2.21154454521869e-05
"4",0.0965975406889146,0.0961733097048074,0.094208791946545,0.0907880214722274,0.0870607624374869,0.0827912547466745,0.0774089882441943,0.0707269729353257,0.0629198351293487,0.0543856148347121,0.0456204875932207,0.0371162063168903,0.0292832842487682,0.0224062951606246,0.0166315297414148,0.0119804550956825,0.00837898727887895,0.00569250181655134,0.00375866486131554,0.00241329810551116,0.00150752431853253,0.00091671007957857,0.000542997976338918,0.000313626587309166,0.000177056525188146,9.84769151066311e-05,5.69261846026578e-05,4.38790542488352e-05
"5",0.0796898383531714,0.0804392420440327,0.0808056811274577,0.0805789937332687,0.080348142887743,0.0795739919730961,0.0774792029956859,0.0736655141053556,0.0681253595591428,0.061145512047396,0.0532008879070804,0.0448475374710163,0.0366244374721471,0.0289787111401269,0.0222228918071318,0.0165242305456185,0.0119194852284298,0.00834534513103536,0.00567448615672018,0.00374932790400415,0.00240867232008832,0.00150545343770061,0.000916113915278,0.000543434680588918,0.000315090929613018,0.000180098831275465,0.000107237534813018,8.50787609822131e-05
"6",0.0635248406561443,0.0651510746755537,0.0673330736551914,0.0696892514879074,0.0723976162298964,0.0747290703634703,0.075766814428133,0.0749198757059867,0.071968477706388,0.0670196480908084,0.0604385229347435,0.0527578799665729,0.044576046690535,0.0364620694756904,0.0288841171516643,0.0221692766134524,0.0164946932898122,0.0119036884400711,0.00833717569256646,0.00567046537210903,0.00374757873195963,0.00240828772968573,0.00150612527803819,0.000917929290638701,0.000546857280069174,0.000321368896886004,0.000197182798863647,0.000160991367161994
"7",0.0489761940180578,0.0511339217015012,0.0545077298123226,0.0586656095640168,0.0635398221715636,0.0683379704769958,0.0720927538501246,0.0740711119725012,0.0738449796190998,0.0712987908074821,0.0666095131560282,0.0601916891917185,0.0526121482691546,0.0444918520710968,0.0364145893271706,0.0288580386361399,0.0221553607989121,0.0164875202227864,0.0119001910168461,0.00833571256202463,0.00567026740552418,0.00374845426643835,0.00241047044773871,0.00151020349808749,0.000924971969382608,0.000559209061065806,0.000353738525649651,0.000297185580569758
"8",0.036548532238801,0.0389106290346268,0.0428647452198258,0.0480229953975686,0.0542181341816767,0.0607084713932313,0.0665695677683467,0.0710011818945137,0.073408374391017,0.0734499007053396,0.0710670988868763,0.0664756614639246,0.0601155812798395,0.0525696688920143,0.0444686578959651,0.036402253334204,0.0288517011846183,0.0221523023537723,0.0164863024023772,0.0119001621822784,0.00833676158499105,0.00567275445480135,0.00375320214854302,0.00241876846351188,0.00152407976252585,0.000948561556476828,0.000618941421617834,0.000535008506714948
"9",0.0264188740932059,0.0287216807461072,0.0327432290588739,0.038196206614566,0.0449203171292145,0.0523075266063108,0.0595567684848262,0.0658851915768727,0.0706023803544799,0.0731807647962463,0.0733221790211281,0.0709963716663606,0.0664369865226088,0.0600947510556826,0.0525586775099005,0.0444630400803922,0.0363995708650713,0.0288506935923211,0.022152426143429,0.01648751733189,0.0119029000308483,0.00834204262625345,0.00568229325477072,0.00376944178823931,0.00244532032379719,0.00156794355394483,0.00105592461272949,0.000938980559929219
"10",0.0185107269469278,0.0205748053979717,0.0242944856155627,0.0295019423239599,0.0361042081615333,0.0436705599021222,0.0515778680696053,0.0591378994703295,0.0656503177782718,0.0704739195195999,0.0731118511337638,0.0732856827319455,0.0709772367743991,0.0664270825325591,0.0600897530408497,0.0525563248324296,0.0444622134177291,0.0363998263344832,0.0288520628243253,0.0221554034905601,0.0164932186766087,0.011913384862247,0.008360533542056,0.00571317865690549,0.00381889704737993,0.00252474952847872,0.00175583720786821,0.00160603017952763
"11",0.0125804988962416,0.0143102455953375,0.0175095499718289,0.0221202824791331,0.0281364397393851,0.0353106126585799,0.0432201680323303,0.0513271125111913,0.0590021484469476,0.0655790404064449,0.0704373814084556,0.0730933979851358,0.0732764585782286,0.0709727095478451,0.0664250035277458,0.0600890751879089,0.0525566806009046,0.0444637055720381,0.0364030182701621,0.0288581495345347,0.0221665955456508,0.016513345277877,0.0119482367453158,0.00841771004738108,0.00580285220969849,0.00395891328227311,0.00284475179564723,0.00267591614577713
"12",0.00829912647980132,0.00966822571595691,0.0122595190132115,0.0160982511026436,0.0212562692140064,0.0276466768402147,0.0350394569629371,0.0430731396206711,0.0512499513029867,0.0589631420290445,0.0655599250914039,0.0704282093618982,0.073089085394966,0.0732745561616114,0.0709721353714098,0.0664254179154329,0.0600906352261867,0.052560023477415,0.0444701165920338,0.0364148252645482,0.0288794267130432,0.0222041786234429,0.016577293066134,0.0120512665108419,0.00857593776001795,0.00604298881469636,0.00448895210752685,0.00434126826591777
"13",0.00531756425247636,0.00634802368169602,0.00834038524739027,0.0113717893188348,0.0155676852152592,0.0209622753816936,0.0274873661889838,0.0349549713716255,0.0430299602267745,0.0512288540292103,0.0589532489495511,0.0655554535871172,0.0704263257326391,0.0730885475901602,0.0732749816159398,0.0709736966266095,0.0664288105308326,0.0600972447156621,0.0525723113485775,0.0444923348766343,0.0364541985334753,0.0289477650148029,0.0223183965806972,0.0167579362595739,0.0123228048695852,0.00897637117696548,0.0068962200040014,0.0068544770732313
"14",0.00331139224374672,0.00405251336780705,0.00551474095118068,0.00779861089810476,0.0110553009082993,0.0153959425499578,0.0208709296398876,0.0274398021057232,0.0349311889077957,0.0430186857603006,0.0512238065519384,0.0589511741998592,0.0655548586014306,0.070426711354035,0.0730900492570772,0.073278313372839,0.0709803241894707,0.0664413440114553,0.0601201361780586,0.0526130469969281,0.044563319979137,0.03657519663194,0.0291462853095106,0.0226264116037499,0.0172108665125648,0.0129715280964814,0.0103101349167193,0.0105273849040017
"15",0.00200529726884149,0.00251652789813167,0.00354507802133733,0.00519360128597681,0.0076150816265371,0.0109576418186552,0.0153448485981379,0.0208447235933875,0.027426936862919,0.0349252687659554,0.0430162112979925,0.0512230442038828,0.0589514658902033,0.0655562547355511,0.070429894368052,0.0730965120972241,0.073290781985071,0.0710034704784295,0.0664829447593659,0.0601929630226012,0.0527377373933828,0.044771877427006,0.0369108152447256,0.0296567382595839,0.0233601875345226,0.0182310115216953,0.014994295233675,0.0157187888071562
"16",0.00118153491140184,0.00152075451663574,0.00221635778035394,0.00336002432833348,0.00509007804763313,0.00756102509074832,0.0109297858398998,0.0153307498788762,0.0208379281972806,0.0274239488828255,0.0349242440108782,0.0430163556962801,0.0512243020041234,0.0589544474081012,0.0655624178440851,0.0704420000548884,0.0731193953923231,0.0733325355426871,0.0710772714162409,0.0666099147536187,0.0604063331074215,0.0530875719746327,0.0453234982128352,0.0377324573647999,0.0308103636129498,0.0249157855534782,0.0212041463738184,0.0228047722028496
"17",0.000677667293671301,0.000894690850916074,0.00134811822156459,0.00211261739506422,0.00330319935647161,0.00506095861212181,0.00754624544289068,0.0109224157718672,0.0153273087240359,0.0208366089199963,0.0274239075725413,0.0349253391352435,0.0430191095882044,0.0512300904731874,0.0589659764871703,0.0655845581355277,0.0704830645843782,0.0731930009362358,0.0734603484853279,0.0712931250846172,0.0669655219777307,0.0609771870361191,0.0539685128085819,0.0466070924583382,0.0394908822796867,0.0331078807194371,0.0291460412373091,0.0321285304117639
"18",0.000378496409022542,0.000512630038652082,0.000798090851462404,0.00129150919909675,0.00208225737125244,0.00328794514270503,0.00505335546005953,0.00754255820406746,0.0109208637856882,0.0153270791795627,0.0208375264610447,0.0274264186964215,0.0349307169185539,0.0430299388022112,0.0512511405878781,0.0590055809379186,0.0656566193604098,0.0706098459244915,0.0734090485370047,0.0738180845317265,0.0718701646798817,0.0678712867440005,0.062343308997069,0.0559130880688737,0.0492029045112185,0.0427730444782456,0.0389263023271501,0.0439301937943315
"19",0.000205932461531911,0.000286150392601726,0.000460013091250448,0.000768012446709823,0.00127572517683405,0.00207450670248657,0.00328420039234913,0.00505169590106673,0.00754218400951189,0.0109216060518121,0.0153293360621438,0.0208424694779005,0.0274364766407209,0.0349504561812966,0.0430675021926959,0.0513204056576034,0.0591291659576934,0.0658698690095269,0.0709661105003038,0.0739867560687171,0.0747293013367462,0.0732667762126646,0.0699269030824549,0.0651973171419352,0.0596197404557435,0.0537310924634618,0.0504970418354365,0.0582632530968008
"20",0.000109173983405719,0.000155656444858709,0.000258244276866446,0.000444453929720929,0.000760043156738679,0.001271946884692,0.00207283726391198,0.00328375580457038,0.00505229749038477,0.0075442004754171,0.010926119915222,0.0153386103907842,0.0208608106566211,0.0274716786887072,0.0350160461929066,0.0431859723430589,0.0515275150236367,0.0594793174112839,0.0664427106112927,0.0718746555297672,0.0753861287565581,0.0768203933825781,0.0762652778058859,0.0739803481384706,0.0703097608275047,0.065641869217507,0.0636090422996009,0.0749111330980471
"21",5.6408447565727e-05,8.25356613639662e-05,0.000141250471741172,0.000250427153069289,0.000440591326173707,0.000758378456159496,0.00127150831351438,0.00207339130285187,0.00328564303914596,0.0050565380784744,0.00755291954945896,0.010943372824061,0.0153717887875097,0.0209228868285144,0.0275845552351859,0.0352151758560145,0.0435261872719077,0.0520897820346446,0.0603781961355922,0.0678343842313271,0.0739638328225806,0.0784240092531729,0.0810557596465348,0.0818281142946817,0.0807786264997117,0.0780111247802778,0.0777819602386772,0.0933206514600873
"22",2.84167575998859e-05,4.26805585240957e-05,7.53211107037038e-05,0.00013749053577861,0.00024874939280505,0.000440194738405414,0.000758989430104633,0.00127343889617239,0.00207763495816781,0.00329425292912701,0.00507340173123499,0.00758510152750006,0.0110032896523598,0.015480537529957,0.0211150052907221,0.0279142701322961,0.0357637766080246,0.0444097248767467,0.053466234501196,0.0624533237952792,0.0708636672276524,0.0782406932380976,0.0842080851474843,0.088418817007609,0.0905232955226195,0.090219786381745,0.0923058399797566,0.11257798054233
"23",1.39767438573951e-05,2.15576878972847e-05,3.922651769043e-05,7.37027286440572e-05,0.000137093433120407,0.000249382046898148,0.000442138542436763,0.000763195021109482,0.00128188266964508,0.00209403844191398,0.00332534747953972,0.00513099658265672,0.00768929495902787,0.0111871810301356,0.0157966583251914,0.0216432806502009,0.028770632118524,0.0371078320963545,0.0464497038693579,0.0564596372055268,0.0666998800988267,0.0766794204420572,0.0858598843959142,0.0935908930062939,0.0990986782300834,0.101595402380918,0.106311161281271,0.131487922014907
"24",6.74366024152844e-06,1.06892490060365e-05,2.00600427256405e-05,3.88011732387452e-05,7.42192447358018e-05,0.000138821500694312,0.000253162326601098,0.00044975619211147,0.000778038720763905,0.00131010582905236,0.00214647996858219,0.00342055306804827,0.00529973983098827,0.00798094524229783,0.011677974790912,0.0165992652974927,0.0229160177959756,0.0307236374980285,0.0400032635031705,0.0505935433156444,0.0621813478471391,0.0743084518864812,0.0863376671986205,0.0973583145652865,0.106183958031531,0.111518034565769,0.118906998215042,0.148763409439821
"25",3.18743117626243e-06,5.19824642832374e-06,1.00695194968114e-05,2.00663932738686e-05,3.95075094396038e-05,7.60625202272001e-05,0.000142846317681365,0.000261515524608827,0.000466577137451404,0.000811013971298361,0.00137304734871683,0.00226339108843641,0.00363169263318691,0.00567006316082486,0.00861081316074017,0.0127150011602748,0.0182486415662833,0.0254451328119632,0.034456403833833,0.0453005094424928,0.0578154224920172,0.071620986924166,0.0860364820833433,0.0999450481908678,0.111789273949165,0.119785288956691,0.129694231881543,0.163762524744372
"26",1.50015590582055e-06,2.5248269703777e-06,5.06274773388136e-06,1.04223069786212e-05,2.11791293991637e-05,4.20891239351809e-05,8.16291322776896e-05,0.000154426305597997,0.000284903446503906,0.000512477263824759,0.000898531360948903,0.00153508470060043,0.00255449962584447,0.004138648212083,0.00652467664880119,0.0100030470434089,0.0149024457178869,0.0215565386690566,0.0302508781197714,0.0411543387670664,0.0542440125532807,0.0692283215252049,0.0854192177012636,0.101555662686699,0.115790595942545,0.125940962304541,0.137898319973017,0.175288004008854
"27",7.57903270430645e-07,1.3221105969865e-06,2.7545374077823e-06,5.87579802935706e-06,1.23557784791674e-05,2.53990321973966e-05,5.09487498321934e-05,9.96853558275308e-05,0.000190197974706886,0.00035378759623126,0.000641357131218376,0.00113266990373145,0.00194777938610418,0.0032594909344327,0.00530419072473947,0.00838633907482062,0.0128699246366216,0.0191495304267982,0.0275962902128053,0.0384803157823055,0.0518772064839391,0.0675646079316978,0.0848619002561191,0.102423126396852,0.118214972263574,0.129788812951751,0.14310425037506,0.18265415029085
"28",4.93320825416648e-07,8.8646172770349e-07,1.9040094871551e-06,4.17447404836904e-06,9.00650776787836e-06,1.89762331186842e-05,3.8983747158048e-05,7.80568181056641e-05,0.000152297078270008,0.000289475570381037,0.000535831692849972,0.000965518611403901,0.00169271532303413,0.00288549395565024,0.00477891372820416,0.00768252468290077,0.011975038732621,0.0180777612247633,0.026400604826423,0.0372608207254379,0.0507812345762055,0.0667743223894299,0.0845661924440701,0.102774417502701,0.119280924173207,0.131513718252262,0.145459185010171,0.186000527927777
