"","X0","X1","X2","X3","X4","X5","X6","X7","X8","X9","X10","X11","X12","X13","X14","X15","X16","X17","X18","X19","X20","X21","X22","X23","X24","X25","X26","X27"
"1",0.154812031318303,0.13141706119055,0.123344466912639,0.117478799515353,0.105272488453814,0.0904723577903844,0.0747094596954419,0.0592251667052722,0.045109361759759,0.0330240523046702,0.0232608154047204,0.0157825347716753,0.010327643653038,0.0065250184310698,0.00398431843907151,0.00235343241158112,0.00134573042778788,0.000745430744139009,0.000400206760049254,0.00020834086648671,0.000105198979671581,5.15321072355652e-05,2.44909870962049e-05,1.12929904009396e-05,5.05525329674444e-06,2.21207675031896e-06,9.88621047974299e-07,5.1142869338559e-07
"2",0.140763702991608,0.120808651876859,0.11547215933782,0.112458667051895,0.103579096267041,0.0917959224919171,0.0783368391407731,0.064273248693805,0.0507098011112016,0.0384726331959957,0.0280856380883956,0.0197462293248198,0.0133835483626846,0.00875319548510273,0.00552935005901611,0.00337652348268604,0.00199478634998214,0.00114092777423226,0.000632144785290228,0.000339459191746624,0.000176742170926867,8.92475356353181e-05,4.37154101379447e-05,2.0774365536039e-05,9.58618435661212e-06,4.3288737920104e-06,2.00328438279924e-06,1.07711235850573e-06
"3",0.1192160862655,0.104292703732027,0.102826097821733,0.103896350755305,0.0999670550772447,0.0928637186945533,0.0831829273631858,0.0716646192243815,0.0593412465424752,0.0472059970000407,0.0360873910471373,0.0265293681139331,0.0187707721588633,0.0127948121492284,0.00841026528121282,0.00533619501891909,0.0032711610182269,0.00193905554839572,0.00111230973944762,0.000617861928362981,0.000332523279292425,0.000173461953539516,8.77370508402679e-05,4.30435919316871e-05,2.05061827141687e-05,9.57067168723898e-06,4.59318724373338e-06,2.56960257665116e-06
"4",0.0955015480821293,0.0856780355475363,0.0878728011354018,0.0928809570823953,0.0940701334134021,0.0921487147283333,0.0870205430372305,0.0789539472011674,0.068738066438345,0.0573884179984034,0.0459560513863439,0.0353211490377797,0.0260788069206946,0.0185162004396683,0.0126563471167244,0.00833765358027756,0.00529944912121601,0.00325320728201042,0.00193058350628567,0.00110844715144306,0.00061615978998457,0.000331799151339212,0.000173169204617861,8.76407478246917e-05,4.30749334400243e-05,2.07644721849351e-05,1.03274532854653e-05,6.00404053411491e-06
"5",0.0726858754516282,0.06721060667823,0.0721422346655529,0.080161780717178,0.0857438395219549,0.0887202576492643,0.088376131996368,0.0844316309758169,0.077251213190908,0.0676535957808168,0.0567243818021966,0.0455663395755463,0.0351016997001097,0.0259600648663197,0.0184543482462578,0.0126252840267612,0.00832260365084394,0.00529241641665901,0.00325004008731787,0.00192921061589724,0.00110787646251769,0.000615937261634249,0.000331732034159215,0.000173199965510218,8.7823101343555e-05,4.37278911805599e-05,2.25386705206344e-05,1.3608997505266e-05
"6",0.0526415682567716,0.0503881134561756,0.0568500499883579,0.066587576968142,0.0752970785079888,0.0822847143195163,0.0864053602555081,0.086861889036075,0.0834807708716532,0.076670594695479,0.0673120290035905,0.056531695064202,0.0454620291860844,0.035047434058484,0.0259328731502338,0.0184411958518595,0.0126191367874551,0.00831982791743655,0.00529120710142907,0.00324953377423748,0.00192901156698799,0.00110781612730693,0.000615963288086252,0.000331880540063806,0.000173660929548408,8.93373297526176e-05,4.77310053815871e-05,2.99209621909022e-05
"7",0.0363174154700049,0.0361178300678345,0.0429566604301688,0.0530984953213166,0.0634588664657183,0.0731764357994298,0.0809324456933995,0.0855589752452459,0.0863528207911633,0.0831818067833312,0.0765011491937652,0.0672199548422315,0.056483720853408,0.045438031629144,0.0350358776598557,0.0259274986653281,0.0184387773960595,0.0126180836671072,0.00831938551091587,0.00529103161635999,0.00324947972782167,0.00192903502927805,0.00110794666998142,0.000616346129769045,0.000332959891684401,0.000177054072179339,9.80934987120373e-05,6.38218787845988e-05
"8",0.023888704823066,0.0247590152381806,0.0310950319665879,0.0405681791878721,0.0511933910844945,0.0622234717959203,0.0724234953841184,0.0804801186027664,0.0852976572400779,0.0862047551377398,0.083100691799174,0.0764585685528639,0.0671985514285129,0.0564734125514551,0.0454332600149679,0.0350337458884305,0.0259265767368652,0.0184383916524666,0.0126179302186987,0.00831933685291776,0.00529105077327461,0.00324959634148191,0.00192937327819008,0.00110885446420412,0.000618786370359683,0.000340337842387939,0.000195633179624575,0.000132081593299513
"9",0.0149932941634094,0.0162350114450535,0.0215478190372292,0.0296560377389834,0.039467117666718,0.0505083571943573,0.0618235517756017,0.0721923777749926,0.0803516038264822,0.0852272139594403,0.0861673383499588,0.0830816566944229,0.0764493106541126,0.0671942484728459,0.056471495477608,0.045432437178416,0.0350334046570692,0.0259264417003271,0.0184383478073866,0.0126179437471951,0.00831943558583138,0.00529135179358556,0.00325040095236753,0.00193144799319971,0.00111420940930143,0.000634361549268115,0.000378581122695574,0.000265202272139698
"10",0.00898540962292005,0.0101851955244204,0.0142876360644544,0.0207251049571451,0.0290508569616631,0.0391050508347343,0.0503055853354026,0.0617106550729582,0.0721318817326035,0.0803194638322475,0.0852106198308106,0.0861591336740118,0.0830777842101802,0.0764475691995547,0.0671935005468387,0.0564711874047651,0.045432316542731,0.0350333654747774,0.0259264513287887,0.018438428044707,0.01261820050394,0.00832015148882734,0.00529319729327556,0.00325499957585448,0.00194286159012135,0.00114613111977768,0.000710718043074026,0.000516544189414051
"11",0.00514529361404285,0.00611486352356849,0.0090626056663911,0.0138403065080268,0.0204082907990358,0.0288682342624164,0.0390068357917448,0.0502528569697871,0.0616834159817847,0.0721178397605445,0.0803124036006307,0.0852072192925454,0.0861575720477329,0.0830771032363515,0.076447287342056,0.0671933908925627,0.0564711525156707,0.04543232510501,0.035033433295882,0.0259266666819799,0.0184390450594844,0.0126198473424595,0.00832426019713858,0.00530309257945044,0.00327862702324861,0.00200636590724653,0.0012939650771589,0.000975699926047226
"12",0.00281707093479106,0.00351418109752382,0.00549866081764057,0.00883089896186746,0.0136821417487551,0.0203202936415638,0.0288227546374436,0.0389832816048296,0.0502411292655973,0.0616775472858261,0.0721149627852253,0.0803110513708098,0.0852066138651565,0.0861573160170643,0.0830770027607825,0.0764472560132313,0.0671934001678946,0.0564712152405532,0.0454325147948999,0.0350339655999275,0.0259281058119814,0.018442732285002,0.0126287363790591,0.00834493427720702,0.00535058532822574,0.00340120999484472,0.002283796695059,0.00178664061723667
"13",0.00147561245660832,0.00193381558646627,0.00319164815149014,0.00538416411672768,0.0087555207331914,0.0136415967952494,0.0203001440149731,0.0288126857521217,0.0389784532271686,0.0502387842779961,0.0616764257449082,0.0721144478075669,0.0803108266295087,0.0852065232174302,0.0861572876912499,0.0830770128648491,0.0764473175136346,0.0671935793737399,0.0564716986771661,0.0454337894563108,0.0350372388704615,0.0259361452246131,0.0184614228354865,0.0126706709560618,0.00843759264338419,0.00558007015671452,0.00390556739873656,0.00316995782618368
"14",0.0007399290093361,0.00101930177216144,0.00177264066818854,0.00313760943180532,0.00534984139593012,0.00873764298761405,0.0136330488760923,0.0202960224986011,0.0288107843886667,0.0389775576751789,0.0502383664522288,0.0616762385830008,0.0721143695776548,0.0803108014728234,0.0852065332497564,0.0861573474851923,0.0830771869793045,0.0764477791737126,0.0671947621968207,0.0564746639393121,0.0454410410777035,0.0350542984576506,0.0259743323335791,0.0185439795873601,0.012846048121347,0.00885398613202636,0.00646765061407636,0.00544623586287468
"15",0.000355376466532798,0.000514795606902296,0.000942327639502914,0.00174825623206419,0.00312266712220393,0.00534229233016369,0.00873416844365154,0.0136314323830121,0.0202953061196327,0.0288104576550795,0.0389774093790209,0.0502383028785709,0.0616762173544215,0.0721143785526569,0.0803108565405821,0.0852066979362652,0.0861577901372561,0.0830783176371173,0.0764505660098901,0.0672014477415799,0.0564902820018219,0.0454762410835505,0.0351300816253039,0.0261320246648752,0.0188658170932085,0.0135777736327137,0.0103646478820255,0.00905406785039303
"16",0.000163562643869927,0.000249205496319951,0.000479631200973242,0.000931798601728859,0.00174203335058443,0.00311961279593678,0.00534093827837531,0.00873356060578456,0.0136311741005612,0.0202951925153938,0.0288104085118029,0.0389773926026811,0.0502383102773937,0.061676264597807,0.07211452539139,0.0803112642718393,0.0852077630742625,0.0861604378373849,0.0830846343949063,0.0764651443875847,0.0672340926811662,0.0565608385816235,0.0456222504550863,0.0354221948425697,0.0267042598020763,0.0201100018220364,0.0160616551910911,0.0145518516877687
"17",7.21719179479135e-05,0.000115667519564842,0.000233827415524909,0.000475277609547006,0.000929318436638338,0.00174084879364107,0.00311910665531238,0.00534071907139003,0.0087334716417885,0.0136311371610731,0.0202951798560006,0.0288104142888749,0.0389774305076744,0.0502384327132214,0.0616766179749819,0.0721154819194088,0.080313710802672,0.0852137026408294,0.0861742094701699,0.0831153433281685,0.0765312791958929,0.0673713546419577,0.0568337863957909,0.0461467191034832,0.0364071577726617,0.0287489428817018,0.0240500987842972,0.0225885914997833
"18",3.05426501654128e-05,5.14903633116567e-05,0.00010922557524003,0.000232102562719793,0.000474331363163059,0.000928877958986404,0.00174066729417665,0.00311903093494462,0.00534069029455707,0.00873346227878134,0.0136311415295444,0.0202952088504678,0.0288105107344463,0.0389777188124485,0.0502392426340923,0.0616787662347122,0.0721208675283329,0.0803265002930938,0.0852425961560226,0.0862366591730598,0.083245056020915,0.0767901741910407,0.0678660042906754,0.0577456909120176,0.0477861920553712,0.0396503902322514,0.0347687820370354,0.0338280770384252
"19",1.24004502517058e-05,2.19895533409952e-05,4.89040988534832e-05,0.000108570463786973,0.00023175692983677,0.000474174334610579,0.00092881563327797,0.00174064266711324,0.00311902369947464,0.00534069384881761,0.00873348452943772,0.0136312159416175,0.0202954355356566,0.0288111649861017,0.038979510663661,0.0502438906825171,0.061690172568142,0.0721473597183257,0.0803848766069259,0.0853651325603915,0.0864826490572408,0.0837178093464778,0.0776580562598456,0.0693995332277492,0.0603808850276232,0.0527432459919561,0.048491977036882,0.0488166285800832
"20",4.83135953462377e-06,9.01114854605823e-06,2.09940475503034e-05,4.86655035371437e-05,0.000108449671601262,0.000231703499117523,0.000474154538377805,0.000928810137581483,0.00174064747610233,0.00311904539140371,0.00534076042248553,0.00873367833671786,0.0136317638915473,0.020296933724406,0.0288150990814817,0.0389893735263232,0.0502673978425241,0.0617433161971266,0.0722613102586236,0.0806170498011772,0.0858158245110016,0.0873170886941094,0.0851894112074683,0.0801478550807671,0.0734820134520507,0.0676667644373525,0.0651988033391008,0.0677992434223828
"21",1.80668778101684e-06,3.54402069825667e-06,8.64371187863338e-06,2.09108940795193e-05,4.86256997856417e-05,0.000108433953535829,0.000231702134732437,0.000474165905181063,0.000928845514623814,0.00174074055737676,0.00311928371801873,0.00534136456653128,0.00873519561432958,0.0136355216821861,0.0203060431412153,0.0288365301913691,0.0390379183618671,0.0503726095803835,0.0619606382853184,0.0726884927478644,0.0814162325692331,0.0872386726851312,0.0897242616936499,0.0890829967370015,0.0862278628411731,0.0837521682996521,0.084448725228827,0.0905080629765743
"22",6.48563403573172e-07,1.33797990262543e-06,3.4142343511699e-06,8.6168297320957e-06,2.09010079642671e-05,4.86286727414285e-05,0.000108454561567541,0.000231759369114591,0.000474309651171539,0.000929193240133803,0.00174156147518243,0.00312118620876491,0.00534570972424129,0.00874499053092762,0.0136572775516081,0.0203534284359489,0.0289370381281771,0.0392439849652023,0.0507783433014112,0.062724295099817,0.0740586775860083,0.0837549049287588,0.0910261517877854,0.0955702423592339,0.0977588131614881,0.100066185785579,0.105305624568124,0.115984320291658
"23",2.23610516743281e-07,4.85171709049364e-07,1.29480360616998e-06,3.4083321784139e-06,8.62168033381398e-06,2.09235236006246e-05,4.86917481306478e-05,0.000108615616221104,0.00023215324749061,0.000475240177298361,0.000931326042006158,0.00174632369753819,0.00313158644826029,0.00536799329251053,0.00879188422393174,0.0137540482093979,0.0205484208919466,0.0293183495759419,0.0399628606336125,0.0520772913237862,0.0649636326757207,0.077728245171355,0.089449250503961,0.0994159786869533,0.107395995708773,0.115543132186715,0.126398605331358,0.142575417485144
"24",7.42349402303398e-08,1.69451620259008e-07,4.72899326925307e-07,1.29839576809407e-06,3.42532218919862e-06,8.67085578083762e-06,2.10537852202755e-05,4.90210609881533e-05,0.000109416588087954,0.000234033011549604,0.000479508822385533,0.000940735603785271,0.00176652552572823,0.00317394938732775,0.00545489064767074,0.00896614259568999,0.0140946493244179,0.0211940409754794,0.0304979181852671,0.0420274245745208,0.0555204636063715,0.0704092774854898,0.0858575029378244,0.100913855495013,0.11478393447263,0.129181042503787,0.146140692041431,0.168169810209708
"25",2.36920812452534e-08,5.68976957054367e-08,1.660021331424e-07,4.75339137573268e-07,1.30765793939354e-06,3.45238389578484e-06,8.7454238478814e-06,2.12522736653128e-05,4.95344399418226e-05,0.000110710513118517,0.000237217883509759,0.000487174187148349,0.000958773021245588,0.00180794505704674,0.00326642902542144,0.00565464176958816,0.00938104268767673,0.0149182502289647,0.0227474169683789,0.033267653832229,0.0466769326582663,0.0628416406714646,0.0811800686844941,0.100672051573594,0.120064185551955,0.140589061984325,0.163631399778284,0.191422389812951
"26",7.27511652410181e-09,1.83976227918389e-08,5.61506172151885e-08,1.67835295168234e-07,4.81970563488e-07,1.32870268082431e-06,3.51627578974662e-06,8.93267921517369e-06,2.1782841555169e-05,5.09880480656002e-05,0.000114560390067746,0.000247067462402753,0.000511483098012115,0.00101652727247873,0.00193966436477822,0.003553808145662,0.006252061838422,0.0105594145126445,0.0171141727934776,0.0265981112145202,0.0395981118400769,0.056397189257441,0.0767207486297671,0.0995931422240033,0.123442140237606,0.149082110281549,0.177269158993306,0.209903247267263
"27",2.23351125972562e-09,5.97747367517843e-09,1.91690117762757e-08,6.00837468068824e-08,1.80970950725624e-07,5.23528163154994e-07,1.45478721033072e-06,3.88371405636154e-06,9.96180398687781e-06,2.45539837704281e-05,5.81630255456033e-05,0.000132420879726456,0.000289788234137977,0.000609564325321777,0.00123229395769364,0.00239338294183921,0.00446299944958568,0.00798191254702377,0.0136718354201341,0.0223876896425084,0.0349764244973113,0.0520221930603928,0.0734981237767865,0.0985058225278599,0.125290512708485,0.154380704631552,0.186071654607635,0.221993867514579
"28",8.84513900935357e-10,2.51578296167502e-09,8.49816637265984e-09,2.79759924270662e-08,8.84262800989671e-08,2.68278043302801e-07,7.81412484312029e-07,2.18549732292574e-06,5.87037100316527e-06,1.51454622910168e-05,3.75352937919681e-05,8.93612087588894e-05,0.000204351769963065,0.000448774903065713,0.000946024097462927,0.00191280995858952,0.00370555203205327,0.00686740136240246,0.0121529973041837,0.0204931918184797,0.0328554063298403,0.049969583589498,0.0719355661192259,0.0979042134256274,0.126044707648692,0.156751309258332,0.190093612318027,0.227563222240126
