"","X0","X1","X2","X3","X4","X5","X6","X7","X8","X9","X10","X11","X12","X13","X14","X15","X16","X17","X18","X19","X20","X21","X22","X23","X24","X25","X26","X27"
"1",0.158320328194664,0.16141578195513,0.15221715678704,0.13347771424512,0.112749190065327,0.0901341437462577,0.0676120117792859,0.0475877434829788,0.0315166688000309,0.0197108139649818,0.01168255873352,0.00658393637845163,0.00353829882279069,0.00181721308918393,0.000893022964785645,0.000420014658783673,0.000188923363177331,8.11428421731026e-05,3.32077060199968e-05,1.29181007146847e-05,4.76464586008256e-06,1.66205389733547e-06,5.4699725753705e-07,1.694437021992e-07,4.92899494010032e-08,1.34347663391622e-08,3.44144881567806e-09,1.01270024857036e-09
"2",0.138115527364338,0.143485742262795,0.139977535110891,0.128549474036522,0.114364514761182,0.0966010560731307,0.0767387941807227,0.0572630796437328,0.0402017589771495,0.0266174475345324,0.0166649613127104,0.00989407157212671,0.00558561860718862,0.0030057963168026,0.00154478709498254,0.00075909474890598,0.000356744186089601,0.000160246875823231,6.87086605085429e-05,2.80677246525554e-05,1.0899881876924e-05,4.01456704645101e-06,1.39904474150443e-06,4.60244907937915e-07,1.42600823145085e-07,4.15282360392721e-08,1.14199124310063e-08,3.66766710289119e-09
"3",0.108672841692007,0.116644182877369,0.120413370872472,0.11891712735983,0.114246255254229,0.104261605436195,0.0894235864007347,0.0719119293255368,0.0542483252752529,0.0384509673283914,0.0256646596883251,0.0161745107225859,0.0096529768924892,0.00547137956956854,0.00295320212692033,0.00152113871175121,0.000748696531088038,0.000352285094269334,0.000158392374781348,6.79658817181652e-05,2.7783221215691e-05,1.07963225065106e-05,3.97893150044821e-06,1.38750513342959e-06,4.56752547875356e-07,1.4166524868093e-07,4.16632654789588e-08,1.45230654832336e-08
"4",0.0788551681426176,0.088290087804051,0.0976878746807881,0.104858822816734,0.109509913948089,0.108360977604019,0.100495115958322,0.0871166735646541,0.0705992701771333,0.0535587208796354,0.0381155114773984,0.0255127325956284,0.0161100306003094,0.00962711798705876,0.0054614731133282,0.00294952756164261,0.00151979962024144,0.00074821118992834,0.000352109176320068,0.000158328834665026,6.79432610768543e-05,2.77753950349132e-05,1.07937305002538e-05,3.97813591945139e-06,1.38734064909723e-06,4.56975895133876e-07,1.43363526980284e-07,5.40648310879157e-08
"5",0.053149698697314,0.0625200436595329,0.0746711268993805,0.0873844672490738,0.0992025959614845,0.106313803924144,0.106478991905838,0.099417821394451,0.0865398981649422,0.0703139787140223,0.0534284525490751,0.0380604834351427,0.0254911852246127,0.0161021937915598,0.00962446375222373,0.00546063290575352,0.00294927755175563,0.00151972902883993,0.000748191985339551,0.000352104031380424,0.00015832744525138,6.79428830319042e-05,2.77753182847313e-05,1.07938151774896e-05,3.97850046599852e-06,1.38862147684387e-06,4.63834779019346e-07,1.88755665622339e-07
"6",0.0333780895532281,0.0414707263252931,0.0536489122423489,0.0684013014381759,0.0842296159073541,0.0975833531781879,0.105433858232304,0.106006346171264,0.0991782648419413,0.0864273575408746,0.0702651323874253,0.0534088435200159,0.0380531953969492,0.0254886757483082,0.0161013927450146,0.00962422662424473,0.00546056783603032,0.002949261021109,0.00151972514781556,0.000748191145147803,0.000352103869496344,0.000158327449784003,6.79430319317248e-05,2.77758507917588e-05,1.07954541493956e-05,3.983752671407e-06,1.41418851051666e-06,6.19399631396706e-07
"7",0.0195776350389301,0.0257910268452004,0.0361686198198115,0.0501154648075611,0.0667585880375438,0.0834604483511882,0.0971972839324117,0.105239196324815,0.105912866386131,0.0991365221612039,0.0864101306335684,0.0702585614720784,0.0534065263889261,0.038052439842789,0.0254884477519232,0.0161013290054321,0.00962421010917523,0.00546056387488578,0.00294926014542017,0.00151972497595275,0.000748191146371916,0.000352104031790714,0.000158328133653794,6.79453104105771e-05,2.77825284760767e-05,1.08154637084986e-05,4.07282072527794e-06,1.91465991366624e-06
"8",0.0107474928871246,0.0150512796937724,0.0228618952275701,0.0343151941734005,0.0493139070609328,0.0664147124139544,0.0833008547309297,0.0971216896669722,0.105204744373585,0.105898210727191,0.0991307591687136,0.0864080391737188,0.0702578618847964,0.0534063109871219,0.0380523787822181,0.0254884317864659,0.0161013251457481,0.00962420924604948,0.00546056370192425,0.00294926014329872,0.00151972513007472,0.000748191874614279,0.000352106858729917,0.000158337180598576,6.79706233873814e-05,2.78536699342561e-05,1.11061586175036e-05,5.58752855355953e-06
"9",0.00553209372984631,0.0082496231557327,0.0135475458034345,0.0219536564959672,0.0339476936667815,0.0491688617683021,0.0663524091165936,0.0832731188323431,0.0971096715551021,0.105199857792694,0.105896371470017,0.0991301206369154,0.0864078354735887,0.0702578024383747,0.0534062951564794,0.0380523749331874,0.0254884309300594,0.0161013249755545,0.00962420924313129,0.0054605638465926,0.00294926083958168,0.00151972809260589,0.000748202776736521,0.000352140351532555,0.000158426718198723,6.82072646128049e-05,2.87445518937822e-05,1.54283841391833e-05
"10",0.00267414581418301,0.00425046412111911,0.00752941950920617,0.0131306008243092,0.0217950420835724,0.0338898855317903,0.0491458655941666,0.0663427930571915,0.0832691552538977,0.0971081272812956,0.105199298734111,0.105896184393792,0.0991300631415939,0.0864078193855332,0.0702577983693502,0.053406294230183,0.0380523747472703,0.0254884309207452,0.0161013251067462,0.00962420988906742,0.00546056666246535,0.00294927207935271,0.00151976739450516,0.000748318635411131,0.000352436596206682,0.000159164902855918,7.07768861667919e-05,4.03988539104501e-05
"11",0.00121553604410365,0.00206044674853169,0.00392771745999303,0.00734973936900108,0.0130660765904764,0.0217732542718754,0.0338818575295304,0.0491427190543251,0.0663415619860999,0.0832686959718769,0.0971079670802362,0.105199246778177,0.105896168855593,0.099130058912519,0.086407818351389,0.0702577981467256,0.0534062942054753,0.038052374850285,0.0254884314823116,0.0161013276523507,0.00962422041212522,0.00546060641544532,0.00294940455341732,0.00152014244194611,0.000749237333037603,0.000354601016837977,0.000166157203611828,0.000100539282701077
"12",0.000520127393212073,0.000940519505399943,0.00192482628040799,0.00385492259153611,0.00732498127955515,0.013058308136704,0.0217706030406236,0.0338808869188872,0.0491423605419298,0.0663414346376903,0.0832686533601817,0.0971079536960746,0.105199242865257,0.105896167809378,0.0991300586627399,0.0864078183096361,0.0702577982126022,0.0534062946319543,0.0380523769567429,0.0254884406716968,0.0161013640117987,0.00962435136215669,0.00546102398374784,0.00295054212422873,0.00152281796835682,0.000755216320777467,0.000372596354012756,0.000238312372709971
"13",0.000209691440718148,0.000404550430171587,0.000886999381133827,0.00189707286712785,0.00384595888038018,0.00732236055163756,0.0130574792526576,0.0217703205762745,0.0338807891639417,0.0491423278339606,0.0663414242663337,0.0832686502357679,0.0971079528065853,0.105199242631897,0.10589616776062,0.0991300586974684,0.0864078185897406,0.0702577997360414,0.0534063018709796,0.0380524074873875,0.0254885569773531,0.0161017658913717,0.00962558305803893,0.00546426173870075,0.00295787449938416,0.0015384163105191,0.000799131039699564,0.000539036024106351
"14",7.9697992805443e-05,0.000164072030170205,0.000384694125393037,0.000877035693819996,0.00189401038160194,0.00384512236020329,0.00732211487332979,0.0130574014059499,0.0217702954991742,0.0338807813653492,0.0491423255370141,0.0663414236166229,0.0832686500588337,0.0971079527652029,0.105199242649338,0.105896167930532,0.0991300596746748,0.0864078236138056,0.0702578227294988,0.053406395716398,0.0380527530003835,0.0254897081847705,0.0161051714443592,0.00963424793602109,0.00548321560772818,0.00299640529724689,0.00164029003946967,0.00116511847030232
"15",2.85673332604736e-05,6.27681140805077e-05,0.000157141654317077,0.000381324782553227,0.000876048535137108,0.0018937578553399,0.003845053242959,0.00732209444090452,0.0130573952850851,0.021770293747345,0.0338807808974324,0.0491423254174552,0.0663414235893633,0.0832686500704414,0.0971079528726385,0.105199243253942,0.105896171117149,0.099130075170442,0.0864078916889039,0.0702580914071089,0.0534073536672897,0.0380558418736132,0.0254985598985758,0.0161270358482005,0.00968058807317028,0.00557357022840184,0.00322155024823603,0.00240844968665307
"16",9.65819755120415e-06,2.2656194539634e-05,6.04918422774186e-05,0.000156068425729036,0.000381024734559494,0.000875976530528974,0.00189373941103271,0.00384504811703238,0.00732209300181405,0.0130573949053668,0.0217702936572281,0.0338807808800148,0.0491423254280657,0.0663414236675075,0.0832686504755165,0.0971079549084922,0.105199253139686,0.105896216301487,0.0991302648066088,0.0864086138780905,0.0702605859930659,0.0534151549310097,0.0380775558400204,0.0255507587104239,0.0162345143203933,0.00988221745565887,0.00604830974620997,0.00476097450008857
"17",3.07934495693088e-06,7.71585710560192e-06,2.19526730962819e-05,6.016993899053e-05,0.000155982504161773,0.000381005384436562,0.000875971878406685,0.00189373818476595,0.00384504778983682,0.0073220929212798,0.0130573948904937,0.0217702936672157,0.0338807809453346,0.049142325741769,0.0663414251221563,0.0832686571026339,0.097107984426868,0.105199379096544,0.105896718399657,0.0991321033103402,0.0864147594417778,0.07027923846097,0.0534656555476895,0.0381958942012404,0.0257879099977827,0.0166634691431809,0.0108377177432142,0.0089915362840931
"18",9.25479941473804e-07,2.47875465458632e-06,7.51133937657678e-06,2.18618143500745e-05,6.01467853477812e-05,0.000155977616834964,0.000381004281920196,0.000875971601177803,0.00189373811393495,0.00384504777556482,0.00732209293110315,0.0130573949522327,0.0217702939475469,0.0338807821581432,0.0491423308404396,0.0663414461891194,0.083268742833267,0.0971083236621619,0.105200654992981,0.105901188792392,0.0991465270960824,0.0864572141699859,0.070391065716797,0.0537212224908992,0.0386947485286381,0.0266586051457791,0.0184975530359564,0.0161951489533702
"19",2.62003328701802e-07,7.50804770642079e-07,2.42287787332519e-06,7.48722969137285e-06,2.1855950898472e-05,6.0145628540961e-05,0.000155977373377792,0.000381004225095504,0.000875971593499038,0.00189373813750774,0.00384504787757787,0.00732209331662077,0.013057396381923,0.0217702991837581,0.0338808011761497,0.0491423997843173,0.0663416964119677,0.0832696441924855,0.0971114788326655,0.105211136749446,0.10593365660299,0.0992389428984425,0.086693711754359,0.0709178004037981,0.054722279631492,0.0403799248328675,0.0300088611354892,0.0277532130090651
"20",6.97961267977179e-08,2.14258469533881e-07,7.36474469119735e-07,2.41687141656093e-06,7.48583682845921e-06,2.18556968359513e-05,6.01455864259801e-05,0.000155977392139371,0.00038100433074679,0.000875971962367532,0.00189373933847875,0.00384505162522046,0.00732210462567346,0.0130574296977915,0.0217703961938916,0.0338810848234118,0.0491432456560275,0.0663442832743667,0.0832776493043334,0.0971358700698816,0.105282279111112,0.106127427853444,0.0997180001686194,0.0877302714525595,0.0728320842520605,0.0578248274928705,0.0461832058369802,0.0451251710174497
"21",1.74725508943033e-08,5.75457651233387e-08,2.10814264678579e-07,7.35072809085488e-07,2.41656566717591e-06,7.48580279759978e-06,2.18557627391831e-05,6.01458669997872e-05,0.000155978386015406,0.000381007621728256,0.000875982232676215,0.0018937696348793,0.00384513637929656,0.00732233051983085,0.0130580075993477,0.0217718329740199,0.0338846232090605,0.0491520775109234,0.0663669688662657,0.0833373110012338,0.0972925965095365,0.10567965718327,0.107061928874019,0.101665783387633,0.0912086995242987,0.0782410722968231,0.0673068835357217,0.0694054278498249
"22",4.10349581622351e-09,1.45267629471212e-08,5.67723614471865e-08,2.10512626341925e-07,7.35029993390581e-07,2.4166484605971e-06,7.48617231239551e-06,2.18571485152248e-05,6.01507177759283e-05,0.000155994320972422,0.000381056827265943,0.00087612524779027,0.00189416145416475,0.00384615027790678,0.00732481697085567,0.0130638231923638,0.0217849573864414,0.0339137380004159,0.0492170248834139,0.0665150563121466,0.0836815759445851,0.0980884186518814,0.107431975795999,0.110544880745419,0.107643350733005,0.100088110422893,0.0927684354797799,0.100687415720395
"23",9.02353805238475e-10,3.44131046119776e-09,1.43671098873538e-08,5.67237526974251e-08,2.105636684498e-07,7.35300007289905e-07,2.41773251771772e-06,7.49021623178218e-06,2.18712755361491e-05,6.01970120906524e-05,0.000156136798754607,0.000381469048530454,0.000877247467761667,0.00189703948658037,0.00385311722890668,0.00734079810150386,0.0130988253324795,0.0218591430368711,0.0340688551577604,0.0495434095235801,0.0672124139504927,0.0851758050666009,0.101183049389207,0.113296094499208,0.120201748177969,0.121319249338224,0.120901460935033,0.137541139925956
"24",1.85505063893618e-10,7.64294939693022e-10,3.41537656956649e-09,1.43838960889591e-08,5.68530466064979e-08,2.11125729362121e-07,7.37542228566598e-07,2.42609058817629e-06,7.51939543659961e-06,2.19668226046048e-05,6.04907996950375e-05,0.000156985826541137,0.000383777108289379,0.000883155501765078,0.00191130259916565,0.00388569426203491,0.00741161732743912,0.013246926920175,0.0221618365370941,0.0346842289148897,0.0508012817619546,0.0697800393578154,0.0902516815372419,0.110410511913977,0.127906972183188,0.139932249503351,0.149190865813031,0.176907445553645
"25",3.55615978046348e-11,1.58778401637562e-10,7.61145927318807e-10,3.42620694517709e-09,1.44431596240771e-08,5.71095950434976e-08,2.12157341292506e-07,7.4142926943922e-07,2.43985323629292e-06,7.5653015392855e-06,2.21114455173565e-05,6.09223074163251e-05,0.000158208939518914,0.000387083006365296,0.000891716902874032,0.00193268486246356,0.00393764022948793,0.00753558752199849,0.0135398149239158,0.0228472555317782,0.0362575946356077,0.0542730289585265,0.0769208767031241,0.103375386271603,0.131016286691085,0.154972337968207,0.175769558849628,0.216090869575047
"26",6.32945233076975e-12,3.07303669735064e-11,1.584461365688e-10,7.64154679617562e-10,3.44281843836525e-09,1.45212724970138e-08,5.74552950666968e-08,2.13606319173064e-07,7.47195976990104e-07,2.46168825920236e-06,7.64406968902301e-06,2.23823931984678e-05,6.18113390261535e-05,0.000160991873508289,0.000395396387532041,0.000915440075782319,0.00199747999206076,0.00410744948949173,0.00796319560776376,0.014572734155477,0.0252255517231193,0.0414125857334522,0.0645645084666219,0.0951913299980254,0.131004620373866,0.165613416860294,0.197365658783901,0.249414303807588
"27",1.04911203969697e-12,5.5751421915331e-12,3.10999725849296e-11,1.61651517226752e-10,7.8296196949354e-10,3.54323416246395e-09,1.50183405513116e-08,5.9746151892272e-08,2.23468426862608e-07,7.8696244436267e-07,2.61220896266803e-06,8.17980006874888e-06,2.41776165356022e-05,6.74807635022118e-05,0.000177881185984774,0.000442914270108202,0.00104192182772473,0.00231669522658025,0.00487283412277193,0.00970743646703716,0.0183405971933668,0.0328789671611513,0.0557763769659287,0.0886772098052185,0.129810054456525,0.171902868763015,0.211688078448078,0.272262623996505
"28",1.93129782679766e-13,1.14958280073697e-12,7.07667494897036e-12,4.03705626816991e-11,2.13691155068134e-10,1.05280406905144e-09,4.84156110755151e-09,2.083416896291e-08,8.40698605489008e-08,3.18675765572867e-07,1.13639568143586e-06,3.81654715517113e-06,1.20817614162927e-05,3.6070395284419e-05,0.000101598589634941,0.000270056807877277,0.000677626947603542,0.00160588024102166,0.00359694692223233,0.00762045210383527,0.015275314090103,0.028937080113296,0.0515535799327935,0.0853632049682433,0.128924029861465,0.174601185425161,0.218334291864986,0.283085217295569
