"","X0","X1","X2","X3","X4","X5","X6","X7","X8","X9","X10","X11","X12","X13","X14","X15","X16","X17","X18","X19","X20","X21","X22","X23","X24","X25","X26","X27"
"1",0.133316820395848,0.132206590030347,0.124617132943483,0.111735544806385,0.0986730595118999,0.0857488610001016,0.0728565906816446,0.0602839784464112,0.0484788125661754,0.0378529761659782,0.0286858502688212,0.0210978686165219,0.0150628544385846,0.0104433294238979,0.00703459236681825,0.00460607982744913,0.00293322800451326,0.00181763623999721,0.00109655276528038,0.000644338733485673,0.000368932478057295,0.000205922042822835,0.00011209032276284,5.95405359349305e-05,3.09107711327752e-05,1.5752647617844e-05,8.07355069279058e-06,6.08041733500491e-06
"2",0.124443304109943,0.124023273291721,0.118025094679099,0.107353691559102,0.0965265522166115,0.0856323559007481,0.0744217088463048,0.0630834797436647,0.0520294234116429,0.041700966174147,0.0324578951775648,0.0245283068068032,0.0179974027839892,0.0128248281316464,0.00887866250612309,0.00597422093846106,0.00390886095380542,0.00248803197692427,0.00154133637294995,0.000929750816068842,0.00054631956154538,0.000312836864928429,0.000174655243087481,9.51360868663286e-05,5.06497563220365e-05,2.64814693946186e-05,1.39422574112204e-05,1.08323631253701e-05
"3",0.110411423355093,0.110998808720598,0.107379904905568,0.100057870100612,0.0926593366278911,0.0849399029067274,0.0764340885667003,0.0671639124352964,0.0574584898177626,0.0477738005450359,0.0385669939294511,0.030215470897206,0.0229711480899596,0.0169485009320177,0.0121394093158561,0.00844395964107322,0.00570646465560094,0.00374855713216431,0.00239467100091452,0.00148840188382254,0.000900516983231961,0.000530601459729249,0.00030464214868006,0.000170579425779185,9.33412980235039e-05,5.01756043251332e-05,2.71928488200125e-05,2.18347720596643e-05
"4",0.0941800900858527,0.0957751151181156,0.0946489257836544,0.0909203359667321,0.0872743131148803,0.0831419357681016,0.0778314195477813,0.0711579284648324,0.0633116174278122,0.0547068316248959,0.0458558745708072,0.0372652585706627,0.0293566465181009,0.0224210276272767,0.01660658586931,0.0119332401127469,0.00832333114629374,0.00563795584622463,0.00371077697674103,0.00237444104321904,0.00147790095594537,0.000895278395922188,0.000528183389237667,0.000303784332852838,0.000170738657968185,9.43059203077531e-05,5.25763455207881e-05,4.35808182040781e-05
"5",0.0774918641271972,0.0799084311935999,0.0809876530520595,0.0805563799655155,0.0804491501036131,0.0798490987412403,0.0778729752286648,0.0741163741264032,0.0685780151288534,0.0615549992057434,0.0535362995857086,0.0450940244140162,0.0367819618150086,0.0290583525882954,0.0222421151361998,0.0165023734243329,0.0118743058601386,0.00829097663438773,0.00562072108323404,0.00370189216935515,0.00237006022721979,0.00147594596195521,0.000894716633617649,0.000528587747274033,0.000305169051226395,0.000173219942600597,9.93521877435668e-05,8.4984664795745e-05
"6",0.0615827800978668,0.0645335314484178,0.0672934110217427,0.0695213620095145,0.0723725761733162,0.0748968090020217,0.0760887964157029,0.0753448460286897,0.0724419264197791,0.0674891516697877,0.060860262396736,0.0531019925980006,0.044828611592313,0.0366237643081012,0.0289665519490837,0.0221903148023106,0.0164739747109897,0.0118591960955396,0.00828320300952244,0.00561691235977571,0.00370023666170524,0.00236968811723382,0.00147656972559811,0.000896409666118502,0.000531834096098664,0.000310373048278856,0.000183209983230914,0.000161704592524233
"7",0.0473126880260189,0.0504818251726931,0.0542990367976205,0.0583761226116297,0.063388621815012,0.068377077325652,0.0723046097991274,0.0744219932591438,0.0742899925560071,0.071786292492394,0.0670885424504568,0.0606197074467669,0.052960337461546,0.0447470332412371,0.0365779364811219,0.0289414926842785,0.0221770080598311,0.0164671499038017,0.0118558826446511,0.00828181657614884,0.00561670958382577,0.00370103473632144,0.00237172443454627,0.00148038852974996,0.000903121844874061,0.000542204491849482,0.000329544104203287,0.000300105469490974
"8",0.035169498968869,0.0382727512659966,0.0425456866159895,0.0476457694756137,0.0539551942390665,0.0606136290477165,0.0666462831293929,0.0712370962328136,0.0737753404771166,0.0739056643853999,0.071561489187164,0.0669589541580353,0.0605461928839339,0.0529194221489282,0.0447247725771962,0.0365661466929624,0.0289354629745496,0.0221741089726767,0.0164659935570284,0.0118558380521249,0.00828276649983685,0.00561899917198522,0.00370547929254464,0.00237952875398739,0.00149368151861374,0.000923163174692184,0.000578008725249492,0.000543077820515819
"9",0.0253136045161631,0.0281365668675792,0.0323696936124556,0.0377698997032431,0.044572294880006,0.0520906336605669,0.0594916307327207,0.0659804164637307,0.070850285982218,0.073555442522324,0.0737826580798915,0.0714935232904939,0.0669218600140588,0.0605262593400784,0.052908934512243,0.0447194298626215,0.036563601649937,0.0289345023289168,0.022174206040294,0.0164670983861752,0.0118583427383943,0.00828764982865916,0.00562796169910283,0.00372082154584076,0.00240509384934677,0.00153137108333179,0.000988266170292856,0.000957950639313875
"10",0.0176546840228481,0.0200674660184296,0.0239131617174016,0.0290642775724348,0.0357050879805635,0.0433579206854566,0.0513830059216475,0.059086124944313,0.0657539685752684,0.0707270771849669,0.0734896167883942,0.0737478832819111,0.0714753182831612,0.0669124500156364,0.0605215171614356,0.0529067020481949,0.0447186364508307,0.0365638188074796,0.0289357495420661,0.0221769346447504,0.0164723390458316,0.0118680779605677,0.00830509005287308,0.00565727099773925,0.00376867448075187,0.002474087333682,0.00164658226257573,0.00164647621878869
"11",0.01193983268115,0.0138920634611575,0.0171544715124199,0.0217032060756585,0.0277215495193069,0.0349372676554709,0.0429230093432641,0.051141391220703,0.0589560046117295,0.0656861138470814,0.0706924867485498,0.0734722026225387,0.0737391883518773,0.0714710493575681,0.0669104833383633,0.060520862229331,0.052907007853264,0.0447199932034177,0.0365667449992448,0.0289413508112228,0.0221872667175842,0.0164911038452201,0.0119010754904025,0.00835958796089471,0.00574445585163345,0.00389156997362743,0.00267240990842783,0.0027562508088904
"12",0.00783569058819918,0.00933916648249215,0.0119514454855087,0.0157248698527257,0.0208568452203192,0.0272496947317459,0.0346764856227347,0.0427819447126661,0.0510678300415937,0.0589191431616498,0.065668186340894,0.0706839225944824,0.0734681784865334,0.0737374047804264,0.0714704949050891,0.0669108391411253,0.0605222728575431,0.0529100657304948,0.0447258924439492,0.0365776525653519,0.0289610774782303,0.022222451809455,0.0165518804985438,0.01199970446618,0.00851414187148657,0.00595735295271645,0.00422341685484909,0.00449194832301457
"13",0.00499338912002919,0.00610001947614739,0.0080883508613605,0.0110553889242476,0.0152071607677735,0.0205747755502348,0.0270970474151852,0.0345957297229183,0.0427409766203598,0.0510480291847745,0.058909950712768,0.0656640565350359,0.0706821808723962,0.0734676672649772,0.073737769640266,0.0714718964688074,0.0669139265584779,0.060528341163265,0.0529214136795944,0.0447464994919657,0.0366143146437157,0.0290253210055081,0.0223314195719437,0.0167255468453749,0.0122661413149621,0.00887258834693891,0.00649667229698877,0.00712342594398332
"14",0.00309197122225776,0.00387300452476171,0.00531885607748819,0.00754349001448835,0.0107477855706975,0.0150430571338798,0.0204875495256992,0.0270517276559341,0.0345732555345745,0.0427304578291423,0.0510433782505382,0.058908052325501,0.0656635050921411,0.0706825122036115,0.0734690069365597,0.0737407818709279,0.0714779525981317,0.0669254758096888,0.0605495615541271,0.0529593490968776,0.0448128860769804,0.0367285379402449,0.0292154385940505,0.0226287880911585,0.0171719318815983,0.0128522352186708,0.0097231325289844,0.0109863188412841
"15",0.00186148330621334,0.00239146491355652,0.00339969388182777,0.00499709437495915,0.00736582571157714,0.0106548500721184,0.0149944230782129,0.0204626463402601,0.0270396080248432,0.0345677571915127,0.0427281910050475,0.0510426817842547,0.0589083031398566,0.0656647459109936,0.0706853730564372,0.0734748782355223,0.0737522218813152,0.0714993635200554,0.0669641924218381,0.0606176666448869,0.0530764802934866,0.0450105976582658,0.0370511824984052,0.0297103060737538,0.0233550796632642,0.0181017852856095,0.0141524844122808,0.0164696196196455
"16",0.00109019046889512,0.00143672745004686,0.00211292640733022,0.00321498932078988,0.00489728654006881,0.00731459554214316,0.0106284160576171,0.0149810543535143,0.0204562575583455,0.0270368382324271,0.0345668166012901,0.042728310787012,0.0510437976200337,0.0589109719726937,0.0656703158650908,0.0706964232446496,0.073495963494258,0.0737910020376954,0.071568331789529,0.0670834436567476,0.0608190090068091,0.053409542847607,0.0455429425165572,0.0378510378922553,0.0308569802533207,0.0247850372422448,0.0200261795215729,0.0239846117194552
"17",0.000621399955695424,0.000840155811348772,0.00127737624862219,0.00200978399278204,0.00316043087072597,0.00486980637457788,0.00730061211049667,0.0106214383995395,0.0149778185952068,0.0204550274171509,0.0270367852885669,0.0345677855035024,0.0427307697890695,0.0510490094005276,0.0589214481364545,0.065690624539918,0.0707344293558679,0.0735646176151852,0.0739109584230088,0.0717719664893913,0.0674205561771986,0.0613648641697777,0.0542630209876594,0.0467976485040197,0.0396060885257923,0.0329860039892075,0.0275383890734148,0.0339111842552919
"18",0.000344857197577709,0.000478390893809281,0.00075146664118171,0.00122131564029038,0.00198075838760008,0.00314609844270506,0.00486263298177455,0.00729712107720538,0.0106199680044607,0.0149775825175144,0.0204558325836735,0.027039022706914,0.0345726152184195,0.0427405765001247,0.0510682407011499,0.0589579558762658,0.0657576232042119,0.0708532014823633,0.0737682847299696,0.0742499899289685,0.0723215771555149,0.0682905058246797,0.062693641766337,0.0561716350198841,0.0493989879535727,0.0426708154150117,0.036787645075796,0.0465216570730241
"19",0.000186400349116997,0.00026532923414895,0.000430344519997542,0.000721798621045132,0.00120629023152319,0.00197350825948875,0.00314257177878646,0.00486105145426718,0.00729673935125146,0.0106206076665412,0.0149795867925595,0.0204602621448843,0.0270481076811036,0.0345905918722375,0.0427750772615514,0.0511324057356998,0.0590733913456492,0.0659583000285386,0.071190579454322,0.0743183536092257,0.0751220685084379,0.0736690421900229,0.0702979721976891,0.0655063452423419,0.059901004984495,0.0536575995382465,0.047725730004887,0.0618889399419414
"20",9.81525806021445e-05,0.000143379330736257,0.000239986675762119,0.00041505885479268,0.00071424404801174,0.00120276933514161,0.00197193099254709,0.00314212173020305,0.00486155726998326,0.00729852231691945,0.0106246441559234,0.0149879474353281,0.0204769266326661,0.0270803481853519,0.0346511562819762,0.0428853734062778,0.0513267725201413,0.0594044166580997,0.0665032997189339,0.0720597947377227,0.0756641670926375,0.0771488706963483,0.0766092580905096,0.0743090875176578,0.0706703714199035,0.0656025181388021,0.0601136825395966,0.0797936416374238
"21",5.03611054839889e-05,7.55092646000159e-05,0.000130368930396701,0.000232335433854871,0.000411409043882924,0.000712692819589051,0.0012023349445438,0.00197239501800408,0.00314378866092539,0.00486534958641758,0.00730638200382692,0.0106403113980611,0.015018299118126,0.0205341415484105,0.0271851868840554,0.0348375494531761,0.0432062702697019,0.0518609122581405,0.0602637523126536,0.067841278275179,0.0740790196722185,0.0786224470621381,0.081319096905592,0.0821364690587811,0.0812027214223503,0.0780063839141567,0.0734946157439574,0.0996486178917762
"22",2.51876847182056e-05,3.87726980913257e-05,6.90295236540603e-05,0.000126696354538057,0.000230747101203208,0.00041102622687331,0.000713218188066457,0.00120404962379794,0.00197620379072823,0.00315157212792157,0.00488069501362377,0.00733585830084155,0.0106955556332364,0.0151192520293426,0.0207137452119469,0.0274956487619466,0.0353578351895322,0.0440499588666112,0.0531834817534435,0.0622689082698207,0.0707839490167987,0.0782635741539054,0.0843413724511821,0.0886647484831713,0.0909878131455157,0.0902451973452149,0.0871963327550961,0.120469570299178
"23",1.2295641854177e-05,1.94405557131646e-05,3.56872066140417e-05,6.74392875101511e-05,0.000126301433264665,0.000231300839007941,0.000412761720141042,0.000717003486196018,0.00121169987176354,0.00199115732560154,0.00318009008117646,0.0049338394047295,0.00743259657410444,0.0108673770955781,0.0154165695591027,0.0212139654881907,0.0283120698980885,0.0366476874583209,0.0460196921416329,0.056090127409783,0.0664143184536073,0.0765005914263463,0.0858279932367583,0.0937394035504532,0.0995783240771616,0.101642960207412,0.1003983662655,0.140958940304387
"24",5.88568320908292e-06,9.56515030493869e-06,1.81097154461889e-05,3.52406270462437e-05,6.78821617552585e-05,0.000127844799983582,0.000234701411812088,0.000419657767235967,0.000730523999731911,0.00123756306730521,0.00203950342383411,0.00326839087470116,0.00509130115100265,0.00770644792428781,0.0113311797200786,0.0161800418775568,0.0224327199198853,0.0301944520601851,0.0394555795837747,0.0500612404157304,0.0617007317556643,0.0739256635874949,0.0861270202980543,0.0973892551973364,0.106656833076909,0.111578507252872,0.112262591743328,0.159711565753474
"25",2.75839563179512e-06,4.6130900026761e-06,9.01533810938675e-06,1.8079041325598e-05,3.58506171003468e-05,6.95078272529175e-05,0.000131424041776894,0.000242187695539803,0.000434848090147639,0.000760526262273008,0.00129525432161623,0.00214744948023639,0.00346476730142365,0.00543826337735572,0.00830095959528545,0.0123173085955307,0.0177601274329852,0.0248730646226413,0.0338206322371625,0.0446340122524034,0.0571628707366993,0.0710484536730888,0.0856507279629409,0.0998523019417947,0.112239924548503,0.119850512734494,0.122415709422611,0.176018849364068
"26",1.28576458716507e-06,2.21944684954918e-06,4.48987533499033e-06,9.30381070966148e-06,1.90455303045653e-05,3.81215710126628e-05,7.44486630900758e-05,0.000141791216496831,0.000263302241773367,0.000476625667580178,0.000840819237213483,0.0014450795487466,0.00241869771318001,0.00394076360807247,0.00624684235064332,0.00962829618017204,0.0144186175047612,0.0209611731663496,0.0295559388604851,0.0403897322237727,0.0534589501632791,0.0685036473139155,0.084887987867134,0.101355487547842,0.116214470158273,0.126005740096149,0.130132909936945,0.188564212735327
"27",6.42260111726086e-07,1.14941538415705e-06,2.41631197183643e-06,5.19052428368347e-06,1.0999125818193e-05,2.27811225096902e-05,4.60318870675919e-05,9.07051449247693e-05,0.000174259987427144,0.000326323152754368,0.000595451966903483,0.0010583405419952,0.00183137341917339,0.00308352942877569,0.00504812593908573,0.00802877946168826,0.0123927158963986,0.0185434764529192,0.0268674209796315,0.0376554954156728,0.0510076267301291,0.0667401977697634,0.0842330329150271,0.102148821064943,0.118617339194448,0.129851365192796,0.135027743616254,0.196588665082142
"28",4.13996861777065e-07,7.63598622759558e-07,1.6555664319201e-06,3.65748109513422e-06,7.95619519569458e-06,1.68983318508285e-05,3.49858654679776e-05,7.05822632038818e-05,0.000138726864026474,0.000265571139616597,0.000495016964975896,0.000898059715645026,0.00158496377046006,0.00271951929121737,0.00453303965122613,0.00733340393185111,0.0115017734912667,0.0174679684759484,0.0256573854246,0.0364093622326595,0.0498733655605565,0.0659039830942338,0.0838917439063721,0.10246496365994,0.119672318489261,0.131574713880254,0.137241357030288,0.200235850126873
