"","X0","X1","X2","X3","X4","X5","X6","X7","X8","X9","X10","X11","X12","X13","X14","X15","X16","X17","X18","X19","X20","X21","X22","X23","X24","X25","X26","X27"
"1",0.175352947744844,0.136512492389855,0.120485765958425,0.107348512146093,0.0949827116707879,0.0820538514891965,0.0689195189545516,0.0562083046577549,0.044458334917681,0.0340814389616773,0.0253184642089742,0.0182308555102764,0.012729502096826,0.00862348006471819,0.00567119313646278,0.00362281311373377,0.00224931246010025,0.00135808055932331,0.000797802082060342,0.000456205946612962,0.000254042080175106,0.0001378163337858,7.28679015716777e-05,3.7581259926418e-05,1.89600268790891e-05,9.38407806432422e-06,4.66692999667598e-06,3.09331964650491e-06
"2",0.163302753259586,0.128014458371933,0.114425707726808,0.103697319889539,0.0936055855632101,0.0827040725021325,0.0711877746876153,0.0595841581420634,0.0484180582735975,0.0381609705571125,0.0291610178262839,0.021605467489573,0.0155243086006274,0.0108222850945411,0.00732298499799886,0.00481216465782221,0.00307256545139309,0.00190717999626727,0.00115139541683714,0.000676393420410476,0.000386814789252459,0.000215436099588799,0.000116912284765787,6.18792905496038e-05,3.20454935725477e-05,1.62864129149647e-05,8.32616977657191e-06,5.67753422832363e-06
"3",0.144300518594578,0.114489721995664,0.104574143329867,0.0974870773410634,0.0908863490275337,0.0831759236904611,0.0742963661734273,0.0645953074410049,0.0545419689011715,0.0446641245527873,0.0354481058018942,0.0272614145302728,0.0203174936615476,0.0146786286980176,0.0102842608015012,0.00699105213043961,0.00461338914358625,0.0029569098946041,0.00184173574802284,0.00111535131764439,0.000657062821407916,0.000376730879071318,0.000210352438312423,0.000114514185101717,6.10039563280283e-05,3.18997717830701e-05,1.67952415601253e-05,1.17979313455447e-05
"4",0.12241893501931,0.0986838477753758,0.0926742644163963,0.0894754188232696,0.0866981848581069,0.0826280653734204,0.0769229956878086,0.0696925915214107,0.0612819884525613,0.0522136468117774,0.04307158647809,0.034390676769347,0.0265808711853758,0.0198932580690822,0.0144224992187879,0.0101344543503026,0.00690612833798081,0.00456670248260833,0.00293200977031577,0.00182885399449726,0.00110890461378691,0.000653987475779368,0.000375423390262037,0.000210061981241837,0.000115040168081822,6.18573632062694e-05,3.35175821792684e-05,2.42280296370531e-05
"5",0.100055757613111,0.0822166048154199,0.0797541690950569,0.0800950556997107,0.0809213334796074,0.080476576343156,0.0781568128361727,0.0738012635677594,0.0675577826253208,0.0598513923460668,0.0512770657956828,0.0424745386757755,0.0340209358175993,0.0263587384717819,0.0197638786259641,0.0143494551793432,0.0100944764613962,0.00688491544579255,0.00455579777451258,0.00292660110454448,0.0018263148322535,0.00110788748599869,0.000653872451460658,0.000376066269106338,0.000211754649163769,0.000117098396418628,6.53019205811e-05,4.85522212428095e-05
"6",0.0788918259013003,0.0662709452287806,0.0666423337472186,0.0698001397129271,0.0736273939810052,0.0764272195950595,0.0773972322679181,0.0761120265256149,0.0724700061645994,0.0667056567337155,0.0593164540590618,0.0509489572168978,0.0422785220969676,0.0339071192561136,0.0262945872389205,0.0197288018805589,0.0143308567780777,0.0100849254809146,0.00688019136181405,0.00455360240593711,0.00292575946881112,0.00182632661518345,0.00110865755183987,0.000655689360690809,0.000379786199449618,0.000216083850403137,0.000124052583940939,9.48467362775272e-05
"7",0.060069686288596,0.0517141770455144,0.0540497745727028,0.0591181591591947,0.0651132922650142,0.0705018972983546,0.0743778870724159,0.0761004280145893,0.0753077583075657,0.07197824248657,0.0664095736506428,0.0591416209333454,0.0508481091378171,0.0422218709750456,0.0338761940020507,0.0262782075647379,0.0197204034288859,0.0143267204304463,0.0100830332193797,0.00687951919307306,0.00455372159732583,0.00292667143309923,0.00182834872096907,0.00111260082899785,0.000663320551643153,0.000388521256863319,0.00022969860453642,0.000180561960622421
"8",0.0442075765819328,0.0390875429935012,0.0425326751233734,0.0485964081872003,0.055851564468509,0.0630135933318328,0.0691797488272049,0.0735792014423756,0.0756285347167753,0.0750323414702025,0.0718193001792459,0.0663192181176144,0.0590912622095203,0.0508207098209095,0.0422073708325153,0.033868761458158,0.0262745573264633,0.0197187609205635,0.0143261965205355,0.0100832706823323,0.00688054089824967,0.00455597175630906,0.00293099126640822,0.00183639586088217,0.00112773877552386,0.000680435246109368,0.000414439340238609,0.000334891645512885
"9",0.0314714231061736,0.0286290371545231,0.0324643369771154,0.0387319123295603,0.0464005328649102,0.0544851219947924,0.0621841525645472,0.0687005217768734,0.0733095204852402,0.0754785379141387,0.0749495223928951,0.0717740260785445,0.06629484272047,0.0590784132640655,0.0508141249271105,0.042204137854958,0.0338673247300513,0.0262741529625907,0.0197191080065496,0.0143273603969546,0.0100856869430554,0.00688526447809069,0.00456471277392865,0.00294688939610074,0.00186560319433967,0.00116036134355782,0.000728417207643321,0.000604954161219081
"10",0.0216903399410717,0.0203286745234406,0.0240307982945196,0.0299111241872022,0.037304961416191,0.0455370123845623,0.0539777081313497,0.0619030575309769,0.0685498617390297,0.073229837548195,0.0754365752766416,0.0749275246668996,0.0717626085108345,0.0662890284913489,0.0590755626937399,0.0508128682599701,0.0422038260185829,0.0338677539774068,0.0262754514247666,0.0197217504946475,0.0143323624390936,0.0100951368059621,0.00690240630370822,0.0045952658710284,0.00300174160816444,0.00192609586699611,0.00124670944835647,0.0010639561453133
"11",0.0144842145114591,0.0140005603934393,0.0172500819927138,0.0223744073042026,0.0290130619232262,0.0367740224875393,0.0452335830009563,0.0538159954841058,0.0618204367434459,0.0685083964140447,0.0732090959663034,0.0754261988275684,0.074922363473006,0.0717601079074216,0.0662879370344601,0.0590753218234731,0.0508133424333329,0.0422052108200362,0.0338706020341233,0.0262808300942979,0.0197316594351237,0.0143507063164447,0.0101278415645327,0.00695955672462726,0.00469551565332421,0.00311081948430407,0.00207705589012226,0.00182107426236453
"12",0.00937873981289452,0.0093567195312154,0.0120093214124363,0.016210562318464,0.0218262043025473,0.0286950013516821,0.036596351869087,0.0451420908551717,0.053771337753099,0.0617991935584362,0.068498350255737,0.0732043395691989,0.0754239744221082,0.0749214163763105,0.0717599218107727,0.0662884206260534,0.0590767244720544,0.0508163011017875,0.0422109114981733,0.033881121875344,0.0262998952462098,0.0197663186484971,0.0144114395130212,0.0102318673267765,0.00713778075708337,0.00488666172024102,0.00336701934730792,0.00303201266828971
"13",0.00589312178882669,0.00607095752044218,0.00811047193208474,0.0113772934255108,0.0158856277285276,0.021640421223459,0.0285930503446949,0.0365453635670993,0.0451182232689675,0.0537605723297827,0.0617944072917136,0.0684962474306252,0.0732034897945257,0.0754238263859408,0.0749218848585796,0.0717612796191817,0.0662913644698363,0.0590825663013012,0.0508273077496074,0.0422309245033758,0.0339168463874674,0.0263636617871739,0.0198760731040994,0.0145956155489809,0.0105399017842006,0.00746307887835924,0.0053083710076522,0.0049080499679835
"14",0.00359591143741443,0.00382614444672657,0.00531512468243117,0.00773771533006682,0.0111901402681709,0.0157797984571068,0.0215830990509921,0.0285650546699982,0.0365327325110151,0.0451128140683812,0.0537583392062389,0.0617935643335653,0.0684961099705639,0.0732039288809598,0.0754251016148031,0.0749247071187738,0.0717670416018461,0.0663025287389026,0.0591032738938977,0.0508644270060021,0.0422961476055105,0.0340310722060431,0.0265566116186334,0.0201930781354487,0.0151128614317499,0.011077085914338,0.00813559186815488,0.00771999393226433
"15",0.00213216110100221,0.00234340686378909,0.00338136306435409,0.00510164119230059,0.00763292368058741,0.0111313721242028,0.0157482512813096,0.0215679751180063,0.0285584457088586,0.0365300533640632,0.0451118408115597,0.0537581642317232,0.0617939611573173,0.0684972894685652,0.0732065717018817,0.0754306075531778,0.0749356531214626,0.0717878689190118,0.0663405649749801,0.0591704255920485,0.0509804480133857,0.0424953166214239,0.0343609122216756,0.0270867320026461,0.0210362783621143,0.0159727979800333,0.0121148257239433,0.0117921480445756
"16",0.00122922255176142,0.0013954632633185,0.00208916446723519,0.00326253188362995,0.00504459370114669,0.00760113657980144,0.0111144084176663,0.015740237803408,0.0215645821248125,0.0285571843139183,0.0365297714779399,0.0451121739936005,0.0537592457673299,0.061796410122728,0.0685024498893603,0.0732170147584348,0.0754509337638117,0.0749736383930031,0.0718561023134571,0.0664590572328387,0.0593714763226202,0.0513183775290017,0.0430433188278506,0.0352216227196193,0.0284200207873381,0.0223692315711547,0.0175198757589125,0.0174807536643004
"17",0.000689373814926583,0.000808277579632836,0.00125416806730784,0.00202483429515054,0.00323234173178879,0.00502786765444265,0.00759224858307775,0.011110272747547,0.0157385752533227,0.0215641192332783,0.0285574214939732,0.036530749015499,0.0451144330523703,0.0537640390275656,0.0618062083566722,0.068521820192719,0.0732539469108118,0.0755186684495696,0.0750931733528182,0.0720600130796774,0.0667983772997493,0.059929192054877,0.0522027509956428,0.0443990496491815,0.0372645261143823,0.0304179732289694,0.0245933777914009,0.025132200973645
"18",0.000376241099118165,0.000455554788673895,0.000731877323590781,0.00122028201871952,0.00200930944636484,0.00322379630612574,0.00502335475705183,0.00759021238460313,0.0111095861267493,0.0157386825956949,0.0215649774389295,0.0285594898300249,0.0365351767057774,0.0451235418737945,0.053782217987611,0.0618413589894399,0.0685874589838952,0.0733719978818504,0.075723107222611,0.0754352978297268,0.0726175830852693,0.0676932820772656,0.0613146006762766,0.0542725858114144,0.0474288242329134,0.040155801998154,0.0334943945322584,0.0350194059960953
"19",0.0001998924663476,0.000249919677489981,0.000415341591529829,0.000714505545087485,0.00121253266642512,0.00200508878319528,0.00322161230489706,0.00502247858929844,0.00759017489841173,0.011110307213932,0.0157405482233061,0.0215690324354158,0.0285678913139555,0.0365520612265825,0.0451564998035704,0.0538445752208325,0.0619553784003925,0.0687884099267057,0.0737131456066636,0.0762824571655391,0.0763268175910258,0.0740127852566372,0.0697983231977796,0.0643744178260319,0.0586161967549778,0.051460813006882,0.0442382187348464,0.0472605745722406
"20",0.000103403940469565,0.000133492083704697,0.000229310816352697,0.000406677478832387,0.000710764769357832,0.00121054981244736,0.00200415480037247,0.00322146154431043,0.00502306657306271,0.00759184068858602,0.0111139983801036,0.0157482567090887,0.0215846176312869,0.0285985161368162,0.0366105183388225,0.045264677370312,0.0540381260080477,0.0622893365134445,0.0693435253245635,0.0746036687228649,0.077668492285624,0.0784384597150277,0.077111960381607,0.0741727051377146,0.070384951641171,0.0640224604334242,0.0566389158253034,0.0617320909372808
"21",5.20899895006267e-05,6.94396034279661e-05,0.000123212971160045,0.000225121447795082,0.000404966916434909,0.000709959808934545,0.00121038494006376,0.00200468112569147,0.00322302004985505,0.00502654176177322,0.00759909170932902,0.0111286394551964,0.0157770235036595,0.0216396328997861,0.0287008126685099,0.0367950788490678,0.0455869013509305,0.0545810688337243,0.0631709443499516,0.0707242492752099,0.0766978520009462,0.0807682458077253,0.0828540265637884,0.0831500658167726,0.0821846579990638,0.0773334420854622,0.0702666689661443,0.0779921792500951
"22",2.55605472515667e-05,3.51909476902094e-05,6.44689946697483e-05,0.000121292352315125,0.000224478276590539,0.000404907593304323,0.000710536783406476,0.00121198955059212,0.00200819506389059,0.00323024373423898,0.00504094202960752,0.00762709473260783,0.0111817854919948,0.0158753860902735,0.0218169120425436,0.0290112858469376,0.0373219922992294,0.046450970791576,0.0559474258862718,0.0652542824445034,0.0737957740775825,0.0811046118450083,0.0868457510932541,0.0908847636387871,0.0934128715492233,0.0907114291929706,0.0844372724430974,0.0952425846605808
"23",1.22317242847646e-05,1.73988443131629e-05,3.2901200273231e-05,6.37262741056818e-05,0.000121317833531215,0.000225114272766134,0.000406536235888336,0.000714042261679756,0.00121912027276962,0.00202227803190414,0.00325740617663175,0.00509214139461569,0.00772136149995582,0.011351151967914,0.0161718962487763,0.0223216779948821,0.0298446011373111,0.0386521502379537,0.048498860531617,0.0589857843669778,0.0696055095324116,0.079841397825209,0.0891651774625741,0.0971179634826936,0.103496548347691,0.103376169433239,0.0982754779575088,0.112390057450521
"24",5.73328876240917e-06,8.4318596474981e-06,1.64609018485276e-05,3.28292111619137e-05,6.43042404912824e-05,0.000122782334037301,0.000228257910517546,0.000412951801227366,0.000726755784636369,0.00124371748490925,0.00206878161508803,0.00334329392337793,0.00524699387039529,0.00799364327094942,0.011817405688682,0.0169479056101927,0.0235737412603364,0.0317971693678385,0.0415872901882604,0.0527454105694981,0.0649027304311976,0.0775761397698046,0.0901181502522652,0.101787778434178,0.111982548366451,0.1145750989782,0.11085478575687,0.128218907829175
"25",2.62716686204577e-06,3.99940780974432e-06,8.0658675683209e-06,1.65762103953917e-05,3.34372744510777e-05,6.57638748639268e-05,0.000125995300725095,0.000235070634879413,0.000426986620929764,0.000754895143807632,0.0012986199965408,0.00217296318725199,0.00353541687058901,0.00559096636339315,0.00859071497836194,0.0128203169511602,0.0185740899711827,0.0261119473359788,0.0356006922639099,0.047050062594106,0.060265911200361,0.0748563645337472,0.0901216313271583,0.105096507703292,0.118810138666143,0.124017240239264,0.121727327320174,0.142085670995095
"26",1.19365499210746e-06,1.88714900739134e-06,3.94239314318221e-06,8.37139650813972e-06,1.74397945772149e-05,3.54344556099349e-05,7.01696248827012e-05,0.000135403716703468,0.000254567181800002,0.00046620638510198,0.000831467127070108,0.00144365534803046,0.00243931687519711,0.0040092767136327,0.00640661294511861,0.00994666746441959,0.0149923553435124,0.0219174013922662,0.0310434496704948,0.042556879316902,0.0564271488009429,0.0723688449764551,0.0896744068077805,0.107222345584681,0.123749663863768,0.13111084742452,0.130052881024622,0.152812163568261
"27",5.78457200016255e-07,9.54867740365873e-07,2.07481609224816e-06,4.56849081764489e-06,9.86056467586996e-06,2.07541145702257e-05,4.25726049775366e-05,8.50954747329849e-05,0.000165714598153561,0.000314337651708437,0.0005806100557923,0.00104390558046263,0.00182609465468724,0.0031061405206254,0.00513388329315288,0.0082378410683005,0.0128188593959454,0.0193193506393976,0.0281600659788931,0.0396464341152473,0.0538648081069206,0.0706140190691012,0.0891968113622334,0.108400247075524,0.126771758660276,0.135572664440798,0.135360779553538,0.159699214788436
"28",3.63121477382361e-07,6.21847017868759e-07,1.39539190936077e-06,3.1624792878662e-06,7.01558206358781e-06,1.5162520057321e-05,3.19107778519264e-05,6.5387669882706e-05,0.000130430080701192,0.000253214955927054,0.000478304413410065,0.000878736824001538,0.00156943721696847,0.00272330383776969,0.00458756489222207,0.00749519194581182,0.0118626259211377,0.018162261637256,0.0268597167205097,0.0383159580094543,0.0526736352103184,0.06977422483123,0.0889294226879232,0.108887257275674,0.128108481225369,0.137580220625264,0.137768527245537,0.162836465053967
