"","X0","X1","X2","X3","X4","X5","X6","X7","X8","X9","X10","X11","X12","X13","X14","X15","X16","X17","X18","X19","X20","X21","X22","X23","X24","X25","X26","X27"
"1",0.136501564415961,0.132325517207238,0.123747055087779,0.111289788883664,0.0982677468591673,0.0853374832226693,0.0724819064269594,0.0599745858358777,0.0482446103733726,0.0376908954440977,0.0285853295209796,0.0210447848367002,0.0150427268471748,0.0104435157124132,0.00704536285393519,0.0046207774965982,0.00294785669057586,0.00183019969497903,0.00110637689509669,0.000651506610178144,0.000373878222542831,0.00020917616606505,0.000114143750837746,6.07893949298785e-05,3.16460926920007e-05,1.61920439491475e-05,8.50382021502459e-06,6.07959335132449e-06
"2",0.127493295331246,0.124211839205862,0.11728014797874,0.106982334317965,0.0961676595711299,0.0852431148646874,0.0740459011518514,0.0627542724190321,0.0517635973313297,0.0415026177789414,0.0323223627947548,0.0244453580996903,0.0179543696555032,0.0128091934693882,0.00887973200944705,0.00598387373405054,0.0039215908959637,0.0025005589004264,0.00155203854132985,0.000938097286653292,0.000552401467846481,0.000317031633938029,0.000177416367479574,9.68821992953699e-05,5.17163983318821e-05,2.71469515761277e-05,1.46583200280113e-05,1.07913235132314e-05
"3",0.113237854095329,0.111288346836902,0.106827492853118,0.0998044091527003,0.092379188934503,0.0845944844906393,0.0760665968616661,0.0668125565181861,0.0571493267297115,0.0475215288859045,0.0383764163618966,0.0300832509069624,0.0228884864567516,0.0169040298842555,0.0121216159218516,0.00844280642455932,0.00571418183532405,0.00375976898240506,0.00240609492768332,0.00149835023723234,0.000908374803738922,0.000536381985470085,0.000308660755913764,0.000173247167891095,9.50447324594018e-05,5.12949161071671e-05,2.8537896013999e-05,2.16704448233789e-05
"4",0.0967282494858368,0.0961639888277502,0.0943084798588981,0.0908026622087334,0.087094237838813,0.0828631462375939,0.0774925953428361,0.0707990636956531,0.0629662807438151,0.0544002551414546,0.045603680595051,0.0370732066450673,0.0292221846533459,0.0223359516551956,0.0165599133653033,0.0119136480623535,0.00832082543934033,0.00564472259405347,0.00372135869143152,0.00238546879157326,0.00148761354754091,0.000903005524304657,0.000533900089703127,0.00030778631347137,0.000173417091664419,9.61668364857749e-05,5.50899005123249e-05,4.31008222178032e-05
"5",0.0797271469685075,0.0803751031986716,0.0808490513712505,0.0805753426627357,0.0803819643278987,0.079659047142382,0.0775895033137282,0.0737759928486972,0.068217313573751,0.0612069958706225,0.0532267774043835,0.0448389880168618,0.0365873774828277,0.0289217814694372,0.0221553917530911,0.0164544905037442,0.011853873852331,0.00828791835594754,0.00562714261165506,0.0037122700644248,0.00238097767223995,0.00148560991700568,0.000902436799869529,0.000534337134618982,0.000309224655645083,0.000176220522045595,0.000103955448776835,8.3765056849523e-05
"6",0.0634886772372414,0.0650452494630153,0.0673263263638485,0.069663760507425,0.0724210155658362,0.0748122368645219,0.0758875771508746,0.075054447888729,0.0720960486423948,0.0671237671103099,0.0605085125834463,0.0527896017913107,0.0445714305675561,0.0364276145934069,0.0288288743054103,0.0221028393265367,0.0164256023865045,0.0118384603169527,0.00827996662829779,0.0056232390825064,0.00371057735731393,0.00238061202377595,0.00148627616799388,0.000904223286798848,0.000537697956554762,0.00031504347178671,0.000191457727775317,0.000158863631875752
"7",0.0488905055488321,0.0510023617939601,0.0544610638869046,0.0586176531625879,0.0635441514898797,0.0684049520168475,0.0722064418401554,0.0742119909530928,0.0739931350924286,0.0714355464708798,0.066719695464331,0.0602655925071793,0.0526463577652573,0.0444887958746455,0.036381096130623,0.0288033754711907,0.0220892631473259,0.0164186212247587,0.0118350654209387,0.00827855144297713,0.00562305283063251,0.00371143782908005,0.00238275776982377,0.00149028763300637,0.000911149879838176,0.000549200276561034,0.000343997195222885,0.000293899881039357
"8",0.0364365935906095,0.0387690808020869,0.042790460741559,0.0479552264728978,0.0541988632612212,0.0607488185752812,0.0666609285212179,0.0711304522275557,0.0735593951660259,0.0736046208211488,0.0712079751614311,0.0665883603651482,0.0601909966767338,0.0526047772962423,0.0444661295850574,0.0363690643373664,0.0287972080735282,0.0220862945247604,0.0164174440319273,0.0118350434466158,0.00827957758537628,0.00562548762822526,0.00371610468492507,0.00239092877645397,0.00150396111647669,0.000933213560010034,0.000602776919139008,0.00053021605097909
"9",0.0263000358972086,0.028583432013552,0.0326538136452581,0.0381140160873267,0.0448776545925626,0.0523163577983742,0.0596154970290192,0.0659879580846947,0.0707388390594359,0.0733362679980003,0.0734795903139342,0.0711388094187841,0.0665505736632759,0.0601706666811405,0.052594064837424,0.0444606640050114,0.036366460502512,0.0287962343420175,0.0220864207779892,0.01641863192742,0.0118377168628629,0.0082847498307843,0.00563487267884836,0.00373211747044271,0.00241714233853257,0.00154515964360325,0.00102977043572141,0.000932482064263554
"10",0.0183988259028342,0.0204494335619554,0.0242010112927165,0.0294122827079881,0.0360424370406563,0.0436487309442587,0.0515998721859959,0.0592045741097075,0.0657579540257249,0.0706133204057467,0.0732690533444869,0.0734440342121584,0.0711201812702477,0.0665409390101591,0.0601658094182172,0.0525917818257777,0.0444598649236769,0.036366713927255,0.0287975726741965,0.0220893283033511,0.0164242032276265,0.0118479970289801,0.00830296409180346,0.00566536891430903,0.00378103229184555,0.00249204549068394,0.00171458044518715,0.00159808742245369
"11",0.0124837216166271,0.0142033291331419,0.0174206125045032,0.022030276018621,0.0280624078811016,0.035263590242901,0.0432073584520746,0.051354412793446,0.0590719911988959,0.0656885411395499,0.0705778235411057,0.073251151879336,0.0734350916289385,0.0711157935638228,0.0665389249222901,0.0601651542763956,0.0525921310442289,0.0444613218283787,0.0363698311670872,0.0288035209548212,0.0221002783725975,0.0164439615959184,0.0118823689385069,0.00835949737060546,0.00575421894178781,0.00391357996213259,0.00278130960709254,0.00266779942409187
"12",0.0082208673962459,0.00958179103012803,0.0121808023318708,0.0160139872857452,0.0211776122174053,0.027582655826711,0.0349983590241237,0.0430637204594305,0.051279237693531,0.0590341288539879,0.0656700468868156,0.0705689674866495,0.0732469909707931,0.0734332560333691,0.0711152402258432,0.0665393292940196,0.0601666743710509,0.0525953935161377,0.0444675872103748,0.0363813827337593,0.0288243657024578,0.0221372209207353,0.0165071046060335,0.011984375983353,0.00851653725247242,0.00598238791408086,0.00439385677193586,0.00433612000093982
"13",0.00525775968486906,0.0062814144281831,0.00827478340958824,0.0112975719904223,0.0154912897905283,0.0208901556661997,0.0274270913826023,0.034915964553379,0.0430217438152228,0.0512588212773259,0.0590245963770805,0.0656657511715455,0.0705671605102098,0.0732464765497512,0.0734336704479621,0.0711167578319595,0.0665426351155433,0.0601731297558082,0.0526074150565133,0.0444893519918687,0.036420008061428,0.0288916253405439,0.022250136087624,0.0166861888253345,0.0122543135717188,0.0088983618456092,0.00675728063998264,0.00685854482119659
"14",0.00326789973489177,0.00400338302686911,0.00546286689350932,0.00773672553808646,0.0109863147396789,0.0153236661770132,0.0208010969149634,0.0273807729826771,0.0348928867304433,0.0430108622314414,0.0512539765636559,0.0590226140855279,0.0656651867982423,0.0705675373750253,0.0732479334166881,0.0734369103437763,0.0711232217999016,0.0665548895752099,0.0601955517291121,0.0526473709965147,0.0445590840101324,0.0365392492100908,0.0290881139780437,0.0225558844033432,0.0171371511649005,0.012874980123406,0.0101122640675204,0.010551605389335
"15",0.0019750466716052,0.00248173445601528,0.00350595320562077,0.00514451517120649,0.00755654316762024,0.0108911660372668,0.0152739234328569,0.0207756088332352,0.027368307111658,0.0348871853852846,0.0430084957341362,0.0512532548819957,0.0590229023500373,0.0656665401553036,0.0705706268946117,0.0732542253608271,0.0734490858694286,0.0711458801308701,0.0665956883383631,0.0602670797571109,0.0527700298393918,0.0447648783535182,0.0368718252786499,0.0295954473627533,0.023287566478569,0.0181163118492648,0.0147196003625584,0.0157805775302412
"16",0.00116133686904739,0.00149703686512385,0.00218810207072183,0.00332284812102804,0.00504305836582103,0.0075039694902767,0.0108640840936462,0.0152602252759837,0.0207690315310704,0.027365434426031,0.034886210096894,0.0430086434508416,0.0512544744880857,0.0590257927002937,0.0656725303264467,0.0705824292229048,0.0732766004399532,0.0734900116074948,0.0712183530110053,0.0667205641724895,0.0604772678821947,0.0531156787215188,0.0453121426925848,0.0376894535105978,0.0307474354308255,0.0247852049167391,0.0208323846635661,0.0229296955568136
"17",0.000664683629893881,0.00087909621663164,0.0013285197680716,0.0020856484648015,0.0032672569752915,0.00501478908922195,0.00748962005063527,0.0108569296408987,0.0152568967588937,0.0207677650615986,0.0273654019815023,0.0348872726311836,0.0430113114443001,0.0512600937009368,0.0590370164597251,0.0656941485309123,0.0706226376538837,0.073348843107151,0.0736156943616821,0.0714309434242608,0.0670713670521095,0.0610420333607773,0.0539906931241705,0.0465910144236217,0.0394478071276287,0.0329656579788194,0.0286555170076211,0.0323513409737757
"18",0.0003704426338786,0.000502722496019671,0.000785003299865253,0.00127272039332298,0.0020560019023101,0.00325247605409088,0.00500741733386916,0.00748604288887919,0.0108554282954958,0.0152566783096174,0.0207686548714536,0.0273678337483055,0.0348924889678616,0.0430218420668233,0.051280620885897,0.059075746839414,0.0657648083578659,0.0707472430470761,0.0735615855422193,0.0739685258139477,0.0720010099038718,0.0679686638915578,0.062400569038081,0.0559304217964524,0.0491901580932529,0.0426250855394709,0.0382952475482433,0.044294560440857
"19",0.000201102700018868,0.000280059408641584,0.000451581743555139,0.00075541289709719,0.00125733607708671,0.00204850650793552,0.00324885005398476,0.00500580708045859,0.00748567924358204,0.0108561459106696,0.0152588622763662,0.0207734463588296,0.0273776061659766,0.0349117178678475,0.043058533640668,0.0513484622538413,0.0591971042219735,0.0659746929680087,0.0710985556421934,0.0741322012193772,0.0748700489542622,0.0733864259839574,0.0700152871153086,0.0652507947279931,0.0596465372368549,0.0535842712260177,0.0497054601016525,0.0588195104158418
"20",0.000106369604507329,0.000152028241034714,0.000252995134734479,0.000436305135632917,0.00074766002496375,0.00125368960563746,0.00204689159314846,0.00324841633580577,0.00500638577305764,0.0074876283939579,0.0108605187080111,0.0152678675913551,0.0207912995698539,0.0274119593312475,0.0349758931775485,0.0431747501948708,0.0515521382738063,0.059542224610273,0.0665403880404485,0.0719972690909298,0.0755187312223734,0.0769471904056581,0.0763753464739161,0.0740680017915658,0.0703824997267732,0.0655030380089448,0.0626409195602726,0.0757115943796711
"21",5.48297718194611e-05,8.04392466271068e-05,0.000138087385526146,0.000245334845067408,0.000432554159321216,0.000746056876445081,0.00125326530710655,0.00204742432772396,0.00325024009101134,0.00501049393790519,0.00749609426863501,0.0108773091755474,0.0153002326664862,0.020851999431755,0.0275226031501404,0.035171562784305,0.0435098482585885,0.0521071580183942,0.0604312112380928,0.0679190666073686,0.0740703567010672,0.0785404564761136,0.0811740085086583,0.0819434074563602,0.0808997690407492,0.0778860447986804,0.0766276815265035,0.094412463944001
"22",2.75540007525383e-05,4.15039653457416e-05,7.34729683790753e-05,0.000134409205865806,0.000243707995181891,0.000432175117804524,0.000746648298838915,0.00125513395887252,0.00205153997680888,0.00325860724175673,0.00502691569499964,0.00752749812388696,0.0109359012338944,0.0154068080318237,0.0210406982126083,0.027847181534792,0.0357128188803932,0.044383376130098,0.0534705566714765,0.0624900927873543,0.0709295112203777,0.0783302552254972,0.0843195999206375,0.0885519847087705,0.0906910015643535,0.090112234966823,0.0909645300803141,0.113994282282293
"23",1.35179046012985e-05,2.09146554372246e-05,3.81762798115211e-05,7.18909946851793e-05,0.000134024504075253,0.000244323376611771,0.000434059630067351,0.000750730588331538,0.00126334529542933,0.00206752239016569,0.0032889618525723,0.00508324900830847,0.00762961001304184,0.0111164823209426,0.0157178817721884,0.0215616381237336,0.0286934275341055,0.037043659220079,0.0464069901067946,0.0564448627366887,0.0667162951246923,0.0767297952381203,0.0859515342330067,0.093731174120283,0.0993073474331859,0.101506707548037,0.104792225437542,0.133239652557462
"24",6.50477870291809e-06,1.03448873966908e-05,1.94755367576208e-05,3.77581753837787e-05,7.23909456740676e-05,0.000135700327375206,0.000247992305907455,0.000441465658086375,0.000765189458009371,0.00129088952835979,0.00211880033655681,0.00338223330549958,0.00524888358135607,0.00791645026743444,0.0116001525024844,0.0165104585269205,0.0228210375417371,0.030629767991471,0.0399196080070632,0.0505297917466458,0.0621465834504885,0.0743138250795857,0.0864008696602958,0.0974963976430845,0.106425534508398,0.11144716015216,0.117230117723905,0.150834616373261
"25",3.06569240681734e-06,5.0174322024186e-06,9.75040535543307e-06,1.94769366837034e-05,3.84375238046525e-05,7.41693901242695e-05,0.000139591528586966,0.00025608740793185,0.000457806426998944,0.000797300208265532,0.00135232569987492,0.0022331815250633,0.00358928230211928,0.00561287259821661,0.0085369800581443,0.0126241687886603,0.0181428454548961,0.0253295332660322,0.0343395180755874,0.0451938006977826,0.0577325972865837,0.0715809340896209,0.0860673423528578,0.100074382078741,0.11205553377061,0.119729891888144,0.127883227838382,0.166120879276324
"26",1.43814520832345e-06,2.42958732619293e-06,4.88746673814664e-06,1.00862203191393e-05,2.05457831131883e-05,4.09250051888172e-05,7.95475200821209e-05,0.000150810123152438,0.000278806348940928,0.000502510087841741,0.000882752770358408,0.00151093240474497,0.00251882087577068,0.00408791125971295,0.00645545750361679,0.00991286411681596,0.0147909221370102,0.021426681118673,0.0301100732749611,0.0410147624944052,0.0541225588427278,0.069149977656975,0.0854209145414774,0.101674248686774,0.116073399717693,0.12589727862726,0.135985873609499,0.177872584073614
"27",7.23785119182013e-07,1.26771658578344e-06,2.64988648435279e-06,5.66717276565174e-06,1.19473465480336e-05,2.46193444997606e-05,4.95006418282881e-05,9.70717496991498e-05,0.000185618306237479,0.000346004840915657,0.00062854604019459,0.00111227635210514,0.00191645024811894,0.00321317149838317,0.00523852063407092,0.00829747778688116,0.0127558534461165,0.0190116658795666,0.0274409965649325,0.0383199173867691,0.0517304374200677,0.0674603821581707,0.0848430792613888,0.102533032947163,0.118507215979465,0.129752476635294,0.141127652318634,0.185385776651996
"28",4.69565105238552e-07,8.47474919011694e-07,1.82651421431021e-06,4.01564749975796e-06,8.68731837880112e-06,1.83514077943454e-05,3.77947179385034e-05,7.585954565562e-05,0.000148357512756317,0.000282629473881609,0.00052431540093483,0.000946796973976841,0.00166336540237497,0.00284124713253446,0.00471500303507656,0.00759449556284708,0.011860103857265,0.0179365604193969,0.0262389576664843,0.0370910332631756,0.0506228176285477,0.0666579747377571,0.084537549535172,0.102879888384717,0.119577140197092,0.131480671921805,0.143453621115057,0.188799618587644
