"","X0","X1","X2","X3","X4","X5","X6","X7","X8","X9","X10","X11","X12","X13","X14","X15","X16","X17","X18"
"1",0.0644412883254969,0.0632021312746954,0.0736621279803715,0.0797171541874384,0.0827367724585485,0.0824859211901808,0.0798029118554501,0.0751799080850398,0.0691742361852015,0.0622082301042895,0.0546600078352123,0.0468956632724908,0.0392687422623515,0.0321061497217831,0.0257123586694551,0.0204198412048018,0.0165494086364001,0.0146461376172039,0.0171310091335811
"2",0.0568021742995265,0.056103070896406,0.0660531921740087,0.0725013377229698,0.0765739905976214,0.077929048978046,0.0771334108961075,0.0744526362689156,0.0702380681521228,0.0647700890676924,0.0583453376038592,0.0513034381414575,0.0440182513254751,0.0368754646824149,0.0302754699513766,0.0246930982454139,0.020611484143555,0.0188204210615657,0.0225000157914575
"3",0.0468567457117152,0.0467935429825529,0.0559624030811316,0.0627590508478351,0.0680228969860296,0.0713096487971914,0.07286965787282,0.0726989466540267,0.0708897033724787,0.0675289351664155,0.0627845960012968,0.0569314182080565,0.0503385670134287,0.0434432820850982,0.036759488969708,0.0309574675653607,0.0267568258633599,0.0253235718193303,0.0310132510021558
"4",0.0370672045556507,0.0375232616582244,0.0457350388388671,0.0526098883709654,0.0587487809866969,0.0636646064859482,0.0673557690949945,0.0695974161787348,0.0702469785003291,0.0691940057125966,0.0664490350027712,0.0621769981746489,0.0566921155065168,0.0504391927041144,0.0440218090718982,0.0383170157288796,0.0343174321577191,0.0336586845868537,0.042184766683582
"5",0.0283351363815064,0.0291319020207084,0.0362712491530217,0.0429019842610724,0.0494584392849407,0.0554791110574067,0.0608077749037023,0.065080216583555,0.067978409684339,0.0692196009249954,0.0686487906081189,0.0662858893848923,0.0623381423356862,0.0572022355798253,0.0515295281923593,0.0463952138088359,0.0430818619944211,0.043772110603016,0.0560824032375885
"6",0.0209753493365114,0.0219383613898731,0.0279542187934998,0.0340565873534336,0.0405785161413791,0.0471391388400695,0.0535223404630015,0.059311229955916,0.0640870727255684,0.067442208115409,0.069072597568022,0.0688395325035085,0.0668053458829548,0.0632670833623221,0.0588767470773099,0.0548868668157161,0.052869916789227,0.0556149526148035,0.0727619342714661
"7",0.0150467252808396,0.016034116863849,0.0209421574301363,0.0263129081898779,0.0324260462019727,0.0390139412323689,0.0458760719167755,0.0526191954380183,0.0588007818003243,0.0639501881058489,0.0676542279771991,0.0696285099750396,0.0697759795375539,0.0682578635743671,0.0656842177949793,0.063457368053248,0.0634234290816702,0.0690128017922403,0.0920834697536825
"8",0.0104630024463246,0.011376017699835,0.0152512705376771,0.0197826678936516,0.0252251075169077,0.0314334653773677,0.0382721015017603,0.0454280277003643,0.0525027683418601,0.0590289215427482,0.0645404635492728,0.0686446962557882,0.0710972509732228,0.0719097287929788,0.0716203781796415,0.0717528505562724,0.0743971447667602,0.0836307337269266,0.113643402640632
"9",0.0070548687535435,0.00783732350594206,0.0107991432603588,0.0144737135762881,0.0191036432372402,0.0246565876872419,0.0310848687158669,0.0381887068702189,0.0456642192479478,0.0531070708130114,0.0600605035426765,0.0660774647929889,0.070801689018058,0.0741055382198084,0.0764434559683105,0.079436291746586,0.0853793907018793,0.098972641096282,0.136752879245742
"10",0.00461533202153686,0.00524649522447001,0.0074400339748957,0.0103127038492263,0.0140966916001991,0.0188507019815441,0.0246166640126234,0.0313183065202857,0.0387755091758486,0.0466918201669048,0.0546763200556322,0.0622868641153355,0.0691056286491396,0.0748965571279191,0.0800368825151786,0.0862281554929805,0.0959293730117038,0.11441059592286,0.160465364581708
"11",0.00293344370046168,0.00341798038654623,0.0049961225262761,0.00717046945630241,0.0101596306264529,0.0140869850940383,0.019071531259582,0.0251528640581723,0.0322828255352073,0.0402979431541244,0.0489150188018819,0.057749770844936,0.0663767875178311,0.0744945670970224,0.082424424528409,0.0919401122864354,0.105624596470597,0.129244567395678,0.183660359260038
"12",0.00181680110960997,0.00217456978670184,0.00328316092401004,0.00488741962264632,0.0071885514908462,0.0103496038988551,0.0145474522612827,0.0199186078102441,0.0265381089143256,0.0343805913752822,0.0432927481760421,0.0529857636234678,0.0630731617708876,0.0732327201046702,0.0837585618647755,0.0964937085535614,0.114111020515568,0.142787531683075,0.205179916514141
"13",0.00110367086032238,0.0013611512523006,0.00212890676464826,0.00329562810255709,0.00504314850057509,0.007554312728934,0.0110441663164202,0.0157225728253291,0.0217680478003251,0.0292820251215944,0.0382432876907909,0.0484762346616152,0.0596644127878289,0.0715018345522058,0.0842833221947309,0.0999197727764736,0.12114701851855,0.154462634771431,0.223997851773361
"14",0.000666786564079385,0.000850928078611132,0.00138412868961997,0.0022354735487297,0.00356811399910649,0.00557137216464102,0.00848213168557089,0.0125607559559599,0.0180648244674518,0.0252005820614408,0.0340649064966658,0.044593842943923,0.0565534499625404,0.0696770790638083,0.0842806329916366,0.102339176045556,0.126631483532125,0.16389065846024,0.239383673288288
"15",0.000411501921543366,0.000546024445293245,0.000927247260973327,0.00156627138507285,0.00261048907185295,0.004248485783291,0.00672760798505715,0.0103398290882296,0.0153977977443985,0.0221861204620456,0.0308957260223002,0.041558014934407,0.0540172313025411,0.0680538917415079,0.0840146050837399,0.103930447613651,0.130608687330713,0.170943907308882,0.251016113514494
"16",0.000270744670815324,0.000374432582161946,0.000664062048978098,0.0011710833137978,0.00203124076943732,0.00342973292588704,0.00561774723889784,0.00890515208433058,0.0136393773494981,0.0201577584355799,0.0287178509551954,0.039422227588024,0.0521776335212271,0.0668071849102657,0.0836877289407913,0.104894081903909,0.133251627907891,0.175756940190388,0.259023392662918
"17",0.000198963875322114,0.000285369043823302,0.000524743842671542,0.000957547302222388,0.00171206817227712,0.00297016946213075,0.00498381233004398,0.00807191810354151,0.0126015340253725,0.0189414100031664,0.0273904614374751,0.038097205552455,0.0510106939540705,0.0659850859422826,0.0834204088147629,0.105421120973813,0.134823277806181,0.178681524542652,0.263922684815731
"18",0.000166946578234278,0.000245094316845366,0.000460791171458786,0.000858002847465519,0.00156110457033674,0.00274982554840785,0.00467595810759256,0.00766234695058476,0.0120854122794463,0.0183295736551464,0.0267150109868655,0.0374145218379341,0.0504002327343524,0.0655440192368909,0.0832595546930758,0.105667611251161,0.135609633822474,0.180168370596512,0.266425988815211
"19",0.000156647660610982,0.00023202303284903,0.000439833938186605,0.000825061099418169,0.00151068787740941,0.00267560765995235,0.00457143403811352,0.0075222346879179,0.0119075693990937,0.0181172581741524,0.0264789511148113,0.037174120277682,0.050183291593708,0.0653849565154638,0.0831979750157671,0.105749108163036,0.135881690399112,0.180687985491197,0.267303563861515
