"","X0","X1","X2","X3","X4","X5","X6","X7","X8","X9","X10","X11","X12","X13","X14","X15","X16","X17","X18"
"1",0.0504140852020272,0.0694071674505898,0.0923205846707857,0.112257985959807,0.1239473778013,0.124049298650718,0.113372125866702,0.0953599255242755,0.0743169178661008,0.0539666633769045,0.0366777309726865,0.023411805863663,0.0140789647326012,0.00799902626301873,0.00430413348234629,0.00219796035423809,0.00107288502256259,0.000515797348328435,0.000329563591340399
"2",0.0360125960917888,0.0516756654164699,0.072974385467823,0.0949104989107593,0.112278748488653,0.120428996316035,0.117871907054793,0.106026076813036,0.0881933478648379,0.0682038179857243,0.049257049419651,0.0333448053627377,0.0212273832922855,0.0127444945357302,0.00723466043681498,0.00389286534569281,0.00200278747538079,0.00101945715287782,0.00070045656890386
"3",0.0207702876048221,0.0320001975270718,0.0497338447061203,0.0715684053572273,0.0934628193889018,0.110253807772719,0.118120883848588,0.115686726168199,0.104218734512674,0.0868477133672904,0.0672793050839765,0.0486626383773068,0.0329865693006376,0.0210245926249649,0.0126365028002727,0.00718361418220971,0.00390230573569519,0.00210556276742779,0.00155548887389089
"4",0.0102116748535762,0.017263148786429,0.0301020110891052,0.0485956533579106,0.0708241113376118,0.0927290969191622,0.10957104923478,0.117572525312187,0.115296748676786,0.10396855479184,0.0866989461842873,0.0671954031315117,0.0486179500153406,0.0329644188362341,0.0210156427829855,0.0126429683870017,0.00726303329312972,0.00416055728985704,0.00330650572026064
"5",0.00437744458793713,0.0082455970067935,0.0162697645292509,0.0295972754732096,0.0483504348846129,0.0706203897997563,0.0925577707191739,0.109447456700551,0.117493686081354,0.11525167094876,0.103944853481432,0.0866870475398452,0.0671898649747176,0.048616292653691,0.0329681888073458,0.0210448186044895,0.0128200239430659,0.007819966956666,0.00669745230734262
"6",0.00165138765773184,0.00350320668910435,0.00784384495278105,0.01609380427358,0.0295340783990771,0.048304027706204,0.0705833469741873,0.0925332718291405,0.109433169770076,0.117486184667445,0.115248073100675,0.103943227848217,0.0866866911137691,0.0671918584697668,0.0486286260795981,0.0330406222674247,0.0214148410624863,0.0139630640826942,0.0129166730560369
"7",0.00055076990542029,0.00132544351560545,0.0033680149377812,0.00779180379965695,0.0160804133686824,0.0295251891951154,0.0482970443071667,0.0705791383593917,0.0925310569065331,0.109432095500925,0.117485721629275,0.115247999750984,0.103944132954609,0.0866923972281946,0.0672219404343043,0.048795188917961,0.033783030918146,0.0236551576241109,0.0236934607461322
"8",0.000162722408922616,0.000446481202807246,0.00128657814301806,0.00335459619376284,0.00778942945933639,0.0160789534905954,0.0295240126867162,0.0482964105584947,0.0705788497477087,0.0925309307899788,0.109432077788806,0.117486024667734,0.115250330263111,0.103957478149428,0.0867604163861074,0.0675811940557999,0.0502246710845583,0.0379745607322807,0.0412842821908287
"9",4.25845174693149e-05,0.000133743710510919,0.000436817343291679,0.00128352362830178,0.00335424029142211,0.00778921861791809,0.0160787708400813,0.0295239263783494,0.0482963789407674,0.0705788416502717,0.0925310034238669,0.109432793512219,0.11749114326692,0.115279258274757,0.104101215930572,0.0874873036970693,0.0702162172545797,0.057701399504916,0.0682416192167118
"10",9.85279035600506e-06,3.55523093060851e-05,0.000131654564189605,0.000436200961562788,0.0012834782036158,0.00335421274694674,0.00778919203087949,0.0160787598646845,0.0295239237377656,0.0482963879781007,0.0705790037012144,0.0925324840417797,0.109443227694301,0.117549541198394,0.115562919717988,0.105479646543726,0.092121958433425,0.0829097463795176,0.106882257102244
"11",2.00812424480768e-06,8.36088789205687e-06,3.51596152861156e-05,0.000131544545618933,0.000436196011585144,0.00128347489680817,0.00335420917425874,0.00778919083627163,0.0160787609308247,0.0295239466847723,0.0482967127911627,0.0705818681180938,0.0925523008588364,0.109552965478163,0.11807170740465,0.118010523790542,0.113230468198634,0.112594980324404,0.158465621327948
"12",3.58586296145199e-07,1.7321173735554e-06,8.29697411032213e-06,3.51423705670331e-05,0.000131544086947026,0.000436195653005876,0.0012834745064198,0.00335420949875158,0.00778919520272854,0.0160788141685535,0.0295245742265314,0.0483019474899749,0.070617062844223,0.0927445322706621,0.110449701999801,0.122139823451143,0.130297084736918,0.144545135311073,0.222261174504916
"13",5.56879777743266e-08,3.14311338594633e-07,1.7231820942929e-06,8.29462674161795e-06,3.51423353780506e-05,0.000131544062871073,0.00043619575255281,0.00128347603037771,0.00335422285545176,0.00778931982247059,0.0160800107467575,0.0295337561776895,0.0483609768361856,0.0709327568430137,0.0941853381178564,0.11678476864762,0.140560944471521,0.175651194812909,0.294869964679189
"14",7.44870201357942e-09,4.95832588419377e-08,3.13250931290117e-07,1.72290880054884e-06,8.29462768167082e-06,3.51423777059307e-05,0.000131544576864229,0.000436200675172383,0.00128351523949039,0.00335452303899996,0.00779165225905484,0.0160959352444772,0.0296291895810699,0.0488531312685838,0.0731137604592522,0.103455080614756,0.142883298272426,0.202686782096409,0.37023985647636
"15",8.47432910021257e-10,6.7338299589975e-09,4.94781503749405e-08,3.13224938603137e-07,1.72292101123302e-06,8.29478281715605e-06,3.51440001165669e-05,0.000131558809156656,0.00043630652073943,0.00128422856364104,0.00335917859952248,0.00781952387452666,0.0162478711508191,0.0303687162120711,0.0519930693818303,0.0859151557332428,0.138406874217122,0.223311283368752,0.440680701580277
"16",8.06940903981377e-11,7.77458193177877e-10,6.72536564783347e-09,4.94774585228157e-08,3.13248659227663e-07,1.72322945067037e-06,8.29807766253577e-06,3.51732341384632e-05,0.000131776650776926,0.000437723842518595,0.00129273869576085,0.0034057734330584,0.0080531056578514,0.0173144556763474,0.0346730393288978,0.068712661470171,0.130175052758049,0.236828894236907,0.498929213398772
"17",6.29972794772919e-12,7.50866984539782e-11,7.76950921036301e-10,6.72642488207575e-09,4.95020115900387e-08,3.13634753477018e-07,1.72793535626549e-06,8.34352218672123e-06,3.55298246766044e-05,0.000134133727057184,0.00045152385465489,0.00136479735624782,0.00374587246616809,0.00951811882358861,0.0229258681080319,0.0553632319834281,0.121782196653888,0.244241241975305,0.540427043047881
"18",3.93478904311595e-13,5.95875137335195e-12,7.53707525886241e-11,7.82042046965463e-10,6.80184194259465e-09,5.04696649096243e-08,3.24016994549363e-07,1.82007331047899e-06,9.02378076933371e-06,3.9782360977529e-05,0.000157416141690793,0.000564521841996397,0.00185834374638046,0.00571812456175027,0.0165915604483091,0.0474187027959404,0.115952417389025,0.247488752376324,0.56419915233126
"19",2.74733501533718e-14,5.45053775453997e-13,8.66154954905296e-12,1.1082085455643e-10,1.17639850630915e-09,1.0600674901763e-08,8.23616569581654e-08,5.5719913549805e-07,3.30291035892541e-06,1.72499117871574e-05,8.02260866660235e-05,0.000335162107955379,0.00127127462665279,0.00444422082983118,0.0143177107084561,0.0443803776976805,0.113520257791376,0.24846445437959,0.573165111491724
