"","X0","X1","X2","X3","X4","X5","X6","X7","X8","X9","X10","X11","X12","X13","X14","X15","X16","X17","X18"
"1",0.0653948127469162,0.0764164395975575,0.0781666561761249,0.0769788322038694,0.0757410264172215,0.0744201715494792,0.0723111137085118,0.0689990208469916,0.0644846747259885,0.0590154503348997,0.0529314709555889,0.0465856788449179,0.0403066698615698,0.0343753944827956,0.0290032109700186,0.0243472460932041,0.0205150018415356,0.0181416689292648,0.0218654597135356
"2",0.0590363118857821,0.0692583860227814,0.071400331517622,0.0711354938167782,0.0710046022574611,0.0708953182969712,0.070084119826912,0.0681073351895315,0.0648843947157343,0.0605775600727171,0.0554618540559813,0.0498560535153843,0.0440858942593255,0.0384536618527954,0.0332043351645605,0.0285364344481906,0.0245986447862922,0.0222162934893299,0.0272029748258406
"3",0.0505659631127504,0.0596856172141267,0.0622754556702086,0.0631418301454335,0.0643795169018995,0.0657890035406607,0.0666389693780613,0.0664138735561881,0.064932474121337,0.0622446306697031,0.0585331695840711,0.0540609733492494,0.0491367534821135,0.0440769085100599,0.0391566701128322,0.0346167609139487,0.03064968612796,0.028358539828598,0.0353432037807885
"4",0.0419152592211942,0.0498481516397558,0.052774277508495,0.0546335459870517,0.0570915971151243,0.0598893888306473,0.0623150664287398,0.0638228336479818,0.0641432647398827,0.0632156251375365,0.061122259215096,0.0580540647158116,0.0542817562002433,0.0501122783933786,0.0458258564945504,0.041681664413912,0.0378944873272268,0.0358917034472448,0.0454869195361181
"5",0.0338250695629289,0.0405754381437897,0.043670524454112,0.0462608927002288,0.0496404496625318,0.0535286161148896,0.0572648081219842,0.0603041205463932,0.062315836718767,0.0631455976696578,0.0627791715360161,0.0613263749035221,0.0589998755194061,0.0560686208549557,0.0527826788517922,0.0493824178101287,0.0460680411110271,0.0446196612160677,0.0574418045017915
"6",0.0266177982295007,0.0322392537106884,0.0353325080767202,0.0383643666002482,0.0423258318511979,0.0469510094625856,0.0516595644890381,0.0559402741899696,0.0594347126841751,0.0619218573813472,0.0633057760346006,0.0636158053315791,0.0629930471667158,0.0616419863998388,0.0597445590608686,0.057477614730563,0.0549790842425068,0.0543955971838974,0.0710593531739493
"7",0.0204384745506942,0.0250195372420148,0.0279634512539278,0.0311668543436761,0.035385344502993,0.0403962104208492,0.0457211427560073,0.0509120511971039,0.0556180192731198,0.059584567450207,0.0626584211401204,0.0647997363299038,0.066074200657381,0.0666020558612389,0.0664616278070174,0.0657192475362572,0.0643965424088399,0.0650050461845537,0.0860774690840851
"8",0.0153211777288101,0.0189748388694205,0.0216595412118216,0.0248117017754947,0.0290110648654423,0.0340962743917353,0.0397033648426715,0.0454700006461796,0.0510852250846796,0.0562962877762964,0.060923282007653,0.0648778379290237,0.0681567681328521,0.0707857032950105,0.0727108266285089,0.073844109772236,0.0740362842864131,0.0761467535706623,0.102088957185079
"9",0.0112217407045838,0.0140756082585444,0.0164343152235001,0.0193734770366631,0.0233456186342604,0.0282584113441901,0.0338646765421737,0.0399015777733186,0.0461241410616601,0.0523139946408336,0.0582972542677105,0.0639636662334436,0.069256533472151,0.074106683655014,0.0783098482731188,0.0815882934665664,0.0835734008407277,0.0874416085612751,0.118549150010256
"10",0.0080433973898973,0.0102303976568383,0.0122379254072534,0.0148662376513726,0.0184779461902831,0.0230484869243057,0.0284411492566865,0.0344969121018197,0.0410539119398797,0.0479542581413661,0.0550598935038059,0.0622667128822599,0.0694853540270799,0.0765606718666974,0.0831315278147576,0.0887080439400114,0.0926665243231101,0.0984590388398738,0.134811610142692
"11",0.00565941636355012,0.00730965139859208,0.00897598001782947,0.0112538596252715,0.0144432156366443,0.018579622065722,0.0236239339756622,0.0295166702908721,0.0361863483512822,0.0435523428818541,0.0515352173857708,0.0600616911553012,0.0690317926189502,0.078219590966487,0.0871123913035907,0.0950013095789642,0.100989753926107,0.108757804110365,0.150189408347175
"12",0.0039320032462293,0.00516626933393894,0.00652724668164101,0.00846204142987393,0.0112271101635591,0.0149070320230746,0.0195434233991922,0.025165372217739,0.0317897657415805,0.0394196463853573,0.0480473209765358,0.0576478547279712,0.0681298130900492,0.0792145777609309,0.0902530926798819,0.100326543208414,0.108268106320003,0.117936757420639,0.164036023193379
"13",0.00272642630657368,0.00365162110870329,0.00475874088267285,0.00639054856702842,0.0087734374129469,0.0120289056371105,0.0162612652912813,0.0215729925926573,0.0280599050133403,0.0358054626853473,0.0448764983919588,0.0553047737692481,0.0670206409847035,0.0797104470359102,0.092610774657823,0.104615822123883,0.114310906944676,0.125687606762533,0.175833223831595
"14",0.00192021181216466,0.0026266188636307,0.00353744611626139,0.00492464383558633,0.00699400028323498,0.00989277305662379,0.0137708192290426,0.0187871835565246,0.0251023884595356,0.0328696180164228,0.0422239788173113,0.053253200210851,0.065915536076618,0.0798769904655701,0.0942849737580185,0.107879421583659,0.119035778787753,0.131838000754325,0.18526641631686
"15",0.00140808346382895,0.00196837155424248,0.00273872248398262,0.0039452144475158,0.00577987563184139,0.00840656687834906,0.0120059256667825,0.0167773267381305,0.0229298334891414,0.0306712841124425,0.0401925449682366,0.0516294434554227,0.0649676945928763,0.0798634357761175,0.0953998564263503,0.110199914896963,0.122476277930354,0.1363729398865,0.192266687600915
"16",0.00110337506376822,0.00157295229806787,0.00225131790819513,0.00333665444229172,0.0050122676306722,0.00745183069794654,0.0108551230483105,0.015447810320845,0.0214719468300136,0.0291738190806267,0.0387847582537025,0.0504767883178194,0.0642580675671413,0.0797811347929482,0.0960869650199205,0.111718039074147,0.124772889828207,0.139431507429258,0.197012752396112
"17",0.000937469756487288,0.00135593317973985,0.00198034954020685,0.00299338571042069,0.00457328158360258,0.00689894400098649,0.0101808898705147,0.0146601319365779,0.0205986316324935,0.0282664986278738,0.0379207274872563,0.0497569059646541,0.0637986049987457,0.0796977266650748,0.0964704458064657,0.112610114876449,0.126144517477617,0.141273174009779,0.199882266875049
"18",0.00085962207661656,0.00125348844709666,0.00185120919757013,0.00282803991056592,0.00435971046296282,0.00662752206020985,0.00984712323310882,0.0142670890710385,0.0201594307012583,0.027806513482334,0.0374787509073209,0.0493842721900566,0.0635551342524622,0.0796434963134759,0.0966532584080713,0.113052736454017,0.126833251364692,0.142203404695646,0.201335946771491
"19",0.000833743554952849,0.00121930300601629,0.00180785498513701,0.00277216135790023,0.00428708622856994,0.00653471018487204,0.00973240447551576,0.0141313337545453,0.0200070030370317,0.0276460882804745,0.0373237696340354,0.0492526786851567,0.0634679785210123,0.0796220457122835,0.0967145658850551,0.113205095827791,0.127072109447544,0.142527200021974,0.201842867400128
