"","X0","X1","X2","X3","X4","X5","X6","X7","X8","X9","X10","X11","X12","X13","X14","X15","X16","X17","X18"
"1",0.0602924156261846,0.0619127594270267,0.0716212115425492,0.0768624876859764,0.0801181152269541,0.080693482855189,0.0787871412753653,0.0748518027822917,0.0693909868704234,0.062861145455651,0.0556693708465741,0.0481904172265499,0.0407770332206573,0.0337641538488301,0.0274806170965843,0.0222640136156094,0.0184624341147462,0.0168327318297742,0.0191676794530552
"2",0.0533743393337437,0.0551436050821323,0.064387942596605,0.0700169960993322,0.0741664803755764,0.0761133472858656,0.0758893085077531,0.0737438748072145,0.0699904945294226,0.0649389205543344,0.0589030212671579,0.0522174109779549,0.04524276089939,0.0383648567557053,0.0320042722892071,0.0266275598848693,0.0227347970243755,0.0213538900099809,0.0247861217193712
"3",0.0443295593448407,0.046238452176704,0.054774806325695,0.0607694292319064,0.0659289044083616,0.0695231197545602,0.0713968742785271,0.0715581384394154,0.0700832150625972,0.0670867286122794,0.0627445215991522,0.057314459273069,0.0511414153095892,0.0446564198894363,0.0383902670483681,0.0329836620801017,0.029153307166805,0.0283338436273817,0.033592876371201
"4",0.0353658678525327,0.0373252206888286,0.044997198290655,0.051124065721909,0.0570217672381421,0.0620000923279006,0.0657690606270939,0.0681386067531494,0.0689727659413031,0.0681928029702011,0.0658166577886907,0.061990171062255,0.0570011780401895,0.0512900271163862,0.0454789632167473,0.0403885725393197,0.0369779297232454,0.037173282321231,0.0449757697802112
"5",0.0273003611098194,0.0292033781592746,0.0359071457019812,0.0418791833987706,0.0481202856721024,0.0540280964263585,0.0592505141010461,0.0634718119612678,0.0663994819286036,0.0677906232013606,0.067505688586788,0.0655541077676295,0.0621262985903663,0.0576279634708881,0.0527396374827399,0.048449623339342,0.045965103480362,0.0477656175202197,0.0589150781010712
"6",0.0204326503878481,0.022186188552605,0.0278727912811573,0.0334299054388038,0.0396211381036293,0.0459672617834363,0.0521226270804889,0.0577224474414818,0.0623857456697731,0.0657530220540987,0.0675484946475844,0.0676398349857201,0.0660931224509116,0.0632410565359845,0.0597867267020648,0.0568642492713729,0.0559186243121563,0.0600217764930164,0.075392336807858
"7",0.0148366698369542,0.0163753146782167,0.0210533998724798,0.0260020200774576,0.031814204426788,0.0381508576544833,0.0447254286987875,0.0511914606130199,0.0571481401218045,0.0621776492440219,0.0659077531649055,0.0680810346425784,0.0686327714527624,0.0677987694458144,0.0662745091763366,0.0653136103229156,0.0665744570177739,0.0737334893785643,0.0942084601743268
"8",0.0104553277883431,0.0117454053830992,0.0154759991989613,0.0197043879534173,0.0249035180832269,0.0308731699157118,0.0374178213266574,0.0442596258992747,0.0510377421168915,0.0573361899486335,0.0627382284051874,0.0668974966304291,0.0696340602000467,0.071082194789451,0.0719111585775731,0.0734684257353175,0.0775905931492351,0.0885414901367111,0.114927164761824
"9",0.00715294322095805,0.00818988128638776,0.0110744957308582,0.0145508872504459,0.0190067016609828,0.0243648544966085,0.0305324192226248,0.0373300630193358,0.0444812621274809,0.0516251550931531,0.0583556852061617,0.0642861653685925,0.0691555166175599,0.073011297133288,0.0764924419053672,0.0810194969717135,0.0885663147937291,0.10393918825265,0.136865230642094
"10",0.00475433217524931,0.00555609733496137,0.00772137868614302,0.0104805994070627,0.0141583588500225,0.0187761950815747,0.0243389097743886,0.0307760281175506,0.0379210928429667,0.045507921253194,0.0531903651443382,0.0605930099188368,0.0674185487839648,0.0736577540223042,0.0799288703478626,0.0877119097313451,0.0990767712768535,0.119304784206187,0.159127073045186
"11",0.00307491445055031,0.0036739182439904,0.00525609709916858,0.0073801277981712,0.0103214221846876,0.014172792894236,0.0190212599245968,0.0248998736558026,0.031759865779293,0.0394519458960468,0.0477258242164438,0.0562624181402632,0.0647743316347097,0.0732329360928662,0.0822548567585361,0.0933729974269781,0.108716748005893,0.133960766269436,0.180686903528323
"12",0.0019418018453784,0.00237714105604149,0.00350876951010542,0.00510605367392909,0.00740444618943873,0.0105427030611637,0.0146698993081046,0.0199071006307786,0.0263160991287049,0.0338693421157853,0.0424311723428895,0.0517701144028234,0.0616469548255275,0.0720496563407356,0.083615254599785,0.0979276820700497,0.117147196847762,0.147255332797849,0.20051327925314
"13",0.00120611437264927,0.00151731607919479,0.00231766838035242,0.00350471033146441,0.00528120506549848,0.0078115854546391,0.0112870684120918,0.0158966750231818,0.0217959023567424,0.0290694441445088,0.037697850047351,0.0475512994646892,0.0584628962273386,0.0704642495588094,0.0842311944896692,0.101398108623776,0.124136622067786,0.158652940401343,0.217717149498907
"14",0.000747916353398242,0.000970674400251816,0.00154014323103066,0.00242744273096684,0.00380936628347978,0.00586195798236742,0.00880204341226216,0.0128665781572658,0.0182834658546973,0.0252306970256114,0.0337926744234627,0.0439387621851126,0.0555822407780786,0.0688122082533103,0.084353363859729,0.103888099169009,0.129588322588868,0.167813799403551,0.231690243907541
"15",0.000475872394013506,0.000639733754601167,0.00105779804767473,0.00174080842239326,0.00284613082160951,0.00455314601610026,0.00709241660938118,0.0107317896179735,0.015750251780701,0.0223959897847799,0.0308362143299981,0.0411245283888679,0.0532479451496353,0.0673534552368839,0.0842148364898309,0.105556550920353,0.133546111221728,0.17464058906583,0.242195831947639
"16",0.000323641782539117,0.00045124123783541,0.000777062746190554,0.00133169219099869,0.00225916698844933,0.0037383718735943,0.00600622048117784,0.00934865167240559,0.014077357283539,0.0204880709382136,0.0288067857778106,0.0391497971326587,0.0515620641466549,0.0662387590226204,0.0839948282971653,0.10658763762079,0.136179637690015,0.179284495424765,0.249394517692572
"17",0.000245001088622057,0.000352379165891191,0.00062711928677978,0.00110891888343825,0.0019336689480218,0.00327871782481804,0.00538341188054592,0.00854319234220845,0.0130884443666234,0.0193434070016981,0.0275706489168469,0.0379268798991158,0.0504958794255031,0.0655063718484609,0.0838022539590693,0.107163195572545,0.137747795974136,0.182099432839807,0.253783280775864
"18",0.000209566554954607,0.000307307538076853,0.000557808666736525,0.0010044456420851,0.00177894949642002,0.00305746141530796,0.00508005062920206,0.00814643023306978,0.01259601927251,0.018767349548358,0.0269418339679916,0.0372975284345845,0.0499392558805337,0.0651143960732007,0.0836830771878241,0.107437240774293,0.138533304909431,0.183528042170195,0.256019931605221
"19",0.000198092360813511,0.000292601254537904,0.000534992473782857,0.000969738319917255,0.00172711217589615,0.00298274524562212,0.00497684983928538,0.0080105095355946,0.0124261936751796,0.0185673774648058,0.0267221036141783,0.0370760530332027,0.0497416828755309,0.064973242446699,0.0836368703756342,0.107529011639092,0.138805283201494,0.18402676968132,0.256802770787409
