"","X0","X1","X2","X3","X4","X5","X6","X7","X8","X9","X10","X11","X12","X13","X14","X15","X16","X17","X18"
"1",0.0710463493411652,0.0735433291179588,0.0756856268740709,0.0764773995437004,0.0756292020264211,0.0742870943300362,0.0720751344817942,0.0687191907931304,0.0642311302760036,0.0588291566175769,0.0528272384956677,0.0465632640645178,0.0403575645221572,0.0344853734200913,0.0291583124285613,0.0245419931522733,0.0209469245936129,0.0199075432765348,0.0206881726447174
"2",0.0641819343643916,0.0667256863714739,0.0692234346364455,0.0707334215390188,0.070936214712063,0.0707873635289182,0.0698618561011293,0.0678250822034714,0.0646090506257547,0.0603520566916112,0.0553068579188494,0.0497785596312051,0.044083864035845,0.038517133751795,0.03332196497541,0.0287052533409968,0.0250647421509271,0.0243284120944244,0.0256571113262609
"3",0.0550316820795093,0.0575985324455148,0.0604967440938162,0.0628684821248424,0.0643695564881044,0.0657192401994092,0.0664432599379174,0.0661391203208056,0.0646397915219984,0.0619780149602851,0.0583197537313794,0.0539164792550048,0.0490672790151198,0.0440779958436169,0.0392206618972576,0.0347447315335243,0.0311621659776543,0.0309863377964481,0.0332201707777827
"4",0.0456768716670534,0.0482032676481158,0.0513906118371295,0.0544852411101,0.0571415683806498,0.0598656581723627,0.0621594970941279,0.0635731491867952,0.0638524348302695,0.0629262511963154,0.0608658262506326,0.0578535089448352,0.0541503881177768,0.0500505974267998,0.0458299467973094,0.0417576512073588,0.038456043494224,0.0391419151253654,0.0426195715127697
"5",0.0369165820652224,0.0393285479005271,0.0426419613610668,0.046220976862483,0.0497455751064472,0.0535550604323684,0.057161371564678,0.0600984260220523,0.0620508774213543,0.062859839394973,0.0625053753484481,0.0610918428517681,0.058822782095295,0.0559525886854665,0.0527265682204206,0.0493977077983792,0.0466781800428644,0.0485793662372963,0.0536663705888801
"6",0.0291002738201395,0.0313305671761698,0.0346047593102835,0.0384109407367363,0.042477523623445,0.0470277930878832,0.0516163455709523,0.0557946515292808,0.0592188009518727,0.0616677329385418,0.0630443511862289,0.0633753570668274,0.0627933477799639,0.0614868305712565,0.0596334823432601,0.0574267655896331,0.0556363465764808,0.0591382524475328,0.0662158776935023
"7",0.0223871740333276,0.0243848749889738,0.0274779709256756,0.0312765576397852,0.035572604154345,0.0405194970254386,0.0457410789578293,0.0508372981188786,0.0554700276761849,0.0593876840526155,0.0624390922680377,0.0645838237991118,0.0658793159930736,0.0664283551932017,0.0663061465491386,0.0656010045466594,0.0650993628254521,0.0705864634585287,0.0800216677937328
"8",0.0168172963221786,0.0185524032724462,0.0213597705279,0.0249623024673675,0.029221868856516,0.0342588999983056,0.0397841587869404,0.0454705855619053,0.0510176554959708,0.056176914330955,0.0607723250590978,0.064715813503881,0.0679953618912169,0.070617206859732,0.0725258392417631,0.0736617236182173,0.0747833357559023,0.0825994096469814,0.0947071288027135
"9",0.0123461838223594,0.0138102781704187,0.016269761989997,0.0195457248897099,0.0235683160344712,0.0284511071871355,0.0339996604545356,0.039975798100471,0.0461423054172741,0.052285187477453,0.0582347126053658,0.0638804364796354,0.0691551032263277,0.0739674178785681,0.0781127478839854,0.0813490925049642,0.0843635681945618,0.0947695305481527,0.109773067134605
"10",0.00887217026226823,0.0100760768105131,0.0121664880351475,0.0150450106392477,0.0187024875685301,0.0232613511066084,0.0286207728200242,0.0346379922837263,0.0411562422761644,0.0480211176772745,0.055097724286999,0.0622799610946642,0.0694649528095678,0.0764717651709736,0.0829397856057746,0.0884223258498416,0.0934985808783783,0.106634534257473,0.124630660566815
"11",0.00626054331142918,0.00723001559721593,0.00896477172133748,0.0114286119175198,0.014662026690802,0.0188035129300084,0.023837483485179,0.0297144375569997,0.0363656043939964,0.0437123806826539,0.0516765960021897,0.0601801225888664,0.0691054784764673,0.0781964268141849,0.0869410461254334,0.0946807839693922,0.101861870536136,0.117721060712904,0.138657226487275
"12",0.00436383495705691,0.00513430526473728,0.00655224000534348,0.00862662420120706,0.0114354933556194,0.015134612604659,0.0197805976505966,0.0254081063746298,0.0320348030480336,0.0396640898734466,0.0482871663680109,0.0578707821655448,0.0683013507837111,0.0792648928800669,0.0901127029961029,0.0999826693320252,0.109177381280452,0.127599038324808,0.15126930853394
"13",0.0030370873496093,0.00364838661410544,0.00480361206307879,0.00654254445345234,0.00896948402075047,0.0122551817395585,0.0165133289831715,0.021849087668762,0.0283576271855351,0.0361211959378752,0.0452030790004516,0.0556231194246458,0.0672847477920665,0.0798338171278981,0.0925063067074321,0.104258407124113,0.115253113421125,0.135938212468421,0.16200166091794
"14",0.00214789371059511,0.00263962716458618,0.00359199932573791,0.00506440279755356,0.0071780949138356,0.0101151050540104,0.0140311994187043,0.0190863697091817,0.0254395407004632,0.033241381823802,0.0426212639888399,0.0536516936375446,0.0662596137971131,0.0800658134466324,0.0942158613609661,0.107515759624,0.120005460158426,0.142554327223769,0.170574592144232
"15",0.00158190485612232,0.00198992322826547,0.00279722127722181,0.00407479352852013,0.00595395003333588,0.00862425998643225,0.0122702695302717,0.0170913464585829,0.0232943882385448,0.031083754459083,0.0406428334444212,0.0520895286702723,0.0653746237472694,0.080105129143561,0.0953611419495826,0.109834579835778,0.123467198913438,0.147432074847117,0.176931077852174
"16",0.00124454227516769,0.00159863908850192,0.00231096438874465,0.0034588322677995,0.00517898010742179,0.00766548001003099,0.011120953954248,0.0157705921160064,0.0218539807950586,0.0296132904457696,0.0392711411398212,0.0509796720409183,0.0647094534017078,0.0800610086060537,0.0960711721590149,0.1113532570133,0.125778744778959,0.150721575294933,0.181237720116537
"17",0.00106057961423976,0.00138343402066472,0.00204005879152964,0.0031108905954172,0.00473529916764673,0.00710974184227916,0.0104470609655153,0.014987592053947,0.0209906881356865,0.0287219705376966,0.0384289581207206,0.0502861102415663,0.0642777078034873,0.0800017752263034,0.0964696117110429,0.112246485665288,0.1271596789161,0.152702184981735,0.183840171609129
"18",0.000974160006923813,0.00128168387047795,0.00191074425723142,0.00294311541884187,0.00451926781672485,0.00683673293765959,0.0101132664710248,0.0145966929160687,0.0205563599773947,0.0282699623203877,0.0379980449872747,0.0499269586941186,0.0640485733275348,0.0799601838884651,0.0966604036910663,0.112689994178487,0.127853234905766,0.153702561817443,0.185158058517105
"19",0.000945410944188019,0.00124769587387778,0.00186728828675046,0.00288637775747372,0.00444576905640251,0.00674333783721285,0.00999849541160297,0.0144616363528974,0.0204055866389822,0.0281122895089238,0.0378469187705476,0.0498000966431689,0.0639664789116886,0.0799432244628581,0.0967245802602433,0.112842728810452,0.128093798651907,0.154050767065639,0.18561751875518
