"","X0","X1","X2","X3","X4","X5","X6","X7","X8","X9","X10","X11","X12","X13","X14","X15","X16","X17","X18"
"1",0.0930828872595024,0.0811618376437907,0.0918720100734552,0.0911085362740219,0.0888982488211008,0.0845049827634173,0.0789724300525213,0.0723530880753195,0.0646933152087219,0.0562638908209051,0.0474876024254784,0.038871262909031,0.0308622502221765,0.0237853943300615,0.0178513761038744,0.0130520926135844,0.00973865601298215,0.00679699898149132,0.00864313940855823
"2",0.0809653440824804,0.0713168912848916,0.0819480086825395,0.0831286193661589,0.0832981612248086,0.0815530500325539,0.078541123426489,0.074119128929429,0.0682117806217322,0.0610197500180067,0.0529535091668967,0.0445578856546689,0.0363645784021077,0.0288097599610995,0.0222372029463173,0.0167225163011489,0.0128870491649508,0.0092273110342344,0.0121383296994797
"3",0.0653947190700309,0.0585303512016217,0.0688261592874265,0.0722151771419975,0.0751806014386597,0.076670631858182,0.0768703119849975,0.0753941647152777,0.0719888542354656,0.0667208724608636,0.0599304610512559,0.0521593671177469,0.0440077077266365,0.0360319045352823,0.0287479617677078,0.0223377746336895,0.0178667053661999,0.0131615932902807,0.0179646811166708
"4",0.0503890776270279,0.0459950714274961,0.0555989687353226,0.0606498171986637,0.065871045800316,0.0701732959564958,0.0733745565783747,0.0748827697595289,0.0742522521424895,0.0713610744744303,0.066400113316668,0.059823097934157,0.0522239752160515,0.0442267392290809,0.0365053608536954,0.0293286748672816,0.0243654350544273,0.0184597795668017,0.0261188942616841
"5",0.0373642442797514,0.0348758075140415,0.0434592022461304,0.0494052865217548,0.0560416395999924,0.0623644882439375,0.0679731205850985,0.0721471156881002,0.0742744325973626,0.0740228024682127,0.0713709990999193,0.0665972517168616,0.0601940225942783,0.0527673019101115,0.0451002212151518,0.0374912802412782,0.0323769604649354,0.0252186165547353,0.0369552064583398
"6",0.0267310299229855,0.025569480279143,0.0329096229706122,0.039032031439662,0.0462382030458073,0.0537053761182909,0.0609619748093115,0.067256910247999,0.0718748177198014,0.0742962807322124,0.0742660956800575,0.0718258894414617,0.0672775859014739,0.0611102418500423,0.0541423508095661,0.0466067112767368,0.0418703947172615,0.0335139493330785,0.0508110537044895
"7",0.0184667617208114,0.0181364750134282,0.0241438064469201,0.0298868379294866,0.0369539826004278,0.044755092857766,0.0528667986159917,0.0606037837423248,0.0672341835651716,0.072116823360471,0.0747900969191801,0.0750417636345856,0.0729218908892112,0.0687099288916069,0.063173264514216,0.0563513327317209,0.0526905143508079,0.0433097048520749,0.0678469573637902
"8",0.0123234743759787,0.0124475606250136,0.017157008783369,0.0221661014043151,0.0285867731840012,0.0360687013621365,0.0443132538472178,0.0527777915360113,0.0608046939107405,0.0677229990894616,0.0729355567328245,0.0760079621793411,0.076719417753105,0.0750725067934905,0.0717008507431803,0.0663051523230578,0.0645325037984514,0.0544173987349018,0.0879402928233953
"9",0.00794603153781208,0.00826741795630706,0.0118082669540213,0.0159194492998363,0.0214001096014794,0.0281121735222948,0.0359141331122807,0.0444517329738356,0.0532167636155045,0.0616051875934298,0.0689810305703691,0.0747607078437963,0.0784799322681798,0.0798364985246162,0.0792682513370346,0.0759957444511335,0.076948907579204,0.0664801287605519,0.110607532498306
"10",0.00495226322465981,0.005315658787495,0.00787320038337917,0.0110744353681926,0.0155112389847715,0.0212099347020702,0.0281821675456578,0.036273882787977,0.0451726893628503,0.0544221357664531,0.0634472893142427,0.071611698506253,0.0782735096029069,0.0828414477092215,0.0855283060548107,0.0849610912083257,0.0893856580393687,0.0789857614531976,0.13497763119816
"11",0.00298562370025329,0.00331162648517401,0.00509081995649286,0.00747219597024357,0.0109054955523777,0.0155279197725728,0.0214769606817343,0.0287821966362262,0.0373406780040231,0.0468942069876566,0.0570108019689653,0.0670981512723573,0.0764238901615329,0.0841602033650352,0.0903016753341722,0.0928166890838537,0.101244411879971,0.0913141955016779,0.159842257685673
"12",0.00174437301415015,0.00200354949715631,0.0032009138077088,0.00490653785829608,0.00746843944033663,0.0110867541011085,0.0159879442074743,0.0223507850949491,0.0302670800889862,0.0396931560134527,0.050390079031906,0.0618868623065775,0.0734473916513605,0.0840810231256576,0.0936007924335341,0.0993106031175701,0.111962308128667,0.102816362737471,0.183795044343631
"13",0.000991997948174878,0.00118341774663528,0.00196941662486597,0.00315883328298955,0.00502486697053191,0.00779454384061184,0.0117478551006319,0.0171719878118978,0.0243202847479271,0.0333498603493678,0.0442291266990444,0.0566529736442336,0.0699492852390604,0.083040445954922,0.0956110260147675,0.104352277232528,0.12109376855454,0.112912305277108,0.205445726960157
"14",0.000554761078295782,0.000690635852432015,0.00120181776092285,0.00202396932451942,0.00337547904878737,0.00548770267491597,0.00866666654231082,0.0132700828525964,0.0196721744843525,0.0281970399582258,0.0390039873460767,0.0519630524920762,0.0665040875340922,0.0815242862388441,0.0966338463757481,0.108007727110696,0.128374849942427,0.121185523747197,0.223662309635478
"15",0.000312156795092003,0.000408298834682782,0.000746798856688723,0.00132595107286583,0.00232550768527875,0.00397025053098829,0.00657474454952847,0.0105375634674751,0.016314800808489,0.0243550981215979,0.034972170768685,0.0481915575641626,0.0635523711523114,0.0799654360418216,0.0970095593564595,0.110463870698148,0.133752933808798,0.127447461541246,0.237773468345676
"16",0.000184752691843036,0.000255557517133016,0.000493016836545031,0.000923890942201259,0.00170255164187125,0.0030444214076581,0.00526390009222002,0.00878042066176393,0.0141000988772592,0.0217547421664971,0.032168251289826,0.0454849728230991,0.0613373344555254,0.0786654265762155,0.097043038792718,0.111976008965119,0.137378919315128,0.131759285264316,0.247683409683056
"17",0.000122535877341923,0.000178996401078812,0.000362461793489067,0.000711429906127797,0.00136524371944963,0.00253156149522768,0.00452191255998725,0.00776495564670393,0.0127940403495108,0.0201900231490414,0.0304453735048557,0.0437822309055697,0.0598987302133432,0.0777629584009235,0.0969546612965543,0.112813037306304,0.139558923491666,0.134397057921608,0.253843866061214
"18",9.57277337562664e-05,0.000145319656876462,0.00030387261171801,0.000614126620829156,0.001207916339171,0.00228826425487966,0.0041642611886808,0.00726797982249578,0.0121453670237726,0.0194015055267984,0.029564118562168,0.0428967981895666,0.0591343713996467,0.0772630725404327,0.0968693043367207,0.113207618675339,0.140658030494831,0.13574434544032,0.257027999581993
"19",8.73003147527549e-05,0.000134587687461385,0.000284957444029251,0.00058230165192006,0.00115585873612696,0.00220689319912426,0.00404343815570103,0.00709848265465578,0.0119220937712241,0.0191276428651343,0.0292552282312143,0.0425833158668894,0.0588602623942562,0.0770795152297899,0.0968306387976779,0.113338663822941,0.141040046086689,0.136216501776452,0.258152271313958
