"","X0","X1","X2","X3","X4","X5","X6","X7","X8","X9","X10","X11","X12","X13","X14","X15","X16","X17","X18"
"1",0.0631374172666931,0.0726451426391345,0.100643204270694,0.120041400815982,0.129539125069011,0.125424108834586,0.110823336433198,0.0899379706638229,0.0675889039915747,0.0473106836924914,0.0309704023491538,0.0190278764714133,0.0110100640594494,0.0060174880931811,0.003113717462345,0.00152821688583907,0.000713916753964304,0.000350999472171872,0.000176024775290819
"2",0.0445249501759874,0.0540832851003383,0.0799060269491915,0.102727764171695,0.119361985627443,0.124496741749744,0.118253823336572,0.102956840646854,0.0827761790565895,0.0618102447752083,0.0430598917689872,0.0280950482756199,0.0172277766291804,0.00995794859163036,0.00544003749635344,0.00281578188353042,0.00138832144005124,0.000722403549615246,0.000394948775405163
"3",0.0250936510715191,0.033419909078124,0.0546381771060601,0.0784856626961223,0.101319939822297,0.11694705247409,0.122087716540364,0.116081792671126,0.101274428693315,0.0815890816789001,0.0610248197212,0.0425742614661683,0.027815153720071,0.0170758484269381,0.00988008665274684,0.00540431639209512,0.002815809355565,0.00154936192043921,0.000922930512854501
"4",0.0119481836288688,0.017909286302471,0.0329891535712038,0.0536649926965925,0.0778890496051911,0.100494504576992,0.116291691794209,0.121579139235788,0.115746881656137,0.101073617969629,0.0814734903878564,0.0609617046548708,0.0425422984181704,0.0278000490593509,0.0170699807201801,0.00988402175203631,0.00545116202960818,0.00317151694235672,0.00205927499848395
"5",0.00492045430740754,0.00844243007706154,0.0176429886115324,0.0326191300919791,0.0535065944224685,0.0776587762731175,0.100341002312032,0.116183181669967,0.121515807734198,0.115713827783896,0.101056753951022,0.081465201860546,0.0609580905219094,0.0425414040804024,0.0278028212397206,0.0170888267647577,0.0100069562949113,0.00616588879585352,0.00436986320721371
"6",0.00176991646860717,0.00351292089723013,0.00834387002298827,0.0175351942609723,0.0325901341606049,0.0534509738934449,0.077627898851221,0.100320633005411,0.1161723256657,0.121510715159201,0.115711437958829,0.101055666354782,0.0814649848842201,0.0609596193364572,0.0425503520601216,0.0278512632985655,0.0173837689672243,0.0113747940580078,0.00881353069640772
"7",0.000558864211029233,0.00129108941169471,0.00348497102195015,0.00831804924498195,0.0175322678633455,0.0325781259697194,0.0534456648698174,0.0776246539841682,0.100319046545035,0.116171648578144,0.121510421403198,0.115711378398247,0.101056236703354,0.0814692361914133,0.0609819767128423,0.0426655288325601,0.0285150426579402,0.0198888239000156,0.0168769735005397
"8",0.000155247724907046,0.000418937580673441,0.0012846627817052,0.00347975444662771,0.00831828335509224,0.0175298952476899,0.0325773364593244,0.0534452327341154,0.0776244627894199,0.100318972573458,0.1161716290197,0.121510590772755,0.115712851707457,0.101066229697018,0.0815209816507872,0.0612382328946438,0.0440678958605757,0.0329179938650474,0.0306408088389988
"9",3.79364178806493e-05,0.000119865620363285,0.000417714432389201,0.00128376130983982,0.0034799397149958,0.00831785021219353,0.0175297908830228,0.0325772884256549,0.0534452141030099,0.0776244567398116,0.100318995783931,0.116172033912142,0.121513850557972,0.115734640554727,0.101177893069458,0.0820546168424225,0.0640187134022404,0.0515077585394932,0.0526676794784487
"10",8.13559560474684e-06,3.01720369091934e-05,0.000119671423142493,0.000417580001116289,0.00128381029751502,0.00347986745788631,0.0083178375535116,0.0175297864068418,0.0325772871317091,0.0534452153702729,0.0776245136013052,0.100319839270645,0.116178737750508,0.121558062021429,0.115959170560765,0.10221680553832,0.0872251871337013,0.0761083390119257,0.0855999818368867
"11",1.52428794049065e-06,6.65807614394316e-06,3.01463158467305e-05,0.000119654062938989,0.000417588944457176,0.00128379957513113,0.00347986603575355,0.00831783725224917,0.017529786977027,0.032577293316638,0.0534453393040483,0.0776261678297872,0.100332716474026,0.11626218781632,0.12197835999895,0.117847715689519,0.111230048446279,0.106097991803332,0.131415317793609
"12",2.47822185026004e-07,1.28151073300142e-06,6.6552532935875e-06,3.0144379921939e-05,0.000119655322853801,0.000417587573919606,0.00128379944398516,0.00347986621966362,0.00831783955966351,0.0175298072729379,0.0325775618736135,0.0534484365886356,0.0776494053332629,0.100479556774331,0.116995155808,0.1251828404544,0.132572817799037,0.139474292299588,0.190433048709972
"13",3.46378102802353e-08,2.13641783135931e-07,1.28125768594565e-06,6.65506877358419e-06,3.01445211468499e-05,0.000119655179511188,0.000417587617366194,0.00128380016972096,0.00347987360658625,0.008317900218971,0.017530395005138,0.0325832107349338,0.0534883481459958,0.0778921021036398,0.101675225950528,0.122078920203553,0.147737296302782,0.172985495288324,0.260371860345747
"14",4.11075878094379e-09,3.0561069116606e-08,2.1362369373163e-07,1.28124298980457e-06,6.6550823768401e-06,3.0144525514105e-05,0.000119655408387674,0.000417590149093788,0.00128382314162518,0.00348004722674729,0.00831922826401947,0.0175407811567409,0.0326501358581464,0.0538713413807338,0.0797330738201762,0.109249971046144,0.154506896689636,0.202863966937702,0.335925159774441
"15",4.07612286478114e-10,3.70515735351496e-09,3.05600805829864e-08,2.13622947070649e-07,1.28124814343426e-06,6.65514554165432e-06,3.01453004840387e-05,0.000119663169026724,0.000417655084311703,0.00128428173426464,0.0034830528023994,0.00833873396806714,0.0176527746129727,0.033238343161661,0.0565776368490182,0.0904018508215863,0.153098172282963,0.226012981371078,0.409336524152682
"16",3.30715028862053e-11,3.74631649500874e-10,3.70512917332798e-09,3.0560413431093e-08,2.13630974227941e-07,1.28137208084176e-06,6.65669465397105e-06,3.01611399252282e-05,0.000119796921727554,0.000418598896267743,0.00129015261464041,0.00351743603149761,0.00851922960898087,0.0185244790646809,0.0370356501816866,0.0708163733574902,0.146251563724843,0.24113394188269,0.472334430204614
"17",2.13701545014784e-12,3.09376545653592e-11,3.74638066731364e-10,3.70537900826647e-09,3.05671218504347e-08,2.13763917433798e-07,1.2833801074387e-06,6.67998022440989e-06,3.03736271474731e-05,0.000121365444490228,0.000428386616797191,0.00134508503198874,0.00379018610777755,0.00975036347776868,0.0235929127401466,0.0550634251987392,0.137988476869384,0.249117868526296,0.518763344555
"18",1.06327833365804e-13,2.03552343994184e-12,3.10321372162134e-11,3.76295103830842e-10,3.73215591665111e-09,3.09563804149156e-08,2.18619227403072e-07,1.33336590628096e-06,7.10140898041092e-06,3.33093161211953e-05,0.000138648388597999,0.000518305394573966,0.00175815981192608,0.00550681360957871,0.0163096523943496,0.0454837569314095,0.131819407694354,0.252319271447204,0.546103986519765
"19",5.64277480504194e-15,1.48892226691746e-13,2.95114962346781e-12,4.5138346695113e-11,5.54740071365936e-10,5.64894138605248e-09,4.87796130285735e-08,3.62539577859969e-07,2.33970501946843e-06,1.31822791698946e-05,6.52146455345903e-05,0.000287500289484917,0.00113730205602845,0.00409637049118396,0.0136947275417874,0.0417769074706439,0.129154997527768,0.253159899270781,0.556611141151482
