"","X0","X1","X2","X3","X4","X5","X6","X7","X8","X9","X10","X11","X12","X13","X14","X15","X16","X17","X18","X19","X20","X21"
"1",0.146489144303183,0.08756542720703,0.0943901687813645,0.0898886461695554,0.0880727454484661,0.0846220717933156,0.0787471987116884,0.0706849556161621,0.0611555666925664,0.0510007915691801,0.0410130769334626,0.0318187836949217,0.0238275612118809,0.0172312608507076,0.012039065824485,0.00813094953646204,0.0053133996237761,0.00336692968966951,0.0020739172152714,0.00125224156806033,0.000794761640685071,0.000521335918101855
"2",0.120189415762423,0.0740541123576722,0.0823006588203271,0.0818009362644704,0.0835182651527131,0.0835396432263932,0.0808777307368558,0.0754889249759225,0.0678771857953039,0.0587986431436567,0.0490902614234818,0.0395223839955166,0.0307016428535918,0.0230248192105516,0.0166798572860862,0.0116802884090882,0.00791593117770253,0.0052056152104203,0.00333016985196106,0.00209031797273891,0.00137649903348887,0.000936697339630217
"3",0.093290150197335,0.059720992146956,0.0688849709597944,0.0719534224958432,0.0769431151178787,0.0804405466802266,0.0812806645141525,0.079093150941684,0.0740685617219195,0.0667599243178732,0.0579416737210881,0.0484539282720953,0.0390682109368871,0.0303930264054111,0.0228294591542011,0.0165726063784992,0.0116447204592728,0.00794440870340831,0.00527588882931315,0.00344011919179163,0.00234698448191489,0.00165347437245009
"4",0.0691341236978133,0.0462395679358556,0.0555673724014102,0.061159038889863,0.0685864456192748,0.0750003830485805,0.0791362441955066,0.0803159008999032,0.0783619449326253,0.07351253494598,0.0663433810159864,0.057638179574043,0.0482426154087982,0.0389325539132511,0.0303214444994475,0.0228170716831561,0.0166219716592917,0.0117651840162321,0.00811070770042418,0.00549197503336687,0.00387762726327163,0.00282373166591458
"5",0.0490346531384765,0.0344142620181633,0.0431909013113259,0.0501257580947706,0.058950140342607,0.0674184749955322,0.074282001797133,0.078638909874625,0.0799579335514468,0.0780997129568887,0.0733218886890513,0.0662095855490473,0.0575528760294451,0.0482028815023836,0.0389414407696441,0.0303898746797747,0.0229639972656672,0.0168723824621259,0.0120786823106264,0.00849298302291301,0.00620026448580214,0.00466039515254639
"6",0.0333197761551332,0.0246248785212366,0.032323337181199,0.0395452912545967,0.0487440484735607,0.058280089462954,0.0670442538720995,0.0740432192170744,0.0784794690102429,0.0798488679919459,0.0780267429497508,0.073279112519357,0.0661981212122593,0.0575811388190331,0.0482877285193215,0.0391105668228978,0.0306807338538546,0.0234189649061826,0.0174195902319164,0.012719227450707,0.00959276451225562,0.00743207706241705
"7",0.0217236447348617,0.0169487314847502,0.0232827426037697,0.0299977913593048,0.0387206657823515,0.048375674828972,0.0580933156464554,0.066934933333244,0.0739769323683385,0.0784397428486895,0.0798298533043622,0.0780304033186719,0.0733160305708027,0.0662895295093054,0.0577609463239356,0.0486052778234236,0.0396267932941238,0.031457897452711,0.0243290597761206,0.0184476508752002,0.0143603339763428,0.0114520487842584
"8",0.013603824865521,0.0112237921240068,0.0161361355335511,0.0218648015768393,0.0295265944767629,0.0385261501919894,0.0482863612011625,0.0580459761807236,0.0669106977597154,0.0739686523893001,0.0784487934379685,0.0798665429667651,0.0781173319805368,0.0734922435495026,0.0666132883047978,0.0583119639090056,0.0494752529537991,0.0408995644450053,0.0329128066861712,0.025915484796319,0.020801985256681,0.017051755413872
"9",0.00818981996358469,0.00715261722703837,0.0107576461598282,0.0153076353437517,0.0216063682206695,0.0294277421710375,0.0384853320992854,0.0482677153012494,0.0580409952276007,0.0669193381149313,0.073999583914277,0.0785230567341421,0.0800240254132704,0.0784234158044113,0.07404075262942,0.0675263160941358,0.059720143396521,0.051482224419689,0.0431397582616104,0.0352686353264512,0.0291610567045101,0.0245358214725807
"10",0.00474311990281378,0.00438702065760572,0.0068982176039839,0.0102926739364343,0.0151713010709284,0.0215581023955605,0.0294104905887722,0.0384804982943875,0.0482737629346049,0.0580641960093622,0.0669772734832044,0.0741285000345052,0.0787882856091766,0.080529473038706,0.0793134983119771,0.0754945411003756,0.069720662258154,0.0627701132295647,0.054806307833588,0.0465071521871898,0.0395644678970925,0.0341203416220085
"11",0.00264391336796625,0.00259001269038994,0.00425455357040568,0.00664718283490984,0.0102234742032116,0.0151489670809706,0.02155246806715,0.0294136332752748,0.0384962560930697,0.048315387749613,0.0581614014922833,0.0671881594872965,0.0745549726155297,0.0795885799380171,0.081917025891429,0.0815403570895265,0.0787879102849312,0.0741887206802969,0.067524490875513,0.0594398284415854,0.0519606961140853,0.0458620081565403
"12",0.00141906234114455,0.00147204251256154,0.00252411545789332,0.00412409384543242,0.00661352398987678,0.0102142348802741,0.0151496675379046,0.0215620843469786,0.0294412078216026,0.0385639347100322,0.048469731773696,0.0584910897771765,0.0678455706156113,0.0757716000567492,0.081667688808564,0.0851992441060803,0.0863016695311477,0.0850984966189893,0.0807445825820283,0.0736624959906238,0.0660716095441748,0.0595922531514536
"13",0.000733624287586723,0.000805555786520774,0.00144072246411331,0.00245889207639158,0.00410866822183856,0.0066110641255842,0.0102193519669345,0.0151664375809872,0.0216055863250105,0.0295453640580892,0.0387981090524002,0.0489636067902163,0.05946350320167,0.0696221440182105,0.078766807350242,0.0863235637103721,0.0918308547290254,0.0948958674268744,0.0938153591125212,0.088573125568016,0.0813758146724716,0.0748759774749194
"14",0.000365416454472555,0.000424533648715081,0.000791370549190586,0.00140946453341427,0.00245265709589872,0.00411012752859906,0.0066203560524265,0.0102451255965593,0.015231286385602,0.0217587477554072,0.0298857681878937,0.0395078158333873,0.0503446911167301,0.0619565179412992,0.0737720935719845,0.0851244219957989,0.095223514684004,0.103118223494604,0.106074122836869,0.103430002739081,0.0971383889351091,0.0910153530629499
"15",0.000175411225837658,0.000215516699939041,0.000418478569130682,0.000777200312030528,0.00140794795478668,0.00245697199174601,0.00412423921610466,0.006657727931409,0.0103377144206024,0.015447500797876,0.0222340552125936,0.0308658064682424,0.0413935601989179,0.0537095698301731,0.0674899979814036,0.0821325314488526,0.0966364516162311,0.109523194320232,0.116946678758966,0.117446819941228,0.112491229325941,0.107111395777752
"16",8.11772001752165e-05,0.000105442050883231,0.000213196274238171,0.000412719400294173,0.000778404648201363,0.00141507611299656,0.00247723254973057,0.00417663484148473,0.00678564684167186,0.0106326288069937,0.0160879468266728,0.0235389459480008,0.0333472483628496,0.045769586627762,0.0608188501496737,0.0780863872715028,0.0964917947317531,0.11411680037567,0.126030045465563,0.129904028976152,0.126551251515999,0.122178955021727
"17",3.62577709351557e-05,4.97972966082342e-05,0.000104868190942339,0.000211690449915552,0.000416075463127817,0.000789154654071424,0.00144382582817197,0.0025496764300169,0.00434991460856211,0.0071781223690711,0.011471486377933,0.0177722875153954,0.0266984124279093,0.0388464790505863,0.0545881263795103,0.073780531015263,0.095372131462327,0.117120583881803,0.13313355395674,0.140247207545413,0.13854837075408,0.135291446571613
"18",1.57148726055031e-05,2.28586245052577e-05,5.02203759860898e-05,0.000105936784208204,0.000217632753915956,0.000432279730857869,0.000830376997848411,0.00154410521338734,0.00278260316676096,0.0048644596708761,0.00825431331603114,0.013591570056775,0.0216818920173017,0.0333981313447437,0.0494325754432667,0.069914836001813,0.0938846973572535,0.118889576107823,0.138271125538467,0.148151757350948,0.147936547009093,0.14572679026553
"19",6.77825286987871e-06,1.04945154052545e-05,2.41607846991932e-05,5.35312854920709e-05,0.000115625016897414,0.00024208151009139,0.000491553620318173,0.000968825349901735,0.00185450474620221,0.00344752846381551,0.00621853289354057,0.0108604761031646,0.0183003953432017,0.029605836921672,0.0457114747010083,0.0669712543223068,0.0925283798795685,0.119811602413182,0.141624530625305,0.153560966024865,0.154485776692271,0.153105690534218
"20",3.18480134849087e-06,5.28171925434754e-06,1.28022908597547e-05,2.99254676122403e-05,6.8227784359246e-05,0.00015100257641358,0.000324478728667282,0.000676987529040268,0.00137063008453633,0.00268916740776326,0.00510130974206087,0.00932533273115873,0.0163551600462809,0.0273732425572457,0.0434646771742222,0.0651305463380286,0.0915929963024771,0.120224057366804,0.143508761026182,0.156715510333178,0.158360823951235,0.15751589404127
"21",1.95316767928248e-06,3.42647440340707e-06,8.65310833987886e-06,2.10807506487026e-05,5.00435477811969e-05,0.000115258517448064,0.00025747058865002,0.000557490196776842,0.00116856143943739,0.00236652112783256,0.00461756966521952,0.00864954198018737,0.015485218400449,0.0263591603537349,0.0424270416297028,0.0642614374886501,0.0911261157183245,0.120371679179881,0.144337980013769,0.158141148107707,0.160129660519316,0.15954298802406
"22",1.67276588677135e-06,2.99327471290971e-06,7.66737748951702e-06,1.89441861026457e-05,4.55827350981159e-05,0.000106361161885816,0.00024055870256595,0.000526934217102967,0.00111625295430849,0.00228203275541228,0.00448952812156696,0.00846885847947868,0.0152504042395507,0.026082891977773,0.0421415769134491,0.0640192749933641,0.0909920578190398,0.120405432323608,0.144559632237903,0.15852856237301,0.160613261290367,0.160099519100322
