"","X0","X1","X2","X3","X4","X5","X6","X7","X8","X9","X10","X11","X12","X13","X14","X15","X16","X17","X18","X19","X20","X21"
"1",0.0746113569431138,0.0826541110993807,0.100151293668228,0.112709014479686,0.116867980973931,0.112666339624699,0.101413102249168,0.0854828505763305,0.0677531474917138,0.0507043195734922,0.0359144894010403,0.0240905838100779,0.0152954329136731,0.00918207649360238,0.00520339305294382,0.00277772104739673,0.00139349625431919,0.000655323000444723,0.000288204936887875,0.000118453552678777,4.61412745562996e-05,2.11675826329489e-05
"2",0.0516838289333536,0.0602085397668035,0.0784254847690304,0.0956837950287372,0.107663100239863,0.112091752203603,0.108272185276357,0.0974155164639786,0.0820990215197099,0.0651671057958405,0.0489037967114875,0.034758017875888,0.0234028231449526,0.0149154066157964,0.00898494006267878,0.00510600918321719,0.00273155536067656,0.0013726139262095,0.000646667395070364,0.000285852379111884,0.000120823261529014,6.11640861033194e-05
"3",0.0321315077874889,0.0398097157727586,0.0563847993137703,0.0752933098027166,0.0927275033680428,0.105184822317938,0.11000697025022,0.106481543895084,0.0959659711648403,0.0810461615966903,0.0644800642034207,0.0484972440704804,0.0345403138730967,0.0232980173060153,0.0148700151691055,0.00896701784973243,0.00509948462573884,0.00272952069213324,0.00137306249921684,0.000650573496196018,0.000297338969726004,0.000165041975585363
"4",0.0183164540478211,0.0242469015739943,0.0374129885107908,0.0547018708242599,0.0738226188204502,0.0915410263001623,0.104204505317923,0.109168078471243,0.105801208430984,0.0954711718705298,0.0807235048260602,0.0642892641225181,0.0483948203218529,0.0344906661195419,0.0232762958238284,0.0148613503239587,0.00896393032408339,0.00509900005897964,0.0027326307756417,0.00138490269678068,0.000683063765761467,0.000413746672832862
"5",0.00965558374891632,0.0136676887528684,0.022921917440341,0.0365891270448829,0.0540234867087816,0.0732903557735716,0.0911061650781965,0.103832462629374,0.108865136676228,0.105580037402282,0.0953265492597348,0.0806376634239492,0.0642428276077098,0.0483720199063333,0.0344805238675868,0.0232722151146199,0.0148601916546153,0.00896526754727706,0.0051086082292616,0.00276484613349564,0.00146970960964748,0.000967616390325177
"6",0.00471097349598244,0.00713794067484098,0.0129794209982444,0.0225388482282888,0.0363001355527405,0.0538105033526548,0.0731227791942922,0.090964858465303,0.103718229611839,0.108782574812252,0.105526829294291,0.0952955113389176,0.0806211750859783,0.0642348762510081,0.0483685626774528,0.0344792951119253,0.0232728553072942,0.0148652845781644,0.00899086915359511,0.00518963996837618,0.00297050905431541,0.00211832779224111
"7",0.00213498751212694,0.00346525093792328,0.006811948055188,0.0128150994601311,0.0224254235251478,0.0362224605321162,0.0537523330400523,0.0730747338776565,0.0909264546517742,0.103690906625262,0.108765362022498,0.105517069320355,0.0952904901974493,0.0806188414024182,0.0642339540133319,0.0483686471260566,0.0344822281439603,0.0232864058617727,0.0149277617415927,0.00918066798094529,0.00565500924293727,0.004353964729302
"8",0.000899079869703374,0.00156705601239171,0.00332354906161363,0.00674735414734581,0.0127747677148755,0.0224003082581229,0.0362049578162662,0.0537383213198472,0.0730637133942115,0.0909187994280108,0.103686260164858,0.108762854207282,0.1055158540122,0.0952899771691948,0.0806188007817197,0.0642350602658228,0.0483760898314858,0.0345146027214702,0.0234281519575063,0.0153434153783398,0.0101666056870417,0.00842442080068783
"9",0.000351705590556857,0.000660998664692825,0.00151123914177376,0.00330069647339277,0.00673446686072832,0.0127675356667688,0.0223956900611075,0.0362013929658735,0.0537355572886121,0.0730618421427811,0.0909177157701376,0.103685713458721,0.108762612732159,0.105515796764688,0.0952903316620612,0.0806215229239047,0.064251829396867,0.0484476019988261,0.0348149013885516,0.0242815756624948,0.017304912147784,0.0153843612375146
"10",0.00012761553837842,0.000260019497883458,0.000641153407836804,0.00150402541022855,0.00329701770920713,0.00673260308661327,0.0127664506600102,0.0223948828603172,0.0362007719148812,0.053735144901689,0.0730616136922263,0.0909176083546529,0.103685674877307,0.108762681431276,0.105516625011658,0.0952961559067361,0.0806564290480932,0.0643986515249992,0.049043045307691,0.0364613468466164,0.0279561242920262,0.0265843587196706
"11",4.28001653488708e-05,9.51859483423923e-05,0.000253636930050891,0.000639129988437227,0.00150310398922961,0.00329660192926355,0.0067323874133403,0.0127662982681134,0.0223947664932767,0.036200695951345,0.0537351047350376,0.0730615966178625,0.0909176133265217,0.10368584289404,0.108764335611709,0.105528103422385,0.0953636450947749,0.0809373159610632,0.0655059378661888,0.0520340575230185,0.0429610451868091,0.0435807946838394
"12",1.32162818790208e-05,3.23146003349103e-05,9.33400807398455e-05,0.000253135097807315,0.000638927664525318,0.00150302315191552,0.00329656522098168,0.00673236329186895,0.0127662801031589,0.0223947548715941,0.0362006902319338,0.0537351037012549,0.0730616193902067,0.0909179355643423,0.103688905823766,0.108785363106774,0.105649821413015,0.0958661098238026,0.0828736622402704,0.0706352804367504,0.0629198257690568,0.0679417621340181
"13",3.7398753262738e-06,1.01279812063195e-05,3.18360269520571e-05,9.32310107235655e-05,0.000253096980919227,0.000638914423787966,0.00150301806032926,0.00329656227765841,0.00673236122782658,0.0127662791041798,0.0223947555562206,0.0362006960805604,0.0537351578736521,0.0730622187791688,0.0909233087491433,0.103725066096902,0.108991371148472,0.106494168660785,0.0990608857762057,0.0912001523386585,0.0879432727385001,0.100939779232819
"14",9.64847207315508e-07,2.91534508336334e-06,1.00173462808129e-05,3.18153603434504e-05,9.32249025268645e-05,0.000253095198895766,0.000638913916220113,0.00150301798381488,0.0032965628469848,0.00673236395843616,0.0127662890971947,0.0223947911393053,0.0362008642579611,0.0537363620853748,0.0730714919244967,0.0909826957672219,0.104055221596388,0.110332140767069,0.111486164081857,0.111890905406134,0.117385316319677,0.143134865851523
"15",2.25654875921958e-07,7.66336951426404e-07,2.8926955074826e-06,1.00139574299435e-05,3.18145351414956e-05,9.32247395063839e-05,0.000253095369336111,0.00063891495005979,0.00150302245521652,0.00329657995750063,0.00673242327457232,0.0127664824162986,0.0223954574749522,0.0362038291175425,0.053753321167722,0.0731678925877102,0.0914917628141223,0.106085298408028,0.117755164567925,0.130306029019177,0.149649267806154,0.193862520694268
"16",4.75241743894935e-08,1.82800248879905e-07,7.62260577362995e-07,2.89222341447412e-06,1.00138939936914e-05,3.18147107142037e-05,9.32258013640654e-05,0.000253100465219974,0.000638936501795459,0.00150310388146177,0.0032968579469803,0.0067332978139956,0.0127691467316096,0.0224042602551664,0.0362393883317394,0.0539166204170946,0.0739436060424836,0.0944637968517879,0.116656457867442,0.14411124855393,0.182228649508214,0.250702589616589
"17",8.94086325537502e-09,3.92885558448868e-08,1.82163752718276e-07,7.62220322189669e-07,2.89233698224875e-06,1.00146605013968e-05,3.18188671915185e-05,9.32454724802873e-05,0.000253182803345043,0.000639244467989673,0.00150414329271877,0.00330006608115972,0.00674258572215051,0.0127958385751503,0.0224880814415912,0.0365396105717677,0.0551215858066383,0.07822327977797,0.108984290400746,0.151972883554872,0.212126064916833,0.309170178636415
"18",1.48778885341206e-09,7.54552006832512e-09,3.92088894582313e-08,1.82210946082131e-07,7.62607642354368e-07,2.89474520952366e-06,1.00275528751458e-05,3.18792771195722e-05,9.34960420761352e-05,0.000254111834408051,0.000642351170753587,0.00151361332357708,0.00332680479867073,0.00681472109544628,0.012993068798005,0.0230684915747994,0.0384653172874307,0.0612471549722954,0.0975510483671399,0.154282735391711,0.236614063579032,0.363087227128661
"19",2.16333174248095e-10,1.28302887372742e-09,7.55128256401073e-09,3.9343648834232e-08,1.83190481433706e-07,7.68619350478937e-07,2.92660822305478e-06,1.01755349159892e-05,3.24881503114855e-05,9.57364143503158e-05,0.000261546275768952,0.000664806935535092,0.00157609330762773,0.00349012749346999,0.0072306998599034,0.0140754914188258,0.0261308187193712,0.0470987309488841,0.0861143242808712,0.153039716294843,0.254055825667841,0.406119491885131
"20",2.72263379842511e-11,1.93189137023292e-10,1.31439065886527e-09,7.82976344614547e-09,4.13328158409161e-08,1.95256975248592e-07,8.31946889935779e-07,3.21820869111954e-06,1.13661901625129e-05,3.68384851166002e-05,0.000110074545084948,0.000304535953378854,0.000783230733637065,0.00188013873534365,0.00423576711831037,0.0090383175880478,0.0186570100307356,0.0377710204427643,0.0776865309750344,0.150760317735404,0.26440294741635,0.434317607940687
"21",3.24687960264043e-12,2.97397514162216e-11,2.4900894984703e-10,1.78690604694839e-09,1.11499605571431e-08,6.12127035456172e-08,2.98473989874189e-07,1.30289194044454e-06,5.12590961239717e-06,1.82869942837981e-05,5.94985427973728e-05,0.000177567440174997,0.000489018014064966,0.00125135643852842,0.00300327718523644,0.00685001845864003,0.0152246256984528,0.033233578699003,0.0732916815413381,0.149162957628565,0.269093480562811,0.448137851088995
"22",9.00254439884408e-13,1.09778383655171e-11,1.11298286702682e-10,9.22763685281966e-10,6.43874711607319e-09,3.86194658394735e-08,2.02230779573844e-07,9.35815794957176e-07,3.86375028869023e-06,1.43504440453624e-05,4.82974621743345e-05,0.000148343738624866,0.000418855469837475,0.00109623276986399,0.00268881850513301,0.00627232887586603,0.0142867119505037,0.0319495242746161,0.0719968107058079,0.148625481093355,0.270364772018559,0.452084424790597
