"","X0","X1","X2","X3","X4","X5","X6","X7","X8","X9","X10","X11","X12","X13","X14","X15","X16","X17","X18","X19","X20","X21"
"1",0.145906710717787,0.135543863256968,0.126196227596274,0.107702376453147,0.0887632689627319,0.0737565462745571,0.0622260954527903,0.0528710527863166,0.0447219545879752,0.0373264103370916,0.0305781058372417,0.0245179715714519,0.0192151777159813,0.0147109697850301,0.0110009330985789,0.0080370534046394,0.00573879425995297,0.00400693443372558,0.00273907724475874,0.00184926509838204,0.00128594825122347,0.00130526287339096
"2",0.131426274613681,0.122966767091257,0.116052006544097,0.10120217858508,0.0858964448398414,0.0738202145577608,0.0644383924778422,0.0565447346234743,0.049288671889255,0.0423210940085269,0.0356268186871967,0.029334517353651,0.0235992142212637,0.0185426045799636,0.0142302764928973,0.0106697245651753,0.00781954360261117,0.00560372127676381,0.00393096476630569,0.0027231569818297,0.00194314335875354,0.0020195348827667
"3",0.115056081566071,0.108625058144425,0.104262611075798,0.0933249532778393,0.0819752445541468,0.0731552939397466,0.0662474383975751,0.0601366047360938,0.0540784145310946,0.0478084039945642,0.0413846090316187,0.0350114529452742,0.0289260176025082,0.0233346413998502,0.0183832436598673,0.0141486432084613,0.010643200338297,0.00782744291864583,0.00563275593200036,0.00400122724433418,0.00292670209649533,0.00310995940528818
"4",0.0983071189022912,0.0937898970889962,0.091776623823095,0.0845616838496333,0.0770459299308893,0.0714629935140319,0.0671236880532239,0.0629907779413165,0.0583962063377689,0.053122770611899,0.0472645943245904,0.0410707821883744,0.0348389762054826,0.0288494494821348,0.0233277361629442,0.018427001126284,0.0142251949925633,0.0107331492441423,0.00791948331988417,0.00576437518253881,0.00431745778573364,0.00468410993217708
"5",0.0820433348293473,0.0792010423034787,0.0791676683494504,0.0752380280642284,0.0711804357952034,0.0686025101826572,0.0667661498133897,0.064699938945806,0.0617805018489167,0.0577966325596061,0.0528346296931708,0.047147345831476,0.0410595326105625,0.0349022957482325,0.0289689267627404,0.0234873412449561,0.0186074594278768,0.0144019451173552,0.010892124903677,0.00811877860064624,0.00622090197902677,0.00688247538819067
"6",0.066889820149182,0.0654158210588054,0.0669068850058131,0.0656779331647806,0.064536534217941,0.0645735214862691,0.0650335851574441,0.0650060574697062,0.0638879627935757,0.0614388982683387,0.0576957825934226,0.0528716333641301,0.0472774970120788,0.0412615906090026,0.0351612459117275,0.0292664101382971,0.023796499038066,0.0188918494260712,0.0146400863829699,0.0111680949987141,0.00874630754524825,0.00985598420841085
"7",0.0532868119666104,0.0528500849164041,0.0553863898948128,0.0562071484823037,0.0573472528191602,0.0595010268712385,0.0619328886777308,0.0637967965598841,0.0644984350270669,0.0637459752536643,0.0614952944734452,0.0578804396585474,0.0531561932051858,0.0476469590379006,0.0416995070897343,0.0356407855643006,0.0297456967648482,0.0242190751381239,0.0192233843912949,0.0149976759967455,0.0119929307859146,0.0137492474250773
"8",0.0414791725397926,0.04176253302256,0.0448957881531491,0.0471244369965204,0.0498925404393331,0.0536143974357336,0.0576112894050166,0.0611137683784751,0.0635386487090305,0.0645371659688085,0.0639678930353153,0.0618577264468359,0.0583672844775458,0.0537542088431847,0.0483323865723032,0.0424293151900531,0.0363487271077494,0.0303453063610688,0.0246568060641335,0.0196579836542098,0.0160336618283484,0.0186789593708273
"9",0.0315482583361063,0.0322744447444263,0.0356243265165245,0.0386842091055949,0.042467967133937,0.0472118683473696,0.0523263755074781,0.0571353666506954,0.0610814254035224,0.0637698995043247,0.0649633992415009,0.0645688556448358,0.0626252501031209,0.0592844136542214,0.0547822247257203,0.0494019606467696,0.0434379039513796,0.0371676583469241,0.0308944595674381,0.0251465398739691,0.020895868050115,0.0247073249440203
"10",0.0234448282331771,0.0243911526227393,0.0276654426897091,0.0310810658705033,0.0353531365892195,0.0406210839844066,0.0464080368993161,0.0521482130542526,0.0573321442128596,0.0615433594157241,0.0644661736346357,0.0658915945342267,0.0657238951952024,0.0639794776642563,0.0607741337757321,0.056298843305905,0.0507918957625177,0.0445160033271109,0.0378192226216168,0.0313924487602534,0.0265429911324332,0.0318148567141973
"11",0.0170249894958743,0.0180278396091487,0.0210273671148019,0.0244409293289446,0.0287850775573615,0.0341607376292376,0.0402160862451895,0.0465086690528775,0.0526009205727276,0.0580858528118954,0.0625991862945628,0.0658352093504287,0.067566112322538,0.0676566152321892,0.0660690245914126,0.0628567319248206,0.0581525916257545,0.0521594857984442,0.0452402310133419,0.0382472700923532,0.032860934695089,0.039878137641001
"12",0.0120850682488929,0.0130366155715503,0.0156484209968742,0.0188197704759241,0.0229400125615478,0.0281084799933319,0.0340994360972098,0.0405996616978134,0.0472638217076156,0.053726396254557,0.0596100467643197,0.0645422790903074,0.068179867755007,0.0702344326896769,0.0704942995806271,0.0688387789333211,0.0652494479873469,0.0598229777851541,0.0529010423252476,0.0454860766340837,0.039653793215497,0.048659273634089
"13",0.00839282143607902,0.00923263570050359,0.0114154210414933,0.0142096435431705,0.017924991894665,0.0226784810912316,0.0283617421007523,0.0347883797707879,0.0417181023350487,0.0488536890074491,0.0558394540369577,0.0622707044358367,0.0677153460114138,0.0717440471928785,0.0739654957846765,0.0740619275395717,0.0718277861920397,0.067212339548471,0.0604995300384499,0.0528214045737217,0.0466527862279257,0.0578132704968704
"14",0.00571299789285491,0.00641714780944888,0.00818299431415568,0.0105503262609604,0.0137789215744988,0.0180100271860894,0.0232369927158398,0.0293901003958079,0.0363376171830782,0.0438682791939779,0.0516762484770111,0.0593575393069215,0.0664220089761189,0.0723215087827399,0.0764936040530752,0.0784163999167149,0.0776762811744365,0.0740453273239793,0.0677182099640034,0.0599304835954578,0.0535401075254287,0.0669168763773957
"15",0.00382595526629186,0.00439576158487163,0.00579152106808188,0.00774412403361426,0.0104811540852421,0.0141668266373716,0.0188769380739676,0.0246425153467309,0.0314349064338542,0.0391356144089905,0.0475066450090335,0.0561707590290739,0.0646091744853577,0.0721821515898731,0.0781759039604103,0.0818730657534788,0.0826484407781142,0.0800829735843548,0.0742606060805563,0.0664924844649629,0.0599854942207058,0.0755169841050567
"16",0.00253932923201736,0.00299132332003176,0.00408218023720406,0.00567156786709138,0.00796527264167904,0.0111455133165254,0.015350696690515,0.0206934862317479,0.0272357174982666,0.0349481832764664,0.0436672919273981,0.0530586211628962,0.0625982571858936,0.0715822391159935,0.0791721839329173,0.0844770245647857,0.0866734541771408,0.0851548614770638,0.0798862401885385,0.0722284216414016,0.0656885254005435,0.0831896089138774
"17",0.00169372154663023,0.00205170778872038,0.00290840101833884,0.0042062246808168,0.00613560323591647,0.00889098957263659,0.0126552857232406,0.0176030577476929,0.0238695867727188,0.0315033722828685,0.0404113356583324,0.0503072682802326,0.060677246639189,0.070776731856077,0.0796720062127806,0.0863290441286261,0.0897539330311208,0.0891723265742131,0.0844359193560538,0.0769342026246826,0.0704165880672914,0.0895954472018152
"18",0.00116359526626452,0.00145308477184227,0.0021432316907599,0.00322678209388572,0.00488333047437639,0.00731462963572149,0.0107329746329191,0.015356447615906,0.0213749914630819,0.0288981116502819,0.0378914641840741,0.0481131827680303,0.059065796636513,0.0699819858527914,0.0798607711491997,0.0875602623666635,0.0919528163026755,0.0921286045325966,0.0878435999919562,0.080501189758247,0.074031595406502,0.0945215517557067
"19",0.000853971152517789,0.00109864821158718,0.00168148608833812,0.00262363846208189,0.00409751088667934,0.00630866339048235,0.00948710349092882,0.0138786459718404,0.0197097047652121,0.0271321513886896,0.0361541559463618,0.0465679943588028,0.0578920828588509,0.0693479714173233,0.0798918222555931,0.0883089028405903,0.0933784640122036,0.0940941712567528,0.0901416161830156,0.0829293871769649,0.0765091414715153,0.0979127664136638
"20",0.000693471074623989,0.000912952811640067,0.00143602424344677,0.00229809737203091,0.00366741180724053,0.0057512226937334,0.00878886820555375,0.0130414625491241,0.0187562475237823,0.0261099906265402,0.0351365602060179,0.0456496936482773,0.0571790128504576,0.0689414905836777,0.0798696965757,0.0887069001366887,0.0941774360855824,0.0952171044964549,0.091468374349969,0.0843410235687024,0.0779565644416564,0.0999003941490954
"21",0.000626543525684561,0.00083493468635016,0.00133184540279291,0.00215847997170163,0.0034811908390083,0.00550783619798297,0.00848167182785424,0.0126704596005525,0.0183307107267183,0.0256504861738589,0.0346755266153344,0.0452297272564489,0.0568483596330761,0.0687469146278536,0.0798477382422536,0.0888752808755451,0.0945288825975253,0.0957177145316995,0.0920641223867727,0.0849778567080646,0.0786117087462309,0.100802008826688
"22",0.000609215198478792,0.000814641386169933,0.00130457976775831,0.00212170822791988,0.00343186447697535,0.00544304389797844,0.00839951888470362,0.0125708145181803,0.0182159367948704,0.025526020930882,0.034550074043013,0.0451148247149866,0.0567571741478355,0.0686923061018288,0.0798398606333028,0.0889192018259617,0.094622850053603,0.0958526630248545,0.0922254147134378,0.0851507561629107,0.0787899317792259,0.10104759871512
