"","X0","X1","X2","X3","X4","X5","X6","X7","X8","X9","X10","X11","X12","X13","X14","X15","X16","X17","X18","X19","X20","X21"
"1",0.0677817169890272,0.0724881587727743,0.0865435095877165,0.0986200186448587,0.105254316623307,0.105536999625919,0.0996885928273592,0.0889417714046573,0.0751347871784267,0.0602354057276432,0.0459219355416443,0.0333441181763186,0.0230815693217105,0.0152381236899084,0.00959382658910047,0.00575797619380709,0.00329221589559665,0.00179223051398675,0.000928932429207259,0.000459259127232974,0.000227019065943072,0.000137516073852465
"2",0.0497394754186286,0.0549034100577958,0.0688830376792569,0.0831966694321033,0.0944766646630096,0.100828861079223,0.101198404944754,0.0956863196912317,0.0854390597280873,0.0722402931780587,0.0579911962210929,0.0442938794148003,0.0322383354992064,0.0223767210812317,0.0148150808450436,0.00935379754691457,0.00562884483554607,0.00322717565216612,0.00176342247789566,0.000920727699350466,0.000484751363098144,0.000313871491502584
"3",0.0333468458084802,0.0383165355462926,0.0510413673661525,0.0659459792438534,0.0803043118080352,0.0918328484359747,0.098517469816351,0.0992430995633573,0.0940847236403543,0.0841851615355789,0.071315587982531,0.0573548687049567,0.0438869728441191,0.0319968901648154,0.0222438381694118,0.0147473274821256,0.00932232807105022,0.00561842057773697,0.00323115661134369,0.00177916171011742,0.000996857753062383,0.000688247164296831
"4",0.0207607008483057,0.0249639435197368,0.0354686788428983,0.0491533427026963,0.064296029173201,0.0789165545306222,0.0906827676964705,0.0975746605058121,0.0984830619569741,0.0934937336220189,0.0837503936996592,0.0710166083471649,0.0571636404803945,0.0437733904541363,0.0319343284700055,0.0222122210881654,0.0147341345633152,0.00932489737240819,0.00563910694695423,0.00327250101406524,0.00195133606977591,0.00143396809521687
"5",0.012068819697435,0.0152410028404379,0.0231332183528411,0.0343827227013871,0.0482886836143416,0.0636181899599619,0.0783803222510035,0.0902547811329416,0.0972338725193739,0.0982190834182292,0.0932994831520759,0.0836165371731941,0.0709307281130584,0.0571124584184059,0.0437452885706865,0.0319210288862848,0.0222104305722551,0.0147525448586435,0.00937662072844723,0.00573338455068921,0.00363927423807979,0.00284152425022382
"6",0.00656035675848698,0.00872798767710596,0.0141610536870698,0.0225493323295704,0.0339570775682015,0.0479816527702597,0.0633916754350926,0.0782086438566662,0.0901225545625688,0.0971334988361518,0.0981462312400922,0.0932498718268737,0.0835851113018441,0.0709123882634627,0.0571032008931229,0.043743542927433,0.0319308331158492,0.0222564821740151,0.0148658190400327,0.00957752241927877,0.00647415857966363,0.00536100473715566
"7",0.00334562062190348,0.00470035500808926,0.00814792431811513,0.0138731920048371,0.0223550465086441,0.0338278143327127,0.0478932907972673,0.0633288088480077,0.078162331367545,0.0900883985001426,0.097109215365328,0.0981300117097887,0.0932398831624926,0.0835798119287985,0.0709114450178909,0.0571095555845983,0.0437697734547634,0.0320284827465502,0.0224882448550323,0.0152712021117745,0.0109991141339627,0.00964047762175286
"8",0.00160421394129259,0.00238512915822615,0.00441320575345725,0.00801695544785567,0.0137910019879954,0.0223047788721479,0.0337963968290143,0.0478727411818941,0.0633146263807837,0.0781523292515801,0.0900815231193732,0.097104803695208,0.0981276066162666,0.0932396323103306,0.083583930448958,0.0709282109482094,0.0571655296184886,0.0439635297292368,0.0324785685936816,0.0232659970839557,0.0178671686789652,0.0165421203530765
"9",0.000724706509310776,0.00114251620561894,0.00225386177513022,0.004358448717491,0.00798488957439086,0.0137729442704493,0.0222945025830659,0.0337902963693609,0.0478688614863935,0.0633120460473483,0.0781506467969781,0.0900805913693971,0.0971048301316751,0.098129977958879,0.0932497356153013,0.0836188466989808,0.0710390404618401,0.0575307471460989,0.0447957294225561,0.0338992366810082,0.0277824332971423,0.0271151108815807
"10",0.000308875405886141,0.000517334017217507,0.00108684832778101,0.00223279630418221,0.00434691091514952,0.00797888610700872,0.0137698265558503,0.0222928307439047,0.0337893281664176,0.0478682661309894,0.0633117184371463,0.0781507036149691,0.0900817870877264,0.0971102013093118,0.0981501662311336,0.0933171148728443,0.0838263508678483,0.0716944822039969,0.0589970074276379,0.0472685596792044,0.0413948149366686,0.0425051906571227
"11",0.000124257583618973,0.000221573049250369,0.000495321334457974,0.00107936237263536,0.00222896128345962,0.00434506792253612,0.00797801559707708,0.0137694110825282,0.0222926195628657,0.0337892248871926,0.047868301212283,0.0633122325770868,0.0781532089118423,0.0900920137071879,0.0971476266348797,0.0982726435936652,0.0936852536042406,0.084946705413103,0.0741576455793786,0.0631020983035081,0.0591502805372212,0.0637881752499789
"12",4.71796310259083e-05,8.97741550456333e-05,0.000213445791534429,0.000492865514226084,0.00107818435990576,0.00222843683808129,0.00434484160778319,0.00797792017791168,0.0137693732037608,0.0222926315718481,0.0337894087523388,0.0478692967995259,0.0633167434593671,0.0781712995534122,0.0901572656330131,0.0973579333108446,0.0988921141503381,0.0955101866903836,0.0888949519715826,0.0806636027503375,0.0811137780019561,0.0917287660757749
"13",1.68968858784184e-05,3.43943943403619e-05,8.69680147648331e-05,0.000212702019298568,0.000492531308825821,0.00107804625439377,0.00222838222791298,0.00434482218588653,0.0079779213730759,0.0137694285392662,0.0222929665199198,0.033791110396659,0.0478768925597471,0.0633468948788357,0.0782787856171479,0.0904992735050487,0.0983482085434803,0.101727619080895,0.101554815214202,0.0987492547218417,0.106803336776435,0.126488748982141
"14",5.70194594831511e-06,1.24490766470109e-05,3.34878298995919e-05,8.67602668252627e-05,0.000212614529424781,0.000492497751098202,0.00107803445787033,0.00222838111663001,0.0043448387893226,0.00797802517641019,0.0137699943625572,0.022295746233512,0.0338032990338191,0.0479246565745265,0.0635150987450282,0.0788075280859021,0.0920069102175768,0.102556686613955,0.110576473365789,0.11583458312094,0.135096783689803,0.167339449016511
"15",1.81046708996472e-06,4.25143410324237e-06,1.21750342923802e-05,3.34344383045269e-05,8.67393301433824e-05,0.000212607639601924,0.000492497819489722,0.00107804426508128,0.00222842647357367,0.00434504990000645,0.00797902462925102,0.0137745435273344,0.0223148713661418,0.0338763565204509,0.0481772304315921,0.0642972731705599,0.0810024770751833,0.0979867697861431,0.114960964097898,0.130392225916184,0.164279820527517,0.212463406150056
"16",5.39949961465551e-07,1.36762415218149e-06,4.17399108927343e-06,1.21626149725645e-05,3.34306170851371e-05,8.67410156622798e-05,0.000212618819429557,0.000492538417667962,0.0010781873385563,0.00222895126522985,0.00434707508963453,0.00798700842027252,0.0138052319778365,0.0224258734794396,0.0342468155544353,0.0492967959244033,0.0673737388126821,0.089164903491614,0.114667140876027,0.141313147628907,0.192273273336296,0.258948283754643
"17",1.50953935309344e-07,4.13628968763985e-07,1.34733594855145e-06,4.17206609827172e-06,1.21649320675377e-05,3.34425358300873e-05,8.67836919634021e-05,0.000212760718648066,0.000492993607748182,0.00107963630440772,0.00223364801081266,0.00436272006709541,0.00803964928759403,0.0139786669656382,0.0229693656083746,0.0358211124584057,0.0534859317855293,0.0781255764212141,0.110726026469457,0.148262164742388,0.217004556914416,0.303066715493456
"18",3.94903729715724e-08,1.17448147702552e-07,4.09154614932178e-07,1.34927355589175e-06,4.18180084782272e-06,1.22016233683378e-05,3.35695476966104e-05,8.71962074526454e-05,0.000214032697460565,0.000496776178855277,0.00109070133250995,0.00226606933733782,0.0044584310448623,0.00832134192357315,0.0147876323209161,0.0251693982354305,0.0414050323412509,0.0672072462541008,0.104955047269184,0.151768232159397,0.236820338653963,0.340900655705099
"19",9.69581665064259e-09,3.14607934537434e-08,1.17694557712375e-07,4.15105381853219e-07,1.37327893075562e-06,4.27032684462474e-06,1.25052616525248e-05,3.45441802998457e-05,9.01442811694805e-05,0.000222517504538759,0.000520316165863931,0.00115460265004056,0.00243778193626119,0.00491644189707268,0.00952368536156489,0.0178263900887498,0.0324447487695976,0.0583666236173842,0.0993314918904951,0.152956155703565,0.25084153189799,0.369314301231428
"20",2.33326338279442e-09,8.36917222646507e-09,3.39875393251764e-08,1.29556692898832e-07,4.62044785725005e-07,1.54524281211465e-06,4.85650512064631e-06,1.43723710026827e-05,4.01296255516552e-05,0.000105941834392608,0.000265140115349767,0.000631225646960058,0.00143593098182878,0.00313816805576171,0.00662679345936917,0.013567056731018,0.0269606298123832,0.0526199805515291,0.0952703479449142,0.153039013525942,0.259199009146801,0.387079222157809
"21",7.13701242929861e-10,2.87767083124815e-09,1.2812531851983e-08,5.31109456154925e-08,2.04722664646099e-07,7.35916135868429e-07,2.47368392163617e-06,7.79578933986e-06,2.30982218089346e-05,6.45463443761161e-05,0.000170772803677924,0.000429847158155143,0.00103515745340223,0.002399040590646,0.00537654127978532,0.0116595287557863,0.0244124819115095,0.0498419088166684,0.0931807235662324,0.152866857854854,0.26302630127496,0.395501914341225
"22",4.49802057167436e-10,1.92678679257602e-09,8.96854598045757e-09,3.86267072215152e-08,1.5399321820175e-07,5.70352939251478e-07,1.96909571782765e-06,6.35725227194419e-06,1.9257348652418e-05,5.4937224322602e-05,0.000148256449198103,0.00038051591657813,0.000934464028070991,0.00220874720143602,0.00504697919743304,0.0111451181323587,0.0237097911898034,0.0490576024043449,0.0925698270267101,0.152783263279299,0.264073883878083,0.39785825605772
