"","X0","X1","X2","X3","X4","X5","X6","X7","X8","X9","X10","X11","X12","X13","X14","X15","X16","X17","X18","X19","X20","X21"
"1",0.160191032541364,0.0830062260433388,0.0887519946535952,0.0896494502453032,0.0895601537190647,0.0863794211937927,0.0800594365120774,0.0714243906000311,0.0612701691533928,0.0505539940844558,0.0401480662528028,0.0307072973157691,0.0226325767940555,0.0160825850583166,0.0110229164321322,0.00729039877998762,0.00465633480418551,0.00288361941442709,0.00173024718715227,0.00105189049420413,0.000530613815837556,0.000417184904709897
"2",0.130033881049251,0.0699449457213593,0.0774727593565602,0.0816802826542223,0.085062241098272,0.0855292522567176,0.082651894903072,0.0768265509157216,0.0686253812002682,0.0589267490006926,0.048673764698749,0.0387017492812357,0.0296421739584005,0.0218824656086184,0.0155788554697873,0.0107026807090384,0.00710225682559014,0.00457475448156668,0.00285631416240351,0.00181497894514357,0.000942299358329958,0.000773768344996198
"3",0.0995299846558939,0.0561124262460539,0.0648438921890627,0.0718136276760429,0.0783509922666843,0.0824628159311893,0.0833571141012718,0.0809449551878733,0.0754538991126247,0.067542719046877,0.0581025273891793,0.0480695114979258,0.0382777224569444,0.0293597918332798,0.0217080054489959,0.0154851496496668,0.0106712427040883,0.00714596396848431,0.00463975280111917,0.00307921816097259,0.00164280936905354,0.00140587830671202
"4",0.0725367192798098,0.0431424719629699,0.0522074196474691,0.0608626449282176,0.0696564268560186,0.0768006032949558,0.081249944207385,0.0824651631052695,0.080256101844068,0.0749241806065204,0.0671465066352484,0.0578159732813576,0.0478721214480639,0.0381523819936571,0.0292946025740727,0.0216956327605226,0.0155247611415951,0.0108083565398269,0.00729691337182106,0.00505665086882546,0.00276895312148258,0.0024654705308387
"5",0.050468660348712,0.0318225275145146,0.040404752394488,0.0495987459546986,0.0595492499019347,0.0687802992521511,0.0761562903643949,0.0808076212881869,0.0821376348424651,0.0800107946342239,0.0747444951282634,0.0670198968260453,0.0577344456734219,0.0478322860898992,0.0381574713463167,0.0293519180573221,0.021818880335142,0.0158014006133084,0.0110954859039231,0.00802913515800872,0.00450792540971228,0.00417008296286301
"6",0.0335588609670398,0.0225187476276669,0.0300279859592422,0.0387940069853334,0.0488412840811283,0.0590803861660496,0.0684586979775047,0.0759547178989239,0.0806679289394913,0.082038372865602,0.079942474627402,0.074702295036043,0.0670045929667479,0.0577536019382605,0.0479035260508823,0.0383032515927551,0.0296022139337529,0.0223205014196357,0.0163096768914212,0.012325922851567,0.00708844412373367,0.00680250909981241
"7",0.0213614234452127,0.0152935522272582,0.0214189384238257,0.0290918037227028,0.0383804936537844,0.0486022794766267,0.058927054849212,0.0683719150700607,0.0758996027004815,0.0806324846678667,0.0820190607497952,0.0799409141195509,0.0747275824293922,0.067076450096355,0.0579077968699211,0.0481822791271337,0.0387576471288181,0.0304628623083418,0.0231786741445178,0.0182965738275011,0.0107670827048088,0.0107035282568288
"8",0.0130323042498632,0.00997058120564627,0.0146587323699398,0.0209044817443411,0.0288774552123767,0.0382642386378639,0.0485323864928567,0.0588920146489121,0.0683527979879981,0.0758912904204983,0.0806364910174038,0.0820436939990932,0.0800058080762797,0.074869568685364,0.0673578587512285,0.0583995152323319,0.0489642180396954,0.0401751111688064,0.0318552656388172,0.0262667220465772,0.0158016548708635,0.0162478095032387
"9",0.00762840362006735,0.00624117894545541,0.00962400830683739,0.0143907061350403,0.0207987396292216,0.0288233450405032,0.0382337001459837,0.0485194579895759,0.0588878631635664,0.0683573975595069,0.0759113714272713,0.0806890737075527,0.0821638461487702,0.0802561674060242,0.0753521211363331,0.0681850822979882,0.0596896934433519,0.0512121751186687,0.0423499321633979,0.0364768840009563,0.022410322739113,0.0237985298748101
"10",0.00428760845173944,0.00375162092270289,0.00606143896241155,0.00949121399694196,0.0143409485231226,0.0207746783816997,0.0288108368467372,0.0382304013060096,0.0485228403020089,0.0589023550672224,0.0683963528662108,0.0760044333815334,0.0808944859513491,0.0825827305131715,0.0810480728168459,0.0766877345141107,0.0702310584937379,0.0631249176345086,0.0544837693068293,0.0490119030056957,0.0307197245918285,0.0336408741635784
"11",0.00231538682585797,0.00216594863871355,0.00366276445603453,0.00599872766091055,0.00946888585488149,0.0143308993146971,0.0207704752489056,0.0288125397574579,0.0382398759674078,0.0485494859238248,0.0589688601634567,0.068550882315529,0.0763391465303836,0.0815657555279824,0.0838301685957798,0.0831200766236995,0.0798078463193247,0.0752904373957294,0.067865967521444,0.0637346791093004,0.0407102418406223,0.0459009484080526
"12",0.00120189316946334,0.00120126208057557,0.00212399623171733,0.00363452154563862,0.00598925171833655,0.00946525267984979,0.0143308556621415,0.0207759791164597,0.0288293426703217,0.038283850326308,0.0486566168873663,0.0592136916225964,0.069073139753422,0.0773709718653671,0.0834529892592794,0.0869197679183996,0.0876970748842017,0.086990236986785,0.0819104176638102,0.0802428782669776,0.0521714456115694,0.060464564079409
"13",0.000599935584519479,0.000640147660019526,0.00118232768199338,0.00211189560804583,0.00363086414254252,0.00598866019683878,0.00946786141852497,0.0143405325896753,0.0208027896735498,0.0288979098835763,0.0384485058453714,0.0490278357230557,0.0599947846251982,0.0705952119906738,0.0801139986914215,0.0878823036592228,0.0933799325391218,0.0975264691323468,0.0958984592981801,0.0978680921291197,0.064683627969078,0.0769178539579201
"14",0.000288048475809483,0.000327848028569578,0.000631988134876219,0.00117745834207797,0.00211085407466297,0.00363195916334195,0.00599364820119834,0.00948287023908852,0.0143809586652967,0.0209048390456236,0.029140094495685,0.0389878787566177,0.0501485203469629,0.0621507101519752,0.0744270931561422,0.0862211627594992,0.0966579218044077,0.106349805479163,0.109081232349784,0.115730625815982,0.0776394759869548,0.0945350065262771
"15",0.000133058971780285,0.000161405781671641,0.00032451736219879,0.000630253262045382,0.00117768484648093,0.0021132372431105,0.00363968301954711,0.00601566840089839,0.00954128921820219,0.0145267295070589,0.0212468329027407,0.0298927472465002,0.040532773587041,0.0530840019708772,0.0672994647636077,0.0825301069447106,0.0976986371829713,0.113161861665765,0.120799107888184,0.132848117921702,0.0903108078130284,0.112332012499873
"16",5.9147834329279e-05,7.64145808275561e-05,0.000160170829028316,0.000324161598336837,0.000631298536106392,0.00118149198279074,0.00212456442098801,0.00367107499535439,0.00609757975901985,0.00974277225148561,0.0149930940757984,0.0222597553615062,0.0319451259344974,0.0443830563453301,0.0597478785101405,0.0776551182828316,0.0969916195234087,0.117957907935549,0.130584405038031,0.148276130438186,0.101949970741787,0.129187261024663
"17",2.53205085177886e-05,3.48294700093291e-05,7.61125107012489e-05,0.000160565774645523,0.000326103500685312,0.000637186736540938,0.00119810422153663,0.00216909809625385,0.00378436389538442,0.00637036870362037,0.0103625190867415,0.0163166035734346,0.0249000057275526,0.0368265528996839,0.0527101174964182,0.0725151364077751,0.0952256585850038,0.12099390543261,0.138215311593117,0.161244134415065,0.111901215924962,0.144006785439737
"18",1.04832663223979e-05,1.53689568937914e-05,3.5058421061618e-05,7.72238218102561e-05,0.000163943931286799,0.000335461514665754,0.000662132063960369,0.0012620318075646,0.00232582913397412,0.00415029510455827,0.0071802257117362,0.0120531809470343,0.0196226459965562,0.0309044820320194,0.0468992232341854,0.0679221960291483,0.0931241679636282,0.122689586473026,0.143709084627396,0.171256988649102,0.119697555317156,0.15590283499691
"19",4.2920787934606e-06,6.73520777304178e-06,1.60993332814119e-05,3.71960613523077e-05,8.29836527321586e-05,0.000178903812627758,0.000373182210366361,0.000754140242580486,0.00147807701551527,0.00281174473190998,0.00519158559620195,0.0092942373144789,0.0160883319558611,0.0267983050662213,0.0427133288887786,0.0644343588293948,0.0912806548350156,0.123503724419943,0.147275664732241,0.178164740826719,0.125139485990991,0.164372227197218
"20",1.8976112860884e-06,3.2081445810956e-06,8.07512840577965e-06,1.96654582728773e-05,4.63244219583857e-05,0.000105663243675241,0.000233631253538964,0.000501130008432155,0.00104290098404443,0.00210448269565907,0.00411131168753473,0.00775524961069781,0.014065851838139,0.0243885633106103,0.0401899782430879,0.0622569787069518,0.0900317869417136,0.12382690352295,0.149269274611218,0.18221731766241,0.128360084582569,0.169459720332262
"21",1.10318231999417e-06,1.98516388738487e-06,5.21333947002802e-06,1.32430912785136e-05,3.25430248331121e-05,7.74360558656796e-05,0.000178545728079715,0.000398943942603969,0.000863261201277765,0.00180641517870444,0.00364704545221968,0.0070815206303203,0.0131648154174628,0.023296553888963,0.0390260148105076,0.0612299775252996,0.0894140966789581,0.123925734981611,0.150142920277009,0.184056241320988,0.129830251186614,0.171806137921724
"22",9.26371554627405e-07,1.70469662759523e-06,4.54449397803385e-06,1.17150005972897e-05,2.9207738391637e-05,7.0493098900679e-05,0.000164786273218351,0.000373044772384729,0.000817101377616094,0.00172883034022982,0.00352473412947055,0.00690201502543503,0.0129221902361508,0.0229994901703139,0.0387060385941557,0.0609439921185013,0.0892375539088587,0.123944813921568,0.150375782322239,0.184557182038231,0.130232188298735,0.172451665072841
