"","X0","X1","X2","X3","X4","X5","X6","X7","X8","X9","X10","X11","X12","X13","X14","X15","X16","X17","X18","X19","X20","X21","X22","X23","X24"
"1",0.075007281603897,0.107516593397608,0.139139857760923,0.152922634077382,0.145921613463302,0.123687757432184,0.0946094818077868,0.0660463068198243,0.0424289107025819,0.0252424366131522,0.0139787788019656,0.00723619692170788,0.00351396885188838,0.0016055706499118,0.000691967593547922,0.000281873138310244,0.000108704064719449,3.97390535890512e-05,1.37841924518698e-05,4.53959906577175e-06,1.41998092689417e-06,4.21906818079671e-07,1.19078448901873e-07,3.21786639105288e-08,1.03093446116789e-08
"2",0.0740238522425666,0.106252313809884,0.137804265013899,0.151913574579343,0.145528658047412,0.12395115561421,0.0953525363263636,0.0670006302216663,0.0433574973789954,0.0260033350970705,0.0145269979269948,0.00759162776010355,0.00372434891419934,0.00172038717811893,0.000750162124362203,0.000309415192030244,0.000120926670090318,4.48417357960525e-05,1.57932904686877e-05,5.28711338029037e-06,1.68318420620194e-06,5.09703227944417e-07,1.46851621302511e-07,4.06102734543605e-08,1.34137172573897e-08
"3",0.071205891039496,0.102586939868686,0.133848666347856,0.148800812220982,0.144140453989735,0.124489398033787,0.0973815495667704,0.0697708067903326,0.0461585787434718,0.0283730454318991,0.0162851570703609,0.00876396470408743,0.00443753873321408,0.00212028392965194,0.000958366133949788,0.000410630775471215,0.000167068087406051,6.46333513688586e-05,2.38020527294999e-05,8.35075600085549e-06,2.79283170605283e-06,8.90696455168638e-07,2.71006091220754e-07,7.95187848389794e-08,2.83197077769565e-08
"4",0.0663364782546338,0.0961511341935224,0.126697875802629,0.142858649816135,0.141040614297521,0.12479491346246,0.100539511273555,0.0745698093481143,0.0513189259161708,0.0329606962595371,0.0198457160702005,0.0112421726119777,0.00600930928702775,0.0030383971742665,0.00145607336875308,0.000662464101061082,0.000286533245623733,0.000117951388808758,4.62518519391601e-05,1.72880283399066e-05,6.16254499263714e-06,2.09558256712696e-06,6.80165205715583e-07,2.13472511634075e-07,8.24824484374079e-08
"5",0.0595257794825142,0.0869827588437089,0.11616549966885,0.133559993967075,0.135404074563796,0.123960755944308,0.104119509760917,0.0810933197954297,0.0589762632283085,0.0402376545743196,0.0258370930030473,0.0156499589766797,0.00895790880737433,0.00485228224414377,0.00249038764931433,0.00121240765591435,0.000560437622845999,0.00024620558284336,0.000102875395435974,4.0913809335334e-05,1.54960310583833e-05,5.59186981561198e-06,1.92418316777632e-06,6.41238010329489e-07,2.66101788474004e-07
"6",0.0516119075729583,0.0761082203761705,0.103202298134935,0.121347175801303,0.126885995813973,0.12091142053143,0.106671643154736,0.0879782690725998,0.0682038592111871,0.0498364214864831,0.0343664242465275,0.0223777291492249,0.013764246624975,0.00800083143685377,0.00439775203358372,0.00228761163954727,0.00112716671203217,0.000526591103109181,0.000233487023424867,9.83459070534039e-05,3.93834146694345e-05,1.50053974409869e-05,5.44642400617586e-06,1.91781447370001e-06,8.49917304935572e-07
"7",0.0431566643306759,0.0642704603954375,0.0886068592779388,0.106773723386516,0.115497459637687,0.114990418192138,0.107004429583502,0.0938397245586785,0.0778153855105855,0.0610419751529186,0.0452581485044476,0.0316794864438229,0.0209178313157474,0.0130253108047466,0.00765071253456611,0.00424186477191344,0.00222219201868888,0.00110122814610403,0.000516856137294362,0.000230023716858149,9.71768463513961e-05,3.90098090839651e-05,1.49058200058484e-05,5.53719127810062e-06,2.61591301581094e-06
"8",0.0347861079443945,0.0523525406539622,0.0734596925485042,0.0908489237039115,0.101827074084982,0.106085012293677,0.104230974099169,0.097212407516714,0.0861624606733526,0.0724484560059835,0.0576340343185564,0.0432695907830192,0.0306045689374149,0.0203762831100911,0.012769818403352,0.00753741432012702,0.00419449937722122,0.00220348050681134,0.00109423039663673,0.000514375240581649,0.000229189398099412,9.69144118734886e-05,3.8977650628144e-05,1.52785112049568e-05,7.69510973481995e-06
"9",0.0270471289757838,0.0411608994699566,0.0588328183837888,0.0747394169124821,0.0868508023038121,0.0946608836522895,0.0980692106287377,0.0970331680867219,0.09162364204448,0.0822844926730817,0.0700002877645735,0.0562120222513793,0.0425036165514453,0.030219651651984,0.0201949786368927,0.012689469755755,0.0075038094482738,0.00418120245002902,0.00219849288892947,0.00109245413684163,0.000513775018898149,0.00022900999400458,9.70108045123515e-05,4.01681000826409e-05,2.15874152670713e-05
"10",0.0203515861052677,0.0313285534872891,0.0456307681446035,0.0595522122763914,0.0717056586042704,0.0816233175781397,0.0888960856900005,0.0929288762797971,0.093051218042713,0.0888552140932293,0.0805254846412347,0.0689668243005538,0.0556457209822973,0.0422122183608879,0.0300780535767169,0.0201296955779989,0.0126608006027945,0.00749177870530484,0.0041763658595396,0.00219662689007149,0.00109176632048768,0.000513575038244309,0.000229400327592921,0.000100493447551539,5.77050670245719e-05
"11",0.0150682481423006,0.0234298671620047,0.0346965355083832,0.0463721979674764,0.057615075801778,0.0681474258286205,0.0775748779561265,0.0851658676984555,0.0899156236325951,0.0908388199148283,0.0873488507523322,0.0795624956575238,0.0683842150149517,0.0553105281105709,0.0420283562655275,0.0299818003500456,0.0200816000074898,0.0126378704082439,0.00748135295687036,0.0041718484988093,0.0021947752640227,0.00109117768793986,0.000514680112010642,0.000239022828155344,0.000146886472940486
"12",0.0110190359442551,0.0172762169764746,0.0259397349840158,0.035372343905739,0.0451433472686418,0.0551969905853988,0.0653122362956365,0.074885350182646,0.0829173177330857,0.088195792377535,0.0896119967634839,0.0865241954574456,0.0790374143674706,0.0680668264421651,0.055128314289534,0.041929024244819,0.0299304028461188,0.0200563636039514,0.0126261128713706,0.00747615868118544,0.00416971223996816,0.0021943351249883,0.00109466959389302,0.000540197563283557,0.000355909656897077
"13",0.00796796775181123,0.0125773599380497,0.0191003688465548,0.0264848548498411,0.0345736550148633,0.0434895668436437,0.0532170484036521,0.0633959790751506,0.0732457299008889,0.0816296147629355,0.0872506916095782,0.0889582147408819,0.0860964256742834,0.0787724269412448,0.0679114365504092,0.0550420861498068,0.0418837519572488,0.0299079105795205,0.0200457865263595,0.0126214159176284,0.00747430750051306,0.00417012336516662,0.00220411031696875,0.00115891512505324,0.000820251657948645
"14",0.00570853215393757,0.00906129717954215,0.0138897664034752,0.0195254917650053,0.0259683389513007,0.0334480995132658,0.0421154583567298,0.0518626736160909,0.0622132289086847,0.0722958045995101,0.0809161939159682,0.0867461510635628,0.0886214289081086,0.0858841716087799,0.078646161529147,0.0678405493024645,0.0550045205872662,0.0418649513730436,0.0298990229556596,0.0200418563253184,0.0126201271019956,0.00747686153207357,0.00419516605132326,0.00235767805975355,0.00179646823799547
"15",0.00404970796196017,0.00646074976942132,0.00998518825350245,0.0142021506905172,0.0191854649757432,0.025202736559088,0.0325015135570338,0.041170504774019,0.0510252048932059,0.0615296463865703,0.0717739539418583,0.0805414381749518,0.0864925972136162,0.0884598032782563,0.0857871287101299,0.0785912758186947,0.0678112937923959,0.0549898142267928,0.0418579895980091,0.0298960376037651,0.0200416094586251,0.0126278124595915,0.00753707054933387,0.00454376725216324,0.00373554010075771
"16",0.00285829092087821,0.00457945195963473,0.00712599960657571,0.0102325217837091,0.0139965790491316,0.0186770394841992,0.0245549591149159,0.0318388767801205,0.0405688875474402,0.0505223646403028,0.0611372481468526,0.0714866923394606,0.0803439414016288,0.0863650708878311,0.0883824549072432,0.0857430377806425,0.0785676332931858,0.0677993610612548,0.0549841898816773,0.0418558466497103,0.0298977599746713,0.0200610549835192,0.0127647307955975,0.00828816530583129,0.00736784170398887
"17",0.00200634759908349,0.00322640413153714,0.00505011420329318,0.00731052824934762,0.0101037348838719,0.01365502475282,0.0182328943298789,0.0240931841795367,0.0314129882043941,0.0402075543619017,0.0502365685139312,0.0609256147150562,0.0713398276977616,0.0802484086144306,0.0863067968948769,0.0883490925795076,0.08572509248583,0.0785585758137086,0.0677952142283647,0.0549833573932577,0.0418619699786893,0.0299431421845551,0.0203562537989979,0.01429942060957,0.0137718895958005
"18",0.00139329620862642,0.00224942808691352,0.00354266951583796,0.00517063554282554,0.00721800596183615,0.00986801098432644,0.0133512548319413,0.0179182976067791,0.0238034502595057,0.0311671564217484,0.040012940873288,0.0500922765520677,0.0608253512169608,0.071274529053353,0.0802085355709113,0.0862839515731538,0.0883368089374522,0.0857189613879897,0.0785561449667914,0.0677967759766887,0.0549992228473881,0.0419616398782501,0.030546509689789,0.023326950747628,0.0243771953079501
"19",0.000953410881073069,0.00154659355901628,0.00245352952074641,0.00361469605484185,0.00510097854556622,0.00705537837108496,0.0096632247536104,0.0131419787791438,0.0177273000265658,0.0236424018253603,0.031040192587301,0.0399190587427504,0.0500271497865956,0.0607829786630911,0.0712486718314917,0.0801937345131755,0.0862760406988898,0.0883330828785915,0.085718539975515,0.0785625209377545,0.0678335789701277,0.0552065807162084,0.0431301083831349,0.0359885559623849,0.0408397130359819
"20",0.000640785744234533,0.0010456383262858,0.00167362258706794,0.0024933652472582,0.00356268153379197,0.00499058440538252,0.00692024521415893,0.00952746511205988,0.0130195562812862,0.0176249532842724,0.0235621926606024,0.030981117750838,0.0398781840195977,0.0500006009163283,0.0607668009996194,0.071239450700735,0.0801889602849365,0.0862744584524398,0.0883359420142742,0.0857355224777099,0.0786430062063755,0.0682435645117151,0.0573494767108099,0.0525562311912311,0.0647455933669914
"21",0.000421385107728576,0.000692738603459452,0.00112104194677273,0.00169293154659233,0.00245492359113023,0.00348908838228926,0.00490359364455862,0.00683479719294914,0.00945169846350122,0.0129570154727012,0.01757639629164,0.023526667271623,0.0309566512818817,0.0398623476721184,0.0499909972396655,0.0607614516093242,0.0712371751101036,0.0801902285874814,0.0862844668907355,0.0883769129339186,0.0859044144165428,0.079415479122432,0.07196466889617,0.0727755569778036,0.09715737174688
"22",0.000270626242298642,0.000448849300503701,0.000735897603899672,0.00112918744863464,0.00166581699013658,0.00240732003869758,0.00343463330795161,0.00485125516807329,0.00678914621968502,0.00941448440771352,0.012928387067275,0.0175555886487344,0.0235124060519698,0.0309474687255145,0.0398568794939322,0.049988329888081,0.0607618191636287,0.0712440426904589,0.080217105548488,0.0863786220605214,0.0887187076722273,0.0872944656712149,0.0855352376444937,0.0958064222801084,0.13810730066576
"23",0.000169271177512814,0.000283658506833242,0.00047216713991425,0.000738009398524693,0.00111049228363677,0.00163574165415575,0.00237418764412418,0.00340364216247303,0.00482482072661284,0.00676799499301797,0.00939846549192013,0.0129169071848964,0.0175478464345538,0.0235075766002051,0.0309449492861058,0.03985682955056,0.0499932403139957,0.0607812625207334,0.0713086881861139,0.0804215529094412,0.0870406181025093,0.0911051878226595,0.09682736067803,0.120335228406991,0.186234300824482
"24",0.000102941673795346,0.000174546137144625,0.000295576080871085,0.000471712608848516,0.000725777530943281,0.00109235086443657,0.00161666623153075,0.00235716062532792,0.00338997173865701,0.0048148751918679,0.00676172552839076,0.00939567285093621,0.012917385345594,0.0175515567028821,0.0235150650581508,0.0309585294957061,0.0398840272533912,0.050056536625341,0.0609443407446397,0.0717478735951995,0.0816616630886688,0.0909572234430925,0.105171361891338,0.144786237653615,0.238649222039635
"25",6.19655828585909e-05,0.000106420521642179,0.00018359185132102,0.000299641450155625,0.000472224877358804,0.000727547972116023,0.00110004918833729,0.00163437798366658,0.00238881058517437,0.00344002014957573,0.00488891518006043,0.00686696778563975,0.00954145633888745,0.0131159023367545,0.017818976311883,0.023873450792303,0.0314402536780505,0.0405443805805648,0.0510092012563924,0.0624573371867014,0.0745470565519743,0.0881818180910115,0.110529609215696,0.166451322349962,0.288318702181916
