"","X0","X1","X2","X3","X4","X5","X6","X7","X8","X9","X10","X11","X12","X13","X14","X15","X16","X17","X18","X19","X20","X21","X22","X23","X24"
"1",0.344738951246439,0.272052916031777,0.184852196721469,0.109856689855193,0.0537973176144062,0.0225288102935072,0.00832232484850683,0.00275462046994015,0.000817677197057828,0.000215952085122306,5.02296068597147e-05,1.02012473048537e-05,1.79816892395786e-06,2.74059760218559e-07,3.60357093987131e-08,4.08327852435235e-09,3.98615210445634e-10,3.3536889688662e-11,2.43325519912189e-12,1.52277878558958e-13,8.20945043773254e-15,3.79738435552601e-16,1.49554766665069e-17,4.9556219931659e-19,1.38980014462882e-20
"2",0.338160377969136,0.269016252570903,0.185674353060732,0.112546467327439,0.0564847499755541,0.0243353151336088,0.00927316097133732,0.00317463149367728,0.000979142855146983,0.000270819277080735,6.67490719149346e-05,1.45910344502804e-05,2.82224352764388e-06,4.82824270618797e-07,7.30970490422897e-08,9.7979508112601e-09,1.16225730739837e-09,1.21767468992103e-10,1.12240849212483e-11,9.0514527268382e-13,6.34086845240879e-14,3.82696012378523e-15,1.97151235592758e-16,8.57889193418036e-18,3.20824376008873e-19
"3",0.320246927170008,0.259754197129,0.186543255788312,0.119351240848751,0.0643012174064092,0.0301385059658959,0.0125931599207153,0.00475102494067106,0.00162614448716102,0.000505283401951561,0.000142351585856818,3.62713704104087e-05,8.328830688443e-06,1.71574338512976e-06,3.15450829716753e-07,5.1485652929841e-08,7.42002008884117e-09,9.39413356196041e-10,1.03963763723769e-10,1.00078907679434e-11,8.33755225095342e-13,5.97862902200085e-14,3.66743636012031e-15,1.91071685110783e-16,8.68897251934766e-18
"4",0.291259529230901,0.242832635070757,0.18477743761579,0.128447800828655,0.0774206281024223,0.0414690379476162,0.0199657365746285,0.00866835128319167,0.00340187948776826,0.00121069385960617,0.000391572089286474,0.00011498720594374,3.05288208313122e-05,7.28220879739471e-06,1.55013907510739e-06,2.92643446752063e-07,4.8738138685039e-08,7.12867832280272e-09,9.12058999802877e-10,1.0168315834383e-10,9.83951844271466e-12,8.22851418144681e-13,5.91762944222155e-14,3.63866418063133e-15,1.98354139028415e-16
"5",0.253509416193183,0.21822223197535,0.177617795793202,0.136188191799839,0.0937122856483872,0.0586093503853995,0.0331212278686333,0.0167543366025217,0.00756639376378538,0.00306276391514464,0.00111783784047467,0.000369195948116167,0.000110280599546527,2.9668124640612e-05,7.14539698289039e-06,1.53118292100287e-06,2.90342341343365e-07,4.84918752080673e-08,7.10531474787187e-09,9.10089836215257e-10,1.01536250495839e-10,9.82991607556422e-12,8.22311891324029e-13,5.91550279224268e-14,3.82936623672376e-15
"6",0.2128677695131,0.188917723517568,0.163971810223231,0.138157140390904,0.107931836665792,0.0783137762810346,0.0517134689162668,0.0304383555049193,0.0158215396243468,0.00727478277833356,0.00298131676900073,0.0010976966143754,0.000364813075219186,0.000109443087850845,2.95274249489249e-05,7.12455324769804e-06,1.52845112552899e-06,2.9002503432082e-07,4.84592516574612e-08,7.10236100160649e-09,9.09856432268566e-10,1.01520351769764e-10,9.82903871612941e-12,8.22374224206423e-13,6.28254409992652e-14
"7",0.172146896624517,0.157392661629866,0.145114126262421,0.133168402224359,0.116293882095273,0.0960806347438246,0.0730281352687313,0.0496634847693288,0.0297271439437935,0.0155994782411114,0.00721279136638301,0.00296598534812084,0.00109435850346273,0.000364174575169774,0.000109335672122486,2.95114835779149e-05,7.12245947740384e-06,1.52820733199314e-06,2.89999901201934e-07,4.84569693321909e-08,7.10218006679814e-09,9.09844174648862e-10,1.0152052099957e-10,9.8311196851324e-12,8.82050653267231e-13
"8",0.133958102315119,0.126233270095243,0.123288842051373,0.122042640422644,0.117005513366239,0.107618201885928,0.0922464913297054,0.0715537505162334,0.0491559136878638,0.0295697906536671,0.0155558635488747,0.00720208926958041,0.00296367600418193,0.00109392111151618,0.000364101686565351,0.000109324923960177,2.95100701883748e-05,7.12229240372446e-06,1.52818947637403e-06,2.89998173999256e-07,4.84568192140107e-08,7.10217067376043e-09,9.09858684145206e-10,1.01555983796698e-10,1.06596679963757e-11
"9",0.100340617897467,0.0975475668023339,0.100736029703612,0.106697729368165,0.110555540487073,0.110885993730063,0.104927541072187,0.0912133277667458,0.0711966165670683,0.0490439133337815,0.0295380661262512,0.0155477823396762,0.00720023062013606,0.00296328429640086,0.00109384381103595,0.000364087147523409,0.000109322315051534,2.95096316981981e-05,7.12222529946816e-06,1.52818037911118e-06,2.89997111263306e-07,4.8456748902242e-08,7.10238649011771e-09,9.10366839970822e-10,1.11439021916433e-10
"10",0.0726551765734582,0.0728497575366679,0.079314207663726,0.0892642269781362,0.0987714264863412,0.106284620672515,0.108938951734586,0.10411849434988,0.0908935222639185,0.0710754593768633,0.049000364290595,0.0295233255370139,0.0155430925948094,0.00719883476493608,0.0029629007284283,0.00109374835071624,0.000364066040669115,0.000109318233827324,2.9508949829725e-05,7.12212780525275e-06,1.52816863334068e-06,2.89996401934537e-07,4.84594797686011e-08,7.10863664629698e-09,1.01212747720036e-09
"11",0.0520902097279189,0.0534863660557876,0.0606783197657536,0.0716901820393701,0.0836876895639417,0.0953873210362818,0.104356165943318,0.107839130908945,0.10351095018563,0.0905864570891233,0.0709372530442501,0.0489449858625228,0.0295034183498933,0.0155366531074358,0.00719696971324417,0.00296242198097603,0.00109364065268252,0.000364045020299274,0.000109314704149768,2.95084438174813e-05,7.12206730285724e-06,1.52816814849723e-06,2.90026655975499e-07,4.85257912024574e-08,8.0167619561193e-09
"12",0.0371547206723298,0.0387985240186153,0.045341495073533,0.055591188371319,0.0677717942751518,0.0810755285384331,0.0936839462526479,0.103250489867791,0.107171395051125,0.103155242565822,0.0904213947256966,0.0708698841925488,0.0489204905281473,0.0294954390505296,0.0155343324866055,0.0071963726189467,0.00296228748537459,0.0010936143834975,0.000364040607600345,0.000109314072119936,2.95083770628105e-05,7.12211752248893e-06,1.52845697661798e-06,2.90635428118986e-07,5.55751765207791e-08
"13",0.0263387320314193,0.0278716673298844,0.0332950053364029,0.0419370513641298,0.0528664488595609,0.0658320763406492,0.0797050601635014,0.0927359041809059,0.10265595249534,0.106848198342901,0.103003581848462,0.0903590887611572,0.0708471389457163,0.0489130632300713,0.0294932758500363,0.0155337754383107,0.00719624708645536,0.00296226296071989,0.00109361026361565,0.000364040024344308,0.000109314090212556,2.95088728909011e-05,7.12448074661748e-06,1.53330763490964e-06,3.38394932406841e-07
"14",0.0185501824733361,0.0198731889495044,0.024170124121882,0.031034404139641,0.0400576751974337,0.0514464083558084,0.0647629301132197,0.0789318861723847,0.0922392035575712,0.102382593321318,0.106719073661165,0.10295033183549,0.0903396048269682,0.0708407678226406,0.0489112061477865,0.029492797415201,0.0155336675952957,0.0071962260150679,0.00296225942382661,0.00109360981992229,0.000364040656007583,0.000109317869848623,2.95256903145956e-05,7.15814383160739e-06,1.81667453599005e-06
"15",0.012938136130457,0.0140458276803846,0.0173879072572657,0.0226797653082115,0.0297553610552986,0.0390440441745427,0.0506471036318992,0.0641674798945318,0.0785434629130345,0.0920238004456134,0.102280433804642,0.106676846457122,0.102934859664143,0.0903345413119938,0.0708392911723899,0.0489108256195625,0.0294927116286055,0.015533650833139,0.00719622322683371,0.00296225948753971,0.00109361444681223,0.000364065492271773,0.000109422481972558,2.97298372842624e-05,8.63604445114808e-06
"16",0.00899866966144737,0.00987987485367745,0.0124203903525165,0.0164190605591899,0.0218014140371819,0.0290118228561291,0.0384246726711331,0.0501709213477769,0.0638521063076175,0.0783672953761794,0.0919399355349078,0.102245695468362,0.106664102367587,0.102930685884558,0.0903333236180351,0.0708389773038761,0.048910754852445,0.0294926978082298,0.0155336487130215,0.00719622588457574,0.00296228712540332,0.00109375714674461,0.000364636496700872,0.000110508265795904,3.65355069090088e-05
"17",0.00623817478113432,0.00691079418900868,0.00880194175377959,0.0117816724552701,0.0158164968704744,0.0212684458179277,0.0285527715951583,0.0380653103727891,0.049930898171811,0.0637174929072422,0.0783030805993708,0.0919133058407093,0.102235919398562,0.106660899325599,0.102929751181208,0.0903330826608534,0.070838922974863,0.0489107443014852,0.0294926973058695,0.0155336652750083,0.00719637019631808,0.00296300785447148,0.00109650355601134,0.000369723301298941,0.000138327313777877
"18",0.0042735499154596,0.00478088314840673,0.00617386111882232,0.00837425422741069,0.011377535274147,0.0154563507193408,0.0209559428162102,0.0283070109726342,0.0379007765791496,0.0498385110078208,0.0636733924072384,0.0782847851102148,0.0919065877203834,0.1022337179315,0.106660256840212,0.102929585548622,0.0903330453445857,0.0708389161575205,0.0489107503364822,0.0294927810725495,0.0155343323330679,0.00719958754025287,0.00297470802616835,0.00111760715552062,0.000471270696282275
"19",0.00287463281501494,0.00325717473262837,0.00427790864270256,0.00589077772203239,0.00811047921164934,0.011143911116567,0.0152539734848772,0.0207967770000136,0.0282004121948818,0.0378409024949652,0.0498099245398908,0.063661531380016,0.0782804293074147,0.0919051602702216,0.10223330132503,0.106660149477107,0.102929561714611,0.0903330442654874,0.0708389546743099,0.048911131734349,0.0294955464826947,0.0155471310393284,0.00724402246905618,0.00305271013464706,0.00145045177050578
"20",0.00189003196736479,0.00217702039719377,0.00292063207121063,0.00409520280660892,0.00572359253994405,0.00796379955114307,0.0110173313474825,0.0151545133468991,0.020730168779652,0.0281629956096282,0.0378230361302064,0.0498025107919417,0.0636588085956762,0.0782795369784074,0.091904899880421,0.102233234672996,0.106660138204251,0.102929586743862,0.0903332578297875,0.0708405961147912,0.0489216271983141,0.0295414641735029,0.0156986977426308,0.00750233371684947,0.00403498280923713
"21",0.00120890446501398,0.0014208417002953,0.00195662434459468,0.00280567295777051,0.00399275652883293,0.00563529051167514,0.00788832020734654,0.0109582461564182,0.015114994930924,0.0207079792961725,0.0281524017995701,0.0378186404268281,0.0498008964674214,0.0636582795856253,0.078279382980742,0.0919048638658867,0.102233253999645,0.106660317149738,0.102930688908657,0.0903399804586296,0.0708775521275891,0.04907167510533,0.0300084767183019,0.0164676267434612,0.0101063325635335
"22",0.000751558016883002,0.000903372670106287,0.00128129931361944,0.00188657809817656,0.00274469803833355,0.00394102577434267,0.00559145098626023,0.00785411974281318,0.0109353984902395,0.0151021717712487,0.0207018594088433,0.028149864701015,0.0378177112908389,0.049800594567975,0.0636581953174664,0.0782793818185042,0.0919050028652681,0.102234106209446,0.106664949089958,0.102955010008778,0.090457664918654,0.0713208123851201,0.0503692455305037,0.0320649310910882,0.0226289978945194
"23",0.000452882802514936,0.000557861624366199,0.000817152667504476,0.00123970821714097,0.00185158118415006,0.00271581790281192,0.00391697663308975,0.00557284717333064,0.00784175269310636,0.0109285097073135,0.0150989610723532,0.0207006421966442,0.0281495634107046,0.0378177690602302,0.049800779371395,0.0636585282120161,0.0782803167082894,0.0919085604107666,0.102249706147834,0.106737599172445,0.103278377692272,0.0916130466596413,0.074536438293473,0.0552873233863533,0.0449872976002556
"24",0.000264089468593268,0.000334045450535581,0.000506376487276588,0.000793442711400687,0.00122067089903575,0.00183666051968277,0.00270406619844431,0.0039085983712058,0.00556833161178554,0.00784096811431807,0.0109309249910546,0.0151040850933577,0.0207080449298093,0.0281588586253345,0.0378292104779394,0.0498164099380588,0.0636829996214901,0.0783222987414152,0.0919932171450992,0.102484026477746,0.107560480561977,0.105960311090896,0.0986505690203234,0.0848709910902574,0.0789503223629652
"25",0.000151945309000788,0.00019751449168057,0.000310019186071881,0.000502155573876475,0.000797205503475121,0.00123424375191487,0.00186227235399555,0.00274535269743345,0.00397069108729972,0.00565821711877396,0.00796802209234073,0.0111063498001794,0.0153399637253012,0.0210194711449586,0.0285709893753296,0.0383830626495117,0.0505604249487602,0.0646508594752919,0.0795389829345469,0.0935985770354622,0.105178931554503,0.113410883992071,0.118760540280151,0.115499719827927,0.118983604090144
