"","X0","X1","X2","X3","X4","X5","X6","X7","X8","X9","X10","X11","X12","X13","X14","X15","X16","X17","X18","X19","X20","X21","X22","X23","X24"
"1",0.294817051117307,0.310804531866651,0.215774867492318,0.109091393290777,0.0454641515878957,0.016578391570983,0.00541159611504184,0.00156474670548668,0.000392098923152724,8.36079237173874e-05,1.49996631467991e-05,2.25022330068739e-06,2.81444076367406e-07,2.93286419199405e-08,2.55001280634388e-09,1.85551447963213e-10,1.1333728372329e-11,5.81069974333225e-13,2.4838594098507e-14,8.7206373764037e-16,2.45859038827365e-17,5.40470509919676e-19,8.9035724372494e-21,1.03382634870443e-22,7.5891091543368e-25
"2",0.286685451878926,0.306284036082556,0.217448982410006,0.113365434792218,0.0489264923947503,0.0184917484688794,0.00626287737156305,0.00189059590303825,0.000501309526937848,0.000115456596188112,2.29846238520754e-05,3.95486054179682e-06,5.89411598832658e-07,7.6226685771199e-08,8.550143937789e-09,8.2825926160743e-10,6.87270640528656e-11,4.83034150853205e-12,2.83800480658766e-13,1.37386972130572e-14,5.3911025860735e-16,1.68096590749313e-17,4.05546563536083e-19,7.28297975077109e-21,9.22137542032819e-23
"3",0.266260441246271,0.292252012245711,0.218956824723973,0.124138238757245,0.0594097998950019,0.0250287680535009,0.00944114063499822,0.00319732284701378,0.000971007169115682,0.000263830702286069,6.38665613970808e-05,1.36844510790915e-05,2.57399364526807e-06,4.2126575693775e-07,5.94675016117127e-08,7.18108134792835e-09,7.3601403350933e-10,6.35373431022116e-11,4.58282965551009e-12,2.73710093970042e-13,1.33906951550851e-14,5.2928645146364e-16,1.65942716026988e-17,4.02146786600283e-19,7.34100863299817e-21
"4",0.235931689782197,0.267606517805644,0.215123645820146,0.137761210053242,0.0774451607175751,0.0387384507156755,0.0171828995388562,0.00677198411868944,0.00239080220763006,0.000760188761339024,0.000217103793145465,5.51634000228148e-05,1.23229705671753e-05,2.39407263866003e-06,4.0095809167192e-07,5.74824817936258e-08,7.0112230233611e-09,7.23295055806395e-10,6.2717033903186e-11,4.53852072678307e-12,2.71772502979327e-13,1.33246024235197e-14,5.27603347901307e-16,1.65641670719491e-17,4.09144051674216e-19
"5",0.199471299481355,0.233992953795904,0.202476224150782,0.147640572038504,0.0992678544314487,0.0604877293683285,0.0323246267130748,0.015005021595218,0.00611410788940567,0.00221865709440248,0.000721945536817347,0.000209954391360914,5.40388873980917e-05,1.21732301446234e-05,2.37700077680519e-06,3.99268887436825e-07,5.73360076550807e-08,7.0001139849277e-09,7.22570609105838e-10,6.2677562982474e-11,4.53678506907862e-12,2.71713235699053e-13,1.33231027223182e-14,5.27577104337409e-16,1.69729732231985e-17
"6",0.163083664471451,0.196825967668231,0.181403184557736,0.14791073052938,0.11629193257809,0.085296369800022,0.0551321980819668,0.0304796573471936,0.0144378357400979,0.00596204258502136,0.00218367625813833,0.000715077378656783,0.000208800230543366,5.38717162189291e-05,1.21522040591243e-05,2.37469635570439e-06,3.99049772884448e-07,5.73181722034918e-08,6.9988962512496e-09,7.22502562497223e-10,6.26745358564514e-11,4.53668129816472e-12,2.7171060961032e-13,1.33230629291698e-14,5.44543318608141e-16
"7",0.128466514663216,0.15932548806874,0.155406163466544,0.139042043322829,0.123764746820319,0.105585016022607,0.0812074644078874,0.0537267999302322,0.0300480550777772,0.0143221380694299,0.00593541427889183,0.00217844242641071,0.000714196410026837,0.000208672346674219,5.38555881193404e-05,1.21504310666677e-05,2.37452721238445e-06,3.99035953564809e-07,5.73172243620904e-08,6.99884296445604e-09,7.22500171928857e-10,6.267445292562e-11,4.5366791715186e-12,2.7171102485039e-13,1.38671445725051e-14
"8",0.0972317717727723,0.124073731467691,0.127863522854809,0.123876999184396,0.121313816908474,0.115993178688895,0.102647354755066,0.0802062230211845,0.053421580974663,0.0299668912643719,0.0143036437167166,0.00593182367438286,0.00217784608401843,0.000714110749900468,0.000208661542954668,5.38543739889258e-05,1.21503085084601e-05,2.37451613736584e-06,3.9903507097998e-07,5.73171638106594e-08,6.99883949906839e-09,7.22500012984682e-10,6.267444789642e-11,4.53670208209915e-12,2.85554605104441e-13
"9",0.0707006773241051,0.0929525175906271,0.101180238396125,0.105341442333151,0.11136032295921,0.115870673252135,0.113942916781307,0.101945606633447,0.0799893179781908,0.0533623626014663,0.0299527320372779,0.0143006332325633,0.00593123307793015,0.00217773473561443,0.000714090337830762,0.000208658016253379,5.38538281240217e-05,1.2150236139996e-05,2.37450818862153e-06,3.99034366746655e-07,5.73171147898121e-08,6.99883690059227e-09,7.22499936067166e-10,6.26753086787055e-11,4.82136949790063e-12
"10",0.0496888111052499,0.0672295034700841,0.0770807006954034,0.0857159110765487,0.096764481966763,0.107560521898688,0.114335491317653,0.11333338713197,0.101710906566041,0.0799047733456319,0.0533340499827678,0.0299438162839097,0.0142980021199343,0.00593052519296786,0.00217756723114618,0.000714056496467285,0.000208652299288254,5.38530331647448e-05,1.21501464823417e-05,2.374500123386e-06,3.99033800209189e-07,5.73170845936131e-08,6.99883652533883e-09,7.22524656811416e-10,6.74711245577098e-11
"11",0.0348551713583741,0.0480687171839839,0.0571902713371049,0.0669140802710975,0.0797504962032485,0.0936358987863675,0.105758621704824,0.113242085221842,0.112737292506198,0.10143466802834,0.079793942331426,0.0532945096638734,0.0299312055271139,0.0142944615445085,0.00592966941446466,0.00217739258787183,0.000714026853493798,0.000208648167962086,5.38525666863108e-05,1.21501044939459e-05,2.37449717290188e-06,3.99033643028361e-07,5.73170990187657e-08,6.99939276351768e-09,7.89418712210161e-10
"12",0.0244878474747649,0.0342133792127804,0.041680107745516,0.0504804823134311,0.062772717620998,0.0772743954108708,0.0919192261486039,0.104572426557576,0.112551401899439,0.112406264282924,0.101299306290885,0.079745107948214,0.0532788364750749,0.0299267907004285,0.0142933927399079,0.00592945113130052,0.00217735552421534,0.000714021687025914,0.000208647584549295,5.38525141698377e-05,1.21501008035654e-05,2.37449697946734e-06,3.99034049143288e-07,5.73270748161768e-08,7.77841837573914e-09
"13",0.0171278198035438,0.0242436794252497,0.0300905870463157,0.0372394632759072,0.0476342274650876,0.0609068839573484,0.0758395852609992,0.0908687281697286,0.103944847368602,0.112246890964311,0.112280903334788,0.101253902766971,0.0797305038930212,0.0532747180814072,0.0299257930960853,0.0142931889426488,0.00592941652275621,0.00217735069966196,0.000714021142204636,0.000208647535505764,5.38525107237482e-05,1.21501006858383e-05,2.37450361359382e-06,3.99178474282971e-07,6.49543602755369e-08
"14",0.0118931937532655,0.0170816006348759,0.0216112605219997,0.0271783291618397,0.0352988429438988,0.0462511153602112,0.0597566033190625,0.0749648547096403,0.0903379042218288,0.10368540358243,0.112139664915574,0.11224198123948,0.101241368070224,0.0797269668437365,0.0532738610391828,0.0299256179895124,0.0142931592044287,0.005929412377021,0.00217735023149076,0.00071402110006074,0.000208647532551522,5.38525116208018e-05,1.21501867649234e-05,2.37620758669508e-06,4.6234171372137e-07
"15",0.00816447248993044,0.0119150235208517,0.0154054138604309,0.0197155301448621,0.0258719635807573,0.034302599435289,0.0453752122573555,0.0590739884884995,0.0745465674823365,0.09013255355942,0.103600332358288,0.112108743158518,0.11223201563102,0.101238554904164,0.0797262850786356,0.0532737217328756,0.0299255943303472,0.0142931559061046,0.00592941200454385,0.00217735019796491,0.000714021097859962,0.000208647546280105,5.38534229105301e-05,1.21666925927421e-05,2.82111816388824e-06
"16",0.00560678092256793,0.0082785597292295,0.0108987764468033,0.0141916993260504,0.0188285278043873,0.0251314156092411,0.033609925624878,0.04482202325926,0.058731872909051,0.0743779222367654,0.0900625381260033,0.103574852509186,0.112100526074569,0.112229695303326,0.101237992493576,0.0797261701527201,0.0532737022138208,0.0299255916091644,0.0142931555988168,0.00592941197707496,0.00217735019927812,0.000714021251800267,0.000208655509137789,5.39855655217021e-05,1.48475477723648e-05
"17",0.00385058246978598,0.00573114622324365,0.00764471215824955,0.0101083827776711,0.013588492733713,0.018293440129264,0.0246120152161052,0.0331893570045118,0.0445605997096357,0.0586027143849815,0.0743242368498865,0.0900429880619257,0.103568545455781,0.112098744773024,0.112229263507218,0.10123790425476,0.0797261551659685,0.053273700124515,0.0299255913738239,0.0142931555845851,0.00592941204695753,0.00217735174163993,0.000714079462558208,0.000209535961259266,6.78928289392817e-05
"18",0.00260927572822146,0.00392284189296446,0.00530625905508417,0.00711897672260686,0.00970609461043637,0.0132268841320163,0.0179389726864658,0.0243238386933702,0.033009943046899,0.0444718931185831,0.0585658279699526,0.0743108010229481,0.090038652912668,0.10356732098656,0.112098447944604,0.112229202848382,0.101237893952233,0.0797261537306357,0.0532736999783537,0.029925591535091,0.0142931570093037,0.00592942724500864,0.00217771600439271,0.000719005468739648,0.000272121704481516
"19",0.00172876486969975,0.00263634919407089,0.00363485800606704,0.00496002727790802,0.00685760920212048,0.00947216551922393,0.0129974657569998,0.0177523057254143,0.0242075692968918,0.0329524420147129,0.0444479789891986,0.0585571163838002,0.0743079899966305,0.0900378589048565,0.103567128504265,0.112098408609229,0.112229196168157,0.1012378930383,0.0797261539084571,0.0532737029945703,0.0299256137442309,0.0142933071503725,0.00593145496371211,0.00220115944226931,0.000965480338843415
"20",0.00111463105075499,0.0017301187095789,0.00244522457169717,0.00341256519429,0.00479513143613597,0.0067112540209778,0.00932885895717623,0.0128808462186539,0.0176796498544898,0.024171631643104,0.0329374942766557,0.0444425333268996,0.0585553591088289,0.0743074936189803,0.0900377385717856,0.103567103913207,0.112098404440964,0.112229195794916,0.101237896328502,0.0797261892389498,0.0532739505090926,0.0299269396270602,0.0143037332576282,0.00602805792918422,0.00305799840048995
"21",0.000696352636420385,0.00110291046542389,0.00160534947743743,0.00230592381555508,0.00331191128021375,0.00470749476294351,0.00662607944296339,0.00925967204746857,0.0128377609552705,0.0176583414455403,0.0241627690779131,0.0329342655580937,0.0444414914629899,0.0585550648405417,0.0743074222954659,0.0900377239837594,0.103567101490841,0.112098405787615,0.112229222215287,0.101238170727804,0.0797280639271925,0.0532829735193567,0.0299757152754502,0.0146543996468034,0.00867541386165159
"22",0.000422023536282738,0.00068230523738085,0.00102457165266452,0.0015208351824577,0.00224623712872735,0.00326082077634126,0.00465817128187992,0.00658607984187122,0.00923477291854033,0.0128254486193304,0.0176532217421917,0.024160906030032,0.0329336676725315,0.0444413262875753,0.0585550270297026,0.0743074142707082,0.0900377238783705,0.103567117494465,0.112098558610468,0.112230626420446,0.101247454316555,0.0797707191678156,0.053473884702716,0.0311019761527761,0.0219591100481712
"23",0.000247365173042167,0.000408666934991632,0.000633870051616269,0.000974511830485937,0.00148667401425974,0.00221793451287796,0.00323392160887891,0.00463646585320669,0.00657260433329085,0.00922814431600767,0.0128227536637901,0.0176523520676156,0.0241607966626469,0.0329338361611688,0.0444415232640543,0.0585551570369714,0.0743076551543857,0.0900383817808513,0.103568786087469,0.112104921839677,0.112262637931346,0.10138539986377,0.0803551029234847,0.0566433930635337,0.0491271438705803
"24",0.000139908516594101,0.000236628229374393,0.000379721136124315,0.000605301068371062,0.000955894994140733,0.00147207606224609,0.00220463226404188,0.00322374562838269,0.00463101734978898,0.00657134375553601,0.00923000971790595,0.0128273368467829,0.017659576114677,0.0241700375429104,0.0329437737518815,0.0444522475147238,0.0585719483345054,0.0743370419066248,0.0900847854873056,0.103641738124276,0.112253810825339,0.112681047255894,0.102926430943862,0.0881305459637476,0.095669400664965
"25",7.7987464228148e-05,0.000135032517741133,0.000224201456417619,0.000370585960487462,0.000606060327925891,0.00096533263483203,0.00149128991301484,0.00223759548980983,0.00327490468530517,0.00470544689080079,0.00667791657530797,0.00938177864674736,0.0130367699885165,0.0179350283661871,0.0245214032195336,0.03340503046269,0.045103559757125,0.0594743713704413,0.0754809879292689,0.0914200486791611,0.105184186586586,0.114297301228064,0.116750691290546,0.118191674181315,0.155050814377949
