"","X0","X1","X2","X3","X4","X5","X6","X7","X8","X9","X10","X11","X12","X13","X14","X15","X16","X17","X18","X19","X20","X21","X22","X23","X24"
"1",0.286791183780411,0.283308254482669,0.199310545398745,0.122563582402189,0.0636388571667876,0.0281225057283586,0.0108923638256499,0.00376975863118266,0.00117315895594036,0.000327069123617485,8.1013687828124e-05,1.76776046902817e-05,3.37540637949449e-06,5.61370435431977e-07,8.10741569485426e-08,1.01487598770058e-08,1.09999913182252e-09,1.03193866787123e-10,8.37973357385342e-12,5.89109991309162e-13,3.58410909772543e-14,1.88339937278465e-15,8.50921811455188e-17,3.27871776722857e-18,1.09364943202845e-19
"2",0.281387925864494,0.279710538147652,0.199446079232595,0.124891809167693,0.0662983264035981,0.0300719104526217,0.0119916898583041,0.00428416982359437,0.00138122699234426,0.000401331253314015,0.000104564013641714,2.43065000588381e-05,5.02460889147594e-06,9.22398087411505e-07,1.50357185533516e-07,2.17708184203671e-08,2.80011766819721e-09,3.19586683391031e-10,3.228670959146e-11,2.87520660504598e-12,2.24403452413058e-13,1.52418161726118e-14,8.9361191254425e-16,4.48103756242866e-17,1.97090589952737e-18
"3",0.266642818592877,0.269100824190464,0.198545631049749,0.130580339758268,0.07385403770362,0.0361846647593765,0.0157360612526843,0.00616805492217929,0.00219480324960782,0.000710516779214851,0.000209174511054303,5.59016527638437e-05,1.35237387861359e-05,2.95052503882222e-06,5.77960189577757e-07,1.01154215119534e-07,1.573980042153e-08,2.16677434985406e-09,2.62632850235956e-10,2.78969585805918e-11,2.58442762258608e-12,2.07776443619754e-13,1.44170092144532e-14,8.58033147609676e-16,4.53902995562944e-17
"4",0.242720027930428,0.25033283402256,0.194196842388134,0.137704273344674,0.0861371263670221,0.0477337553526436,0.0237632340890314,0.0106850557978109,0.00435051320210304,0.00160837102085304,0.00054118969375665,0.000165795299974191,4.61257143358493e-05,1.15966475871114e-05,2.61900754947412e-06,5.2816178423803e-07,9.4603377008907e-08,1.49815861566872e-08,2.08913448678804e-09,2.55567397339094e-10,2.73248465840735e-11,2.54337809632847e-12,2.05192846425222e-13,1.42769051937895e-14,8.96213201762594e-16
"5",0.211482504413062,0.223742189043894,0.184140280086735,0.142836634309798,0.100801076024056,0.0645812693873724,0.0375264486374877,0.0196257367560034,0.00919942689874592,0.00387169465763413,0.00147012540678633,0.000505742270876857,0.00015779284524046,4.4543999536669e-05,1.13235309146466e-05,2.57777788202434e-06,5.22703406240839e-07,9.39665925097316e-08,1.49157708075337e-08,2.08308325183526e-09,2.55072224040879e-10,2.72889613122548e-11,2.54110118945433e-12,2.05078109171585e-13,1.5155198536654e-14
"6",0.177761676172422,0.192748509410434,0.167967320221092,0.142178518302802,0.112826474148563,0.0831882296663176,0.0561756215219848,0.0340846092012907,0.0183748989287798,0.00879049487726086,0.00375154824969014,0.0014386268527172,0.000498423760624636,0.000156291612409172,4.42722993266763e-05,1.12800735085107e-05,2.57161843655499e-06,5.21927962210679e-07,9.3879826022761e-08,1.49071622714707e-08,2.08233034631788e-09,2.55014712090383e-10,2.72852069041902e-11,2.54109803608806e-12,2.19968018555371e-13
"7",0.143905325072348,0.159852238229881,0.147105271041989,0.134936138485627,0.118907878012147,0.0992492471513601,0.0767362109574783,0.0535425674200023,0.033130059403488,0.0180633268650264,0.00869902734154778,0.00372757274376325,0.00143305454022581,0.000497279886999142,0.000156084356952782,4.42390999381381e-05,1.12753592341024e-05,2.57102363656324e-06,5.21861244843144e-07,9.38731887500318e-08,1.49065800571274e-08,2.08228584236649e-09,2.55012537792515e-10,2.72887757772214e-11,2.75639476480036e-12
"8",0.112102768644298,0.127633417362191,0.123818531297647,0.12212135276832,0.117677624684242,0.108939239251271,0.0945541533466043,0.0748362862598612,0.0528591684599935,0.0329085910117441,0.0179987599472444,0.00868222579894709,0.00372369938159242,0.00143226659316275,0.000497138453891151,0.00015606188272983,4.42359200221219e-05,1.12749557514842e-05,2.57097742030073e-06,5.21856446885172e-07,9.38727379292113e-08,1.49065441980148e-08,2.08229640147884e-09,2.55069528515753e-10,2.99718046023051e-11
"9",0.0840665488464199,0.0981910109788526,0.100311220744157,0.1056682975337,0.109819527149316,0.110629826887617,0.105638395996117,0.0932219912710353,0.0743562154046418,0.0527023124367554,0.0328620919152385,0.0179863033396733,0.00867921010379752,0.00372303389178944,0.00143213046421907,0.000497112152317065,0.000156057034776628,4.42350734311427e-05,1.12748186372753e-05,2.57095735505615e-06,5.21853861093183e-07,9.38724847652825e-08,1.49067140650402e-08,2.08305039102975e-09,2.84044248300578e-10
"10",0.0609428765120363,0.0730206273543389,0.0783839921331474,0.0876451006433537,0.0971736844585007,0.104916077638484,0.108269711613388,0.104624874098985,0.0928139019293608,0.0741991136425428,0.052644671766854,0.0328420997169908,0.017979774524595,0.00867720937599196,0.003722463691052,0.00143198163962673,0.000497077203683339,0.000156049767925813,4.42337524736322e-05,1.12746108044438e-05,2.57092936882669e-06,5.21851126652953e-07,9.38746633129014e-08,1.49153640516108e-08,2.35534336109008e-09
"11",0.0437336002985084,0.0534481407571668,0.0596415500887801,0.0699458702291402,0.0817429988002291,0.09341219381283,0.102732614186009,0.107025389924523,0.103931743451546,0.0924541265902256,0.0740308968212666,0.0525744063650303,0.032815761570323,0.0179708759480988,0.00867450366914358,0.0037217285959862,0.00143180492163019,0.000497039971207338,0.000156042950490566,4.42326756071296e-05,1.12744660103858e-05,2.57091825925976e-06,5.21876594374122e-07,9.39611511828415e-08,1.71502453515588e-08
"12",0.0312150497040923,0.0386914321146541,0.0444057488467033,0.0540002995363873,0.0658434103667739,0.0789073353814823,0.0915522055213529,0.101525381593355,0.106282956870954,0.103521793116522,0.0922553165485225,0.073946002564629,0.0525421457058503,0.0328047681570387,0.0179675156967954,0.00867358791160415,0.00372150805632799,0.00143175841044477,0.000497031450177846,0.000156041604953011,4.42325032177276e-05,1.12745012868779e-05,2.57117122586723e-06,5.22631203583365e-07,1.10034447236687e-07
"13",0.0221399989714634,0.0277499165626498,0.0325241026908744,0.0406169585037772,0.0511693276501577,0.0637701156611758,0.0774403163273818,0.0905338068973578,0.100871176881178,0.105912776033875,0.103339814296183,0.0921769922678795,0.0739160945320711,0.0525319234530982,0.03280163791031,0.0179666617001977,0.00867338211824234,0.0037214646399879,0.00143175045533675,0.000497030201811931,0.00015604152206639,4.42329668194704e-05,1.1276583319327e-05,2.57692460161106e-06,6.2424818650526e-07
"14",0.0156008951865454,0.0197557339919356,0.0235598876374786,0.0299969070735519,0.0386786141268407,0.0496717026399104,0.0626426019040164,0.0766187758830362,0.0899907998624947,0.100559243055427,0.105758182568753,0.103272968091798,0.0921513959575103,0.0739073310597733,0.0525292371579975,0.0328009045950593,0.0179664849288184,0.00867334481797518,0.00372145780910221,0.00143174944764846,0.000497030726889172,0.000156045112991195,4.4247804208827e-05,1.13150409155529e-05,3.14351932481761e-06
"15",0.0108870719658648,0.0139392447861045,0.0169117582440289,0.0218837797418054,0.0286855258500316,0.0376205267791198,0.0488374913583022,0.0620143742636514,0.0761958641846978,0.0897455619992765,0.100437098723943,0.105705218627836,0.103252653290134,0.0921444335691967,0.0739051955364155,0.0525286539849175,0.0328007639882918,0.0179664552578646,0.00867333941710911,0.00372145746802476,0.00143175384325818,0.000497054225076402,0.000156137495427622,4.44737751970579e-05,1.41116244270973e-05
"16",0.00757569730289876,0.00979127112288579,0.0120576670368274,0.015818748695898,0.0209922620356011,0.0279199001755265,0.0369817420190886,0.0483387824090665,0.0616723669305052,0.075995731045449,0.0896454167923621,0.100393561510249,0.10568849404893,0.103246916098483,0.0921426728852925,0.0739047145759252,0.0525285380029086,0.0328007395233938,0.0179664510273055,0.00867334195591452,0.00372148398270576,0.00143188808938682,0.000497558937647888,0.000157308156974708,5.67456387756674e-05
"17",0.00525371495862473,0.00684161454763851,0.00853203353806556,0.0113351060103108,0.0152114324335785,0.0204482081434925,0.0274497581794888,0.0366069347319257,0.0480790616537884,0.0615196225614209,0.0759191031506149,0.0896120562313487,0.100380735481786,0.105684091980225,0.103245564740756,0.0921423036749223,0.0739046255375264,0.0525285193029256,0.0328007376266061,0.0179664684074753,0.008673480136005,0.00372215849165275,0.00143431792814194,0.000502926060678081,0.000205424491004192
"18",0.00360063325919022,0.00472762439268843,0.00597523290224473,0.00804525172403024,0.0109278297633333,0.0148443087653314,0.0201286368670234,0.0271936998974074,0.0364290069272005,0.0479742682603173,0.061467008675189,0.075896186606741,0.0896032430284513,0.1003777101135,0.105683163138797,0.103245310953316,0.0921422425070745,0.0739046132317576,0.0525285253578466,0.0328008251642951,0.0179671048377155,0.00867647751582726,0.0037325201620993,0.00145619647050926,0.000672379478115869
"19",0.00242332242283877,0.00321606126180236,0.00413237527556981,0.00565021278698845,0.00777871221059179,0.0106893779210446,0.0146372776560151,0.0199628032614346,0.0270784341023294,0.0363610986318822,0.0479401656550706,0.0614521525699078,0.0758904726428474,0.0896012814082205,0.100377107835456,0.105682998616625,0.103245271686413,0.0921422383010862,0.0739046551455068,0.0525289172952558,0.0328034528074224,0.0179789821390034,0.00871587211703114,0.00381224612310878,0.00199451012655018
"20",0.0015944457929456,0.00214546172284032,0.00281459660963957,0.00392039523631684,0.00548068507578883,0.00762871212305098,0.0105597826772044,0.0145336282964556,0.0198907782710539,0.0270359981754579,0.0363397855346666,0.0479308801414037,0.0614485809040737,0.0758892464172986,0.0896009049572111,0.100377005472215,0.105682977796254,0.103245295771225,0.0921424614352537,0.073906305836517,0.0525388417297351,0.0328459226160189,0.0181135440187421,0.00897687672481965,0.00535688666381325
"21",0.00102075655889177,0.00139710490134729,0.00188031314289725,0.00267963398654494,0.00381598338549318,0.00539005908582411,0.0075512798129931,0.0104981556106142,0.0144908817605438,0.0198656088546211,0.027023359980437,0.0363342799196361,0.0479287624956357,0.0614478539303315,0.0758890236424983,0.0896008478924315,0.100377019236662,0.10568315562904,0.103246400553704,0.0921490715027949,0.0739410583522337,0.0526772255487663,0.0332613264069253,0.0188832333779488,0.0129676044311862
"22",0.000635236228780043,0.000886180370886075,0.00122767734340906,0.0017971086540738,0.0026172015252712,0.00376271799356405,0.00534500316319725,0.00751557994307475,0.0104734339998024,0.0144763346083951,0.0198583071335725,0.0270201813086535,0.0363330597985225,0.0479283462159323,0.0614477302208241,0.075889010916586,0.0896009827705453,0.100377855332525,0.105687691142724,0.103269922569971,0.092259188080177,0.0743488623317842,0.0538339257462547,0.0353033166859245,0.028105145915552
"23",0.000383223602814181,0.000545907369915577,0.000780598128498245,0.00117766110969549,0.00176103276210513,0.00258729333566052,0.00373790947691471,0.00532554660166388,0.00750218249618871,0.0104656035550489,0.0144724763282904,0.0198567336311059,0.0270197143257099,0.0363330521703596,0.0479285112092541,0.0614480538717757,0.0758899138929616,0.0896044211695474,0.100392964812421,0.105757386926385,0.103571603429318,0.0933199943315645,0.0772206491092759,0.0586806996333411,0.0542368667201867
"24",0.000223751037592493,0.000326064648764198,0.000482282293846848,0.000751663061171348,0.0011578522053208,0.00174541755048533,0.00257503710490213,0.00372900289391583,0.00532040377498083,0.00750077901307747,0.0104674868891799,0.0144771495844104,0.0198637563709969,0.027028712485962,0.0363442133277617,0.0479436161613722,0.0614713790092106,0.0759298833763872,0.0896856461422135,0.100617303835434,0.106526322691769,0.106034223179797,0.099620855294303,0.0873470168597124,0.0928301812074354
"25",0.000128907974732267,0.000192323833561622,0.000294442031925324,0.000474485625578768,0.000754197073502472,0.00116991469099365,0.00176920489370374,0.00261396096611858,0.00378796514188929,0.0054061090150553,0.00762219944287099,0.0106354997252791,0.0147037644952666,0.0201638090066498,0.027425923694425,0.0368767698319038,0.0486580462626648,0.0624039406462617,0.0771109459456883,0.0912509250971896,0.103203119468159,0.111990172432802,0.117619935177548,0.116243229730365,0.137500207795867
